QGC WPL 110
0	0	0	16	0.000000	0.000000	0.000000	0.000000	30.57825206000000	-96.35035065000000	200.00000000000000	1
1	0	3	16	0.000000	0.000000	0.000000	0.000000	30.57831025000000	-96.35151664999999	200.00000000000000	1
2	0	3	16	0.000000	0.000000	0.000000	0.000000	30.57811391000000	-96.35057050000000	200.00000000000000	1
3	0	3	16	0.000000	0.000000	0.000000	0.000000	30.57824825238095	-96.35041664285714	200.00000000000000	1
4	0	3	16	0.000000	0.000000	0.000000	0.000000	30.57829812952381	-96.35141607142856	200.00000000000000	1
5	0	3	16	0.000000	0.000000	0.000000	0.000000	30.57812983809524	-96.35060508571429	200.00000000000000	1
6	0	3	16	0.000000	0.000000	0.000000	0.000000	30.57824444476190	-96.35048263571429	200.00000000000000	1
7	0	3	16	0.000000	0.000000	0.000000	0.000000	30.57828600904762	-96.35131549285713	200.00000000000000	1
8	0	3	16	0.000000	0.000000	0.000000	0.000000	30.57814576619047	-96.35063967142858	200.00000000000000	1
9	0	3	16	0.000000	0.000000	0.000000	0.000000	30.57824063714286	-96.35054862857143	200.00000000000000	1
10	0	3	16	0.000000	0.000000	0.000000	0.000000	30.57827388857142	-96.35121491428569	200.00000000000000	1
11	0	3	16	0.000000	0.000000	0.000000	0.000000	30.57816169428571	-96.35067425714287	200.00000000000000	1
12	0	3	16	0.000000	0.000000	0.000000	0.000000	30.57823682952381	-96.35061462142858	200.00000000000000	1
13	0	3	16	0.000000	0.000000	0.000000	0.000000	30.57826176809523	-96.35111433571426	200.00000000000000	1
14	0	3	16	0.000000	0.000000	0.000000	0.000000	30.57817762238095	-96.35070884285716	200.00000000000000	1
15	0	3	16	0.000000	0.000000	0.000000	0.000000	30.57823302190476	-96.35068061428572	200.00000000000000	1
16	0	3	16	0.000000	0.000000	0.000000	0.000000	30.57824964761904	-96.35101375714282	200.00000000000000	1
17	0	3	16	0.000000	0.000000	0.000000	0.000000	30.57819355047619	-96.35074342857145	200.00000000000000	1
18	0	3	16	0.000000	0.000000	0.000000	0.000000	30.57822921428571	-96.35074660714287	200.00000000000000	1
19	0	3	16	0.000000	0.000000	0.000000	0.000000	30.57823752714285	-96.35091317857139	200.00000000000000	1
20	0	3	16	0.000000	0.000000	0.000000	0.000000	30.57820947857142	-96.35077801428574	200.00000000000000	1
21	0	3	16	0.000000	0.000000	0.000000	0.000000	30.57822540666666	-96.35081260000001	200.00000000000000	1
22	0	3	16	0.000000	0.000000	0.000000	0.000000	30.57811391000000	-96.35057050000000	200.00000000000000	1
23	0	3	16	0.000000	0.000000	0.000000	0.000000	30.57731916000000	-96.35148737000000	200.00000000000000	1
24	0	3	16	0.000000	0.000000	0.000000	0.000000	30.57707269000000	-96.35013984000000	200.00000000000000	1
25	0	3	16	0.000000	0.000000	0.000000	0.000000	30.57825206000000	-96.35035065000000	200.00000000000000	1
26	0	3	16	0.000000	0.000000	0.000000	0.000000	30.57805327357143	-96.35058001285715	200.00000000000000	1
27	0	3	16	0.000000	0.000000	0.000000	0.000000	30.57737205928571	-96.35136590142857	200.00000000000000	1
28	0	3	16	0.000000	0.000000	0.000000	0.000000	30.57716079928571	-96.35021087571428	200.00000000000000	1
29	0	3	16	0.000000	0.000000	0.000000	0.000000	30.57817168785714	-96.35039157000000	200.00000000000000	1
30	0	3	16	0.000000	0.000000	0.000000	0.000000	30.57799263714286	-96.35058952571430	200.00000000000000	1
31	0	3	16	0.000000	0.000000	0.000000	0.000000	30.57742495857142	-96.35124443285713	200.00000000000000	1
32	0	3	16	0.000000	0.000000	0.000000	0.000000	30.57724890857143	-96.35028191142857	200.00000000000000	1
33	0	3	16	0.000000	0.000000	0.000000	0.000000	30.57809131571429	-96.35043249000000	200.00000000000000	1
34	0	3	16	0.000000	0.000000	0.000000	0.000000	30.57793200071428	-96.35059903857145	200.00000000000000	1
35	0	3	16	0.000000	0.000000	0.000000	0.000000	30.57747785785714	-96.35112296428569	200.00000000000000	1
36	0	3	16	0.000000	0.000000	0.000000	0.000000	30.57733701785714	-96.35035294714285	200.00000000000000	1
37	0	3	16	0.000000	0.000000	0.000000	0.000000	30.57801094357143	-96.35047341000001	200.00000000000000	1
38	0	3	16	0.000000	0.000000	0.000000	0.000000	30.57787136428571	-96.35060855142859	200.00000000000000	1
39	0	3	16	0.000000	0.000000	0.000000	0.000000	30.57753075714285	-96.35100149571426	200.00000000000000	1
40	0	3	16	0.000000	0.000000	0.000000	0.000000	30.57742512714285	-96.35042398285714	200.00000000000000	1
41	0	3	16	0.000000	0.000000	0.000000	0.000000	30.57793057142857	-96.35051433000001	200.00000000000000	1
42	0	3	16	0.000000	0.000000	0.000000	0.000000	30.57781072785714	-96.35061806428574	200.00000000000000	1
43	0	3	16	0.000000	0.000000	0.000000	0.000000	30.57758365642856	-96.35088002714282	200.00000000000000	1
44	0	3	16	0.000000	0.000000	0.000000	0.000000	30.57751323642857	-96.35049501857142	200.00000000000000	1
45	0	3	16	0.000000	0.000000	0.000000	0.000000	30.57785019928571	-96.35055525000001	200.00000000000000	1
46	0	3	16	0.000000	0.000000	0.000000	0.000000	30.57775009142857	-96.35062757714289	200.00000000000000	1
47	0	3	16	0.000000	0.000000	0.000000	0.000000	30.57763655571427	-96.35075855857139	200.00000000000000	1
48	0	3	16	0.000000	0.000000	0.000000	0.000000	30.57760134571428	-96.35056605428571	200.00000000000000	1
49	0	3	16	0.000000	0.000000	0.000000	0.000000	30.57776982714286	-96.35059617000002	200.00000000000000	1
50	0	3	16	0.000000	0.000000	0.000000	0.000000	30.57768945500000	-96.35063709000003	200.00000000000000	1
