QGC WPL 110
0	0	0	16	0.000000	0.000000	0.000000	0.000000	30.57817561000000	-96.35039135000000	200.00000000000000	1
1	0	3	16	0.000000	0.000000	0.000000	0.000000	30.57815070000000	-96.35188902000000	200.00000000000000	1
2	0	3	16	0.000000	0.000000	0.000000	0.000000	30.57703977000000	-96.35077731000000	200.00000000000000	1
3	0	3	16	0.000000	0.000000	0.000000	0.000000	30.57812033619048	-96.35048104666666	200.00000000000000	1
4	0	3	16	0.000000	0.000000	0.000000	0.000000	30.57809898476190	-96.35176476380953	200.00000000000000	1
5	0	3	16	0.000000	0.000000	0.000000	0.000000	30.57714675904762	-96.35081186952381	200.00000000000000	1
6	0	3	16	0.000000	0.000000	0.000000	0.000000	30.57806506238095	-96.35057074333332	200.00000000000000	1
7	0	3	16	0.000000	0.000000	0.000000	0.000000	30.57804726952381	-96.35164050761905	200.00000000000000	1
8	0	3	16	0.000000	0.000000	0.000000	0.000000	30.57725374809524	-96.35084642904762	200.00000000000000	1
9	0	3	16	0.000000	0.000000	0.000000	0.000000	30.57800978857143	-96.35066043999998	200.00000000000000	1
10	0	3	16	0.000000	0.000000	0.000000	0.000000	30.57799555428572	-96.35151625142858	200.00000000000000	1
11	0	3	16	0.000000	0.000000	0.000000	0.000000	30.57736073714286	-96.35088098857143	200.00000000000000	1
12	0	3	16	0.000000	0.000000	0.000000	0.000000	30.57795451476191	-96.35075013666665	200.00000000000000	1
13	0	3	16	0.000000	0.000000	0.000000	0.000000	30.57794383904762	-96.35139199523810	200.00000000000000	1
14	0	3	16	0.000000	0.000000	0.000000	0.000000	30.57746772619048	-96.35091554809524	200.00000000000000	1
15	0	3	16	0.000000	0.000000	0.000000	0.000000	30.57789924095239	-96.35083983333331	200.00000000000000	1
16	0	3	16	0.000000	0.000000	0.000000	0.000000	30.57789212380953	-96.35126773904763	200.00000000000000	1
17	0	3	16	0.000000	0.000000	0.000000	0.000000	30.57757471523810	-96.35095010761906	200.00000000000000	1
18	0	3	16	0.000000	0.000000	0.000000	0.000000	30.57784396714287	-96.35092952999997	200.00000000000000	1
19	0	3	16	0.000000	0.000000	0.000000	0.000000	30.57784040857144	-96.35114348285715	200.00000000000000	1
20	0	3	16	0.000000	0.000000	0.000000	0.000000	30.57768170428572	-96.35098466714287	200.00000000000000	1
21	0	3	16	0.000000	0.000000	0.000000	0.000000	30.57778869333334	-96.35101922666664	200.00000000000000	1
22	0	3	16	0.000000	0.000000	0.000000	0.000000	30.57817561000000	-96.35039135000000	200.00000000000000	1
23	0	3	16	0.000000	0.000000	0.000000	0.000000	30.57703977000000	-96.35077731000000	200.00000000000000	1
24	0	3	16	0.000000	0.000000	0.000000	0.000000	30.57831763000000	-96.35031480000001	200.00000000000000	1
25	0	3	16	0.000000	0.000000	0.000000	0.000000	30.57812828523809	-96.35040608380952	200.00000000000000	1
26	0	3	16	0.000000	0.000000	0.000000	0.000000	30.57715470809524	-96.35073690666667	200.00000000000000	1
27	0	3	16	0.000000	0.000000	0.000000	0.000000	30.57825001666667	-96.35034046952381	200.00000000000000	1
28	0	3	16	0.000000	0.000000	0.000000	0.000000	30.57808096047619	-96.35042081761904	200.00000000000000	1
29	0	3	16	0.000000	0.000000	0.000000	0.000000	30.57726964619047	-96.35069650333334	200.00000000000000	1
30	0	3	16	0.000000	0.000000	0.000000	0.000000	30.57818240333334	-96.35036613904762	200.00000000000000	1
31	0	3	16	0.000000	0.000000	0.000000	0.000000	30.57803363571428	-96.35043555142856	200.00000000000000	1
32	0	3	16	0.000000	0.000000	0.000000	0.000000	30.57738458428571	-96.35065610000001	200.00000000000000	1
33	0	3	16	0.000000	0.000000	0.000000	0.000000	30.57811479000000	-96.35039180857143	200.00000000000000	1
34	0	3	16	0.000000	0.000000	0.000000	0.000000	30.57798631095238	-96.35045028523808	200.00000000000000	1
35	0	3	16	0.000000	0.000000	0.000000	0.000000	30.57749952238095	-96.35061569666668	200.00000000000000	1
36	0	3	16	0.000000	0.000000	0.000000	0.000000	30.57804717666667	-96.35041747809524	200.00000000000000	1
37	0	3	16	0.000000	0.000000	0.000000	0.000000	30.57793898619047	-96.35046501904760	200.00000000000000	1
38	0	3	16	0.000000	0.000000	0.000000	0.000000	30.57761446047618	-96.35057529333335	200.00000000000000	1
39	0	3	16	0.000000	0.000000	0.000000	0.000000	30.57797956333334	-96.35044314761905	200.00000000000000	1
40	0	3	16	0.000000	0.000000	0.000000	0.000000	30.57789166142857	-96.35047975285713	200.00000000000000	1
41	0	3	16	0.000000	0.000000	0.000000	0.000000	30.57772939857142	-96.35053489000002	200.00000000000000	1
42	0	3	16	0.000000	0.000000	0.000000	0.000000	30.57791195000001	-96.35046881714285	200.00000000000000	1
43	0	3	16	0.000000	0.000000	0.000000	0.000000	30.57784433666667	-96.35049448666665	200.00000000000000	1
44	0	3	16	0.000000	0.000000	0.000000	0.000000	30.57817561000000	-96.35039135000000	200.00000000000000	1
45	0	3	16	0.000000	0.000000	0.000000	0.000000	30.57831763000000	-96.35031480000001	200.00000000000000	1
46	0	3	16	0.000000	0.000000	0.000000	0.000000	30.57830341000000	-96.35125243000000	200.00000000000000	1
47	0	3	16	0.000000	0.000000	0.000000	0.000000	30.57818845857143	-96.35042870857143	200.00000000000000	1
48	0	3	16	0.000000	0.000000	0.000000	0.000000	30.57831019000000	-96.35036309428573	200.00000000000000	1
49	0	3	16	0.000000	0.000000	0.000000	0.000000	30.57829800142857	-96.35116677714286	200.00000000000000	1
50	0	3	16	0.000000	0.000000	0.000000	0.000000	30.57820130714286	-96.35046606714286	200.00000000000000	1
51	0	3	16	0.000000	0.000000	0.000000	0.000000	30.57830275000000	-96.35041138857144	200.00000000000000	1
52	0	3	16	0.000000	0.000000	0.000000	0.000000	30.57829259285714	-96.35108112428573	200.00000000000000	1
53	0	3	16	0.000000	0.000000	0.000000	0.000000	30.57821415571429	-96.35050342571429	200.00000000000000	1
54	0	3	16	0.000000	0.000000	0.000000	0.000000	30.57829531000000	-96.35045968285716	200.00000000000000	1
55	0	3	16	0.000000	0.000000	0.000000	0.000000	30.57828718428571	-96.35099547142859	200.00000000000000	1
56	0	3	16	0.000000	0.000000	0.000000	0.000000	30.57822700428572	-96.35054078428573	200.00000000000000	1
57	0	3	16	0.000000	0.000000	0.000000	0.000000	30.57828787000000	-96.35050797714288	200.00000000000000	1
58	0	3	16	0.000000	0.000000	0.000000	0.000000	30.57828177571428	-96.35090981857145	200.00000000000000	1
59	0	3	16	0.000000	0.000000	0.000000	0.000000	30.57823985285715	-96.35057814285716	200.00000000000000	1
60	0	3	16	0.000000	0.000000	0.000000	0.000000	30.57828043000000	-96.35055627142860	200.00000000000000	1
61	0	3	16	0.000000	0.000000	0.000000	0.000000	30.57827636714286	-96.35082416571431	200.00000000000000	1
62	0	3	16	0.000000	0.000000	0.000000	0.000000	30.57825270142858	-96.35061550142859	200.00000000000000	1
63	0	3	16	0.000000	0.000000	0.000000	0.000000	30.57827298999999	-96.35060456571432	200.00000000000000	1
64	0	3	16	0.000000	0.000000	0.000000	0.000000	30.57827095857143	-96.35073851285718	200.00000000000000	1
65	0	3	16	0.000000	0.000000	0.000000	0.000000	30.57826555000001	-96.35065286000003	200.00000000000000	1
