QGC WPL 110
0	0	0	16	0.000000	0.000000	0.000000	0.000000	30.57669538000000	-96.35077936000000	200.00000000000000	1
1	0	3	16	0.000000	0.000000	0.000000	0.000000	30.57729900000000	-96.35048096000000	200.00000000000000	1
2	0	3	16	0.000000	0.000000	0.000000	0.000000	30.57768756000000	-96.35087136000000	200.00000000000000	1
3	0	3	16	0.000000	0.000000	0.000000	0.000000	30.57735440000000	-96.35164894000000	200.00000000000000	1
4	0	3	16	0.000000	0.000000	0.000000	0.000000	30.57677590928571	-96.35080304500001	200.00000000000000	1
5	0	3	16	0.000000	0.000000	0.000000	0.000000	30.57729329785714	-96.35054727357142	200.00000000000000	1
6	0	3	16	0.000000	0.000000	0.000000	0.000000	30.57762634928572	-96.35088190214286	200.00000000000000	1
7	0	3	16	0.000000	0.000000	0.000000	0.000000	30.57734078357143	-96.35154839928572	200.00000000000000	1
8	0	3	16	0.000000	0.000000	0.000000	0.000000	30.57685643857143	-96.35082673000001	200.00000000000000	1
9	0	3	16	0.000000	0.000000	0.000000	0.000000	30.57728759571429	-96.35061358714285	200.00000000000000	1
10	0	3	16	0.000000	0.000000	0.000000	0.000000	30.57756513857143	-96.35089244428572	200.00000000000000	1
11	0	3	16	0.000000	0.000000	0.000000	0.000000	30.57732716714286	-96.35144785857143	200.00000000000000	1
12	0	3	16	0.000000	0.000000	0.000000	0.000000	30.57693696785714	-96.35085041500001	200.00000000000000	1
13	0	3	16	0.000000	0.000000	0.000000	0.000000	30.57728189357143	-96.35067990071427	200.00000000000000	1
14	0	3	16	0.000000	0.000000	0.000000	0.000000	30.57750392785714	-96.35090298642858	200.00000000000000	1
15	0	3	16	0.000000	0.000000	0.000000	0.000000	30.57731355071429	-96.35134731785715	200.00000000000000	1
16	0	3	16	0.000000	0.000000	0.000000	0.000000	30.57701749714286	-96.35087410000001	200.00000000000000	1
17	0	3	16	0.000000	0.000000	0.000000	0.000000	30.57727619142857	-96.35074621428569	200.00000000000000	1
18	0	3	16	0.000000	0.000000	0.000000	0.000000	30.57744271714286	-96.35091352857144	200.00000000000000	1
19	0	3	16	0.000000	0.000000	0.000000	0.000000	30.57729993428572	-96.35124677714286	200.00000000000000	1
20	0	3	16	0.000000	0.000000	0.000000	0.000000	30.57709802642857	-96.35089778500002	200.00000000000000	1
21	0	3	16	0.000000	0.000000	0.000000	0.000000	30.57727048928571	-96.35081252785712	200.00000000000000	1
22	0	3	16	0.000000	0.000000	0.000000	0.000000	30.57738150642857	-96.35092407071430	200.00000000000000	1
23	0	3	16	0.000000	0.000000	0.000000	0.000000	30.57728631785714	-96.35114623642858	200.00000000000000	1
24	0	3	16	0.000000	0.000000	0.000000	0.000000	30.57717855571429	-96.35092147000002	200.00000000000000	1
25	0	3	16	0.000000	0.000000	0.000000	0.000000	30.57726478714286	-96.35087884142854	200.00000000000000	1
26	0	3	16	0.000000	0.000000	0.000000	0.000000	30.57732029571429	-96.35093461285716	200.00000000000000	1
27	0	3	16	0.000000	0.000000	0.000000	0.000000	30.57727270142857	-96.35104569571429	200.00000000000000	1
28	0	3	16	0.000000	0.000000	0.000000	0.000000	30.57725908500000	-96.35094515500002	200.00000000000000	1
29	0	3	16	0.000000	0.000000	0.000000	0.000000	30.57729900000000	-96.35048096000000	200.00000000000000	1
30	0	3	16	0.000000	0.000000	0.000000	0.000000	30.57669538000000	-96.35077936000000	200.00000000000000	1
31	0	3	16	0.000000	0.000000	0.000000	0.000000	30.57748773000000	-96.35015831000000	200.00000000000000	1
32	0	3	16	0.000000	0.000000	0.000000	0.000000	30.57727924333333	-96.35047980523809	200.00000000000000	1
33	0	3	16	0.000000	0.000000	0.000000	0.000000	30.57676185476191	-96.35073557666666	200.00000000000000	1
34	0	3	16	0.000000	0.000000	0.000000	0.000000	30.57744101190476	-96.35020324809524	200.00000000000000	1
35	0	3	16	0.000000	0.000000	0.000000	0.000000	30.57725948666667	-96.35047865047619	200.00000000000000	1
36	0	3	16	0.000000	0.000000	0.000000	0.000000	30.57682832952381	-96.35069179333333	200.00000000000000	1
37	0	3	16	0.000000	0.000000	0.000000	0.000000	30.57739429380953	-96.35024818619048	200.00000000000000	1
38	0	3	16	0.000000	0.000000	0.000000	0.000000	30.57723973000000	-96.35047749571429	200.00000000000000	1
39	0	3	16	0.000000	0.000000	0.000000	0.000000	30.57689480428571	-96.35064800999999	200.00000000000000	1
40	0	3	16	0.000000	0.000000	0.000000	0.000000	30.57734757571429	-96.35029312428573	200.00000000000000	1
41	0	3	16	0.000000	0.000000	0.000000	0.000000	30.57721997333333	-96.35047634095238	200.00000000000000	1
42	0	3	16	0.000000	0.000000	0.000000	0.000000	30.57696127904762	-96.35060422666665	200.00000000000000	1
43	0	3	16	0.000000	0.000000	0.000000	0.000000	30.57730085761905	-96.35033806238097	200.00000000000000	1
44	0	3	16	0.000000	0.000000	0.000000	0.000000	30.57720021666666	-96.35047518619048	200.00000000000000	1
45	0	3	16	0.000000	0.000000	0.000000	0.000000	30.57702775380952	-96.35056044333331	200.00000000000000	1
46	0	3	16	0.000000	0.000000	0.000000	0.000000	30.57725413952381	-96.35038300047621	200.00000000000000	1
47	0	3	16	0.000000	0.000000	0.000000	0.000000	30.57718046000000	-96.35047403142858	200.00000000000000	1
48	0	3	16	0.000000	0.000000	0.000000	0.000000	30.57709422857143	-96.35051665999997	200.00000000000000	1
49	0	3	16	0.000000	0.000000	0.000000	0.000000	30.57720742142858	-96.35042793857146	200.00000000000000	1
50	0	3	16	0.000000	0.000000	0.000000	0.000000	30.57716070333333	-96.35047287666667	200.00000000000000	1
