QGC WPL 110
0	0	0	16	0.000000	0.000000	0.000000	0.000000	30.57722002000000	-96.35108208000000	200.00000000000000	1
1	0	3	16	0.000000	0.000000	0.000000	0.000000	30.57689957000000	-96.35180063999999	200.00000000000000	1
2	0	3	16	0.000000	0.000000	0.000000	0.000000	30.57735231000000	-96.35065878000000	200.00000000000000	1
3	0	3	16	0.000000	0.000000	0.000000	0.000000	30.57721106000000	-96.35109614000000	200.00000000000000	1
4	0	3	16	0.000000	0.000000	0.000000	0.000000	30.57693638857143	-96.35171204857143	200.00000000000000	1
5	0	3	16	0.000000	0.000000	0.000000	0.000000	30.57732445142857	-96.35073331142857	200.00000000000000	1
6	0	3	16	0.000000	0.000000	0.000000	0.000000	30.57720210000000	-96.35111019999999	200.00000000000000	1
7	0	3	16	0.000000	0.000000	0.000000	0.000000	30.57697320714285	-96.35162345714286	200.00000000000000	1
8	0	3	16	0.000000	0.000000	0.000000	0.000000	30.57729659285714	-96.35080784285714	200.00000000000000	1
9	0	3	16	0.000000	0.000000	0.000000	0.000000	30.57719314000000	-96.35112425999999	200.00000000000000	1
10	0	3	16	0.000000	0.000000	0.000000	0.000000	30.57701002571428	-96.35153486571430	200.00000000000000	1
11	0	3	16	0.000000	0.000000	0.000000	0.000000	30.57726873428571	-96.35088237428570	200.00000000000000	1
12	0	3	16	0.000000	0.000000	0.000000	0.000000	30.57718418000000	-96.35113831999999	200.00000000000000	1
13	0	3	16	0.000000	0.000000	0.000000	0.000000	30.57704684428571	-96.35144627428573	200.00000000000000	1
14	0	3	16	0.000000	0.000000	0.000000	0.000000	30.57724087571428	-96.35095690571427	200.00000000000000	1
15	0	3	16	0.000000	0.000000	0.000000	0.000000	30.57717522000000	-96.35115237999999	200.00000000000000	1
16	0	3	16	0.000000	0.000000	0.000000	0.000000	30.57708366285713	-96.35135768285717	200.00000000000000	1
17	0	3	16	0.000000	0.000000	0.000000	0.000000	30.57721301714286	-96.35103143714284	200.00000000000000	1
18	0	3	16	0.000000	0.000000	0.000000	0.000000	30.57716626000001	-96.35116643999999	200.00000000000000	1
19	0	3	16	0.000000	0.000000	0.000000	0.000000	30.57712048142856	-96.35126909142861	200.00000000000000	1
20	0	3	16	0.000000	0.000000	0.000000	0.000000	30.57718515857143	-96.35110596857140	200.00000000000000	1
21	0	3	16	0.000000	0.000000	0.000000	0.000000	30.57715730000001	-96.35118049999998	200.00000000000000	1
22	0	3	16	0.000000	0.000000	0.000000	0.000000	30.57722002000000	-96.35108208000000	200.00000000000000	1
23	0	3	16	0.000000	0.000000	0.000000	0.000000	30.57735231000000	-96.35065878000000	200.00000000000000	1
24	0	3	16	0.000000	0.000000	0.000000	0.000000	30.57781025000000	-96.35169959000000	200.00000000000000	1
25	0	3	16	0.000000	0.000000	0.000000	0.000000	30.57725871000000	-96.35157296000000	200.00000000000000	1
26	0	3	16	0.000000	0.000000	0.000000	0.000000	30.57724720607143	-96.35110654750000	200.00000000000000	1
27	0	3	16	0.000000	0.000000	0.000000	0.000000	30.57736059750000	-96.35074371892857	200.00000000000000	1
28	0	3	16	0.000000	0.000000	0.000000	0.000000	30.57775311750000	-96.35163584178571	200.00000000000000	1
29	0	3	16	0.000000	0.000000	0.000000	0.000000	30.57728036892857	-96.35152730178571	200.00000000000000	1
30	0	3	16	0.000000	0.000000	0.000000	0.000000	30.57727439214285	-96.35113101499999	200.00000000000000	1
31	0	3	16	0.000000	0.000000	0.000000	0.000000	30.57736888499999	-96.35082865785714	200.00000000000000	1
32	0	3	16	0.000000	0.000000	0.000000	0.000000	30.57769598500000	-96.35157209357142	200.00000000000000	1
33	0	3	16	0.000000	0.000000	0.000000	0.000000	30.57730202785714	-96.35148164357142	200.00000000000000	1
34	0	3	16	0.000000	0.000000	0.000000	0.000000	30.57730157821428	-96.35115548249999	200.00000000000000	1
35	0	3	16	0.000000	0.000000	0.000000	0.000000	30.57737717249999	-96.35091359678570	200.00000000000000	1
36	0	3	16	0.000000	0.000000	0.000000	0.000000	30.57763885250000	-96.35150834535713	200.00000000000000	1
37	0	3	16	0.000000	0.000000	0.000000	0.000000	30.57732368678571	-96.35143598535713	200.00000000000000	1
38	0	3	16	0.000000	0.000000	0.000000	0.000000	30.57732876428571	-96.35117994999999	200.00000000000000	1
39	0	3	16	0.000000	0.000000	0.000000	0.000000	30.57738545999999	-96.35099853571427	200.00000000000000	1
40	0	3	16	0.000000	0.000000	0.000000	0.000000	30.57758172000000	-96.35144459714284	200.00000000000000	1
41	0	3	16	0.000000	0.000000	0.000000	0.000000	30.57734534571428	-96.35139032714284	200.00000000000000	1
42	0	3	16	0.000000	0.000000	0.000000	0.000000	30.57735595035714	-96.35120441749999	200.00000000000000	1
43	0	3	16	0.000000	0.000000	0.000000	0.000000	30.57739374749999	-96.35108347464283	200.00000000000000	1
44	0	3	16	0.000000	0.000000	0.000000	0.000000	30.57752458750000	-96.35138084892856	200.00000000000000	1
45	0	3	16	0.000000	0.000000	0.000000	0.000000	30.57736700464285	-96.35134466892855	200.00000000000000	1
46	0	3	16	0.000000	0.000000	0.000000	0.000000	30.57738313642857	-96.35122888499998	200.00000000000000	1
47	0	3	16	0.000000	0.000000	0.000000	0.000000	30.57740203499999	-96.35116841357140	200.00000000000000	1
48	0	3	16	0.000000	0.000000	0.000000	0.000000	30.57746745500000	-96.35131710071427	200.00000000000000	1
49	0	3	16	0.000000	0.000000	0.000000	0.000000	30.57738866357142	-96.35129901071426	200.00000000000000	1
50	0	3	16	0.000000	0.000000	0.000000	0.000000	30.57741032249999	-96.35125335249998	200.00000000000000	1
