QGC WPL 110
0	0	0	16	0.000000	0.000000	0.000000	0.000000	30.57817892000000	-96.35135484000000	200.00000000000000	1
1	0	3	16	0.000000	0.000000	0.000000	0.000000	30.57721114000000	-96.35177407000000	200.00000000000000	1
2	0	3	16	0.000000	0.000000	0.000000	0.000000	30.57677132000000	-96.35032336000000	200.00000000000000	1
3	0	3	16	0.000000	0.000000	0.000000	0.000000	30.57806580666666	-96.35132568523809	200.00000000000000	1
4	0	3	16	0.000000	0.000000	0.000000	0.000000	30.57723628095238	-96.35168502523810	200.00000000000000	1
5	0	3	16	0.000000	0.000000	0.000000	0.000000	30.57685929238095	-96.35044155952382	200.00000000000000	1
6	0	3	16	0.000000	0.000000	0.000000	0.000000	30.57795269333333	-96.35129653047619	200.00000000000000	1
7	0	3	16	0.000000	0.000000	0.000000	0.000000	30.57726142190476	-96.35159598047619	200.00000000000000	1
8	0	3	16	0.000000	0.000000	0.000000	0.000000	30.57694726476191	-96.35055975904763	200.00000000000000	1
9	0	3	16	0.000000	0.000000	0.000000	0.000000	30.57783958000000	-96.35126737571429	200.00000000000000	1
10	0	3	16	0.000000	0.000000	0.000000	0.000000	30.57728656285714	-96.35150693571428	200.00000000000000	1
11	0	3	16	0.000000	0.000000	0.000000	0.000000	30.57703523714286	-96.35067795857144	200.00000000000000	1
12	0	3	16	0.000000	0.000000	0.000000	0.000000	30.57772646666666	-96.35123822095238	200.00000000000000	1
13	0	3	16	0.000000	0.000000	0.000000	0.000000	30.57731170380952	-96.35141789095238	200.00000000000000	1
14	0	3	16	0.000000	0.000000	0.000000	0.000000	30.57712320952381	-96.35079615809525	200.00000000000000	1
15	0	3	16	0.000000	0.000000	0.000000	0.000000	30.57761335333333	-96.35120906619048	200.00000000000000	1
16	0	3	16	0.000000	0.000000	0.000000	0.000000	30.57733684476191	-96.35132884619047	200.00000000000000	1
17	0	3	16	0.000000	0.000000	0.000000	0.000000	30.57721118190477	-96.35091435761906	200.00000000000000	1
18	0	3	16	0.000000	0.000000	0.000000	0.000000	30.57750023999999	-96.35117991142857	200.00000000000000	1
19	0	3	16	0.000000	0.000000	0.000000	0.000000	30.57736198571429	-96.35123980142856	200.00000000000000	1
20	0	3	16	0.000000	0.000000	0.000000	0.000000	30.57729915428572	-96.35103255714287	200.00000000000000	1
21	0	3	16	0.000000	0.000000	0.000000	0.000000	30.57738712666666	-96.35115075666667	200.00000000000000	1
22	0	3	16	0.000000	0.000000	0.000000	0.000000	30.57817892000000	-96.35135484000000	200.00000000000000	1
23	0	3	16	0.000000	0.000000	0.000000	0.000000	30.57677132000000	-96.35032336000000	200.00000000000000	1
24	0	3	16	0.000000	0.000000	0.000000	0.000000	30.57656868000000	-96.35016211999999	200.00000000000000	1
25	0	3	16	0.000000	0.000000	0.000000	0.000000	30.57803521333333	-96.35124892571429	200.00000000000000	1
26	0	3	16	0.000000	0.000000	0.000000	0.000000	30.57682869904762	-96.35036480000001	200.00000000000000	1
27	0	3	16	0.000000	0.000000	0.000000	0.000000	30.57665500761905	-96.35022659428572	200.00000000000000	1
28	0	3	16	0.000000	0.000000	0.000000	0.000000	30.57789150666667	-96.35114301142858	200.00000000000000	1
29	0	3	16	0.000000	0.000000	0.000000	0.000000	30.57688607809524	-96.35040624000001	200.00000000000000	1
30	0	3	16	0.000000	0.000000	0.000000	0.000000	30.57674133523810	-96.35029106857144	200.00000000000000	1
31	0	3	16	0.000000	0.000000	0.000000	0.000000	30.57774780000000	-96.35103709714286	200.00000000000000	1
32	0	3	16	0.000000	0.000000	0.000000	0.000000	30.57694345714285	-96.35044768000002	200.00000000000000	1
33	0	3	16	0.000000	0.000000	0.000000	0.000000	30.57682766285714	-96.35035554285716	200.00000000000000	1
34	0	3	16	0.000000	0.000000	0.000000	0.000000	30.57760409333333	-96.35093118285715	200.00000000000000	1
35	0	3	16	0.000000	0.000000	0.000000	0.000000	30.57700083619047	-96.35048912000002	200.00000000000000	1
36	0	3	16	0.000000	0.000000	0.000000	0.000000	30.57691399047619	-96.35042001714288	200.00000000000000	1
37	0	3	16	0.000000	0.000000	0.000000	0.000000	30.57746038666667	-96.35082526857144	200.00000000000000	1
38	0	3	16	0.000000	0.000000	0.000000	0.000000	30.57705821523809	-96.35053056000002	200.00000000000000	1
39	0	3	16	0.000000	0.000000	0.000000	0.000000	30.57700031809524	-96.35048449142860	200.00000000000000	1
40	0	3	16	0.000000	0.000000	0.000000	0.000000	30.57731668000000	-96.35071935428573	200.00000000000000	1
41	0	3	16	0.000000	0.000000	0.000000	0.000000	30.57711559428571	-96.35057200000003	200.00000000000000	1
42	0	3	16	0.000000	0.000000	0.000000	0.000000	30.57708664571429	-96.35054896571432	200.00000000000000	1
43	0	3	16	0.000000	0.000000	0.000000	0.000000	30.57717297333334	-96.35061344000002	200.00000000000000	1
44	0	3	16	0.000000	0.000000	0.000000	0.000000	30.57677132000000	-96.35032336000000	200.00000000000000	1
45	0	3	16	0.000000	0.000000	0.000000	0.000000	30.57689972000000	-96.35149982999999	200.00000000000000	1
46	0	3	16	0.000000	0.000000	0.000000	0.000000	30.57656868000000	-96.35016211999999	200.00000000000000	1
47	0	3	16	0.000000	0.000000	0.000000	0.000000	30.57676778476191	-96.35037170428572	200.00000000000000	1
48	0	3	16	0.000000	0.000000	0.000000	0.000000	30.57687784190476	-96.35138010714284	200.00000000000000	1
49	0	3	16	0.000000	0.000000	0.000000	0.000000	30.57659409333333	-96.35023349857143	200.00000000000000	1
50	0	3	16	0.000000	0.000000	0.000000	0.000000	30.57676424952381	-96.35042004857144	200.00000000000000	1
51	0	3	16	0.000000	0.000000	0.000000	0.000000	30.57685596380952	-96.35126038428569	200.00000000000000	1
52	0	3	16	0.000000	0.000000	0.000000	0.000000	30.57661950666667	-96.35030487714286	200.00000000000000	1
53	0	3	16	0.000000	0.000000	0.000000	0.000000	30.57676071428572	-96.35046839285715	200.00000000000000	1
54	0	3	16	0.000000	0.000000	0.000000	0.000000	30.57683408571428	-96.35114066142854	200.00000000000000	1
55	0	3	16	0.000000	0.000000	0.000000	0.000000	30.57664492000000	-96.35037625571429	200.00000000000000	1
56	0	3	16	0.000000	0.000000	0.000000	0.000000	30.57675717904763	-96.35051673714287	200.00000000000000	1
57	0	3	16	0.000000	0.000000	0.000000	0.000000	30.57681220761904	-96.35102093857139	200.00000000000000	1
58	0	3	16	0.000000	0.000000	0.000000	0.000000	30.57667033333333	-96.35044763428573	200.00000000000000	1
59	0	3	16	0.000000	0.000000	0.000000	0.000000	30.57675364380953	-96.35056508142858	200.00000000000000	1
60	0	3	16	0.000000	0.000000	0.000000	0.000000	30.57679032952380	-96.35090121571425	200.00000000000000	1
61	0	3	16	0.000000	0.000000	0.000000	0.000000	30.57669574666667	-96.35051901285716	200.00000000000000	1
62	0	3	16	0.000000	0.000000	0.000000	0.000000	30.57675010857144	-96.35061342571430	200.00000000000000	1
63	0	3	16	0.000000	0.000000	0.000000	0.000000	30.57676845142856	-96.35078149285710	200.00000000000000	1
64	0	3	16	0.000000	0.000000	0.000000	0.000000	30.57672116000000	-96.35059039142860	200.00000000000000	1
65	0	3	16	0.000000	0.000000	0.000000	0.000000	30.57674657333335	-96.35066177000002	200.00000000000000	1
