QGC WPL 110
0	0	0	16	0.000000	0.000000	0.000000	0.000000	30.57785684000000	-96.35195444999999	200.00000000000000	1
1	0	3	16	0.000000	0.000000	0.000000	0.000000	30.57676248000000	-96.35058877000000	200.00000000000000	1
2	0	3	16	0.000000	0.000000	0.000000	0.000000	30.57793363000000	-96.35020612000000	200.00000000000000	1
3	0	3	16	0.000000	0.000000	0.000000	0.000000	30.57809360000000	-96.35142644000000	200.00000000000000	1
4	0	3	16	0.000000	0.000000	0.000000	0.000000	30.57782895392857	-96.35182437785714	200.00000000000000	1
5	0	3	16	0.000000	0.000000	0.000000	0.000000	30.57689093107143	-96.35065379500000	200.00000000000000	1
6	0	3	16	0.000000	0.000000	0.000000	0.000000	30.57789477392857	-96.35032580928571	200.00000000000000	1
7	0	3	16	0.000000	0.000000	0.000000	0.000000	30.57803189107143	-96.35137179785714	200.00000000000000	1
8	0	3	16	0.000000	0.000000	0.000000	0.000000	30.57780106785714	-96.35169430571429	200.00000000000000	1
9	0	3	16	0.000000	0.000000	0.000000	0.000000	30.57701938214286	-96.35071882000000	200.00000000000000	1
10	0	3	16	0.000000	0.000000	0.000000	0.000000	30.57785591785715	-96.35044549857142	200.00000000000000	1
11	0	3	16	0.000000	0.000000	0.000000	0.000000	30.57797018214286	-96.35131715571428	200.00000000000000	1
12	0	3	16	0.000000	0.000000	0.000000	0.000000	30.57777318178571	-96.35156423357144	200.00000000000000	1
13	0	3	16	0.000000	0.000000	0.000000	0.000000	30.57714783321429	-96.35078384500000	200.00000000000000	1
14	0	3	16	0.000000	0.000000	0.000000	0.000000	30.57781706178572	-96.35056518785713	200.00000000000000	1
15	0	3	16	0.000000	0.000000	0.000000	0.000000	30.57790847321429	-96.35126251357143	200.00000000000000	1
16	0	3	16	0.000000	0.000000	0.000000	0.000000	30.57774529571428	-96.35143416142859	200.00000000000000	1
17	0	3	16	0.000000	0.000000	0.000000	0.000000	30.57727628428572	-96.35084886999999	200.00000000000000	1
18	0	3	16	0.000000	0.000000	0.000000	0.000000	30.57777820571429	-96.35068487714284	200.00000000000000	1
19	0	3	16	0.000000	0.000000	0.000000	0.000000	30.57784676428572	-96.35120787142857	200.00000000000000	1
20	0	3	16	0.000000	0.000000	0.000000	0.000000	30.57771740964285	-96.35130408928573	200.00000000000000	1
21	0	3	16	0.000000	0.000000	0.000000	0.000000	30.57740473535715	-96.35091389499999	200.00000000000000	1
22	0	3	16	0.000000	0.000000	0.000000	0.000000	30.57773934964287	-96.35080456642855	200.00000000000000	1
23	0	3	16	0.000000	0.000000	0.000000	0.000000	30.57778505535715	-96.35115322928571	200.00000000000000	1
24	0	3	16	0.000000	0.000000	0.000000	0.000000	30.57768952357143	-96.35117401714288	200.00000000000000	1
25	0	3	16	0.000000	0.000000	0.000000	0.000000	30.57753318642857	-96.35097891999999	200.00000000000000	1
26	0	3	16	0.000000	0.000000	0.000000	0.000000	30.57770049357144	-96.35092425571426	200.00000000000000	1
27	0	3	16	0.000000	0.000000	0.000000	0.000000	30.57772334642858	-96.35109858714286	200.00000000000000	1
28	0	3	16	0.000000	0.000000	0.000000	0.000000	30.57766163750000	-96.35104394500003	200.00000000000000	1
29	0	3	16	0.000000	0.000000	0.000000	0.000000	30.57809360000000	-96.35142644000000	200.00000000000000	1
30	0	3	16	0.000000	0.000000	0.000000	0.000000	30.57832068000000	-96.35174548000001	200.00000000000000	1
31	0	3	16	0.000000	0.000000	0.000000	0.000000	30.57785684000000	-96.35195444999999	200.00000000000000	1
32	0	3	16	0.000000	0.000000	0.000000	0.000000	30.57809313904762	-96.35146677571429	200.00000000000000	1
33	0	3	16	0.000000	0.000000	0.000000	0.000000	30.57828777904762	-96.35174023857144	200.00000000000000	1
34	0	3	16	0.000000	0.000000	0.000000	0.000000	30.57789020190476	-96.35191935571429	200.00000000000000	1
35	0	3	16	0.000000	0.000000	0.000000	0.000000	30.57809267809523	-96.35150711142857	200.00000000000000	1
36	0	3	16	0.000000	0.000000	0.000000	0.000000	30.57825487809524	-96.35173499714287	200.00000000000000	1
37	0	3	16	0.000000	0.000000	0.000000	0.000000	30.57792356380952	-96.35188426142858	200.00000000000000	1
38	0	3	16	0.000000	0.000000	0.000000	0.000000	30.57809221714285	-96.35154744714286	200.00000000000000	1
39	0	3	16	0.000000	0.000000	0.000000	0.000000	30.57822197714286	-96.35172975571430	200.00000000000000	1
40	0	3	16	0.000000	0.000000	0.000000	0.000000	30.57795692571429	-96.35184916714287	200.00000000000000	1
41	0	3	16	0.000000	0.000000	0.000000	0.000000	30.57809175619047	-96.35158778285715	200.00000000000000	1
42	0	3	16	0.000000	0.000000	0.000000	0.000000	30.57818907619048	-96.35172451428573	200.00000000000000	1
43	0	3	16	0.000000	0.000000	0.000000	0.000000	30.57799028761905	-96.35181407285717	200.00000000000000	1
44	0	3	16	0.000000	0.000000	0.000000	0.000000	30.57809129523809	-96.35162811857144	200.00000000000000	1
45	0	3	16	0.000000	0.000000	0.000000	0.000000	30.57815617523810	-96.35171927285717	200.00000000000000	1
46	0	3	16	0.000000	0.000000	0.000000	0.000000	30.57802364952381	-96.35177897857146	200.00000000000000	1
47	0	3	16	0.000000	0.000000	0.000000	0.000000	30.57809083428571	-96.35166845428573	200.00000000000000	1
48	0	3	16	0.000000	0.000000	0.000000	0.000000	30.57812327428572	-96.35171403142860	200.00000000000000	1
49	0	3	16	0.000000	0.000000	0.000000	0.000000	30.57805701142857	-96.35174388428575	200.00000000000000	1
50	0	3	16	0.000000	0.000000	0.000000	0.000000	30.57809037333332	-96.35170879000002	200.00000000000000	1
