QGC WPL 110
0	0	0	16	0.000000	0.000000	0.000000	0.000000	30.57731704000000	-96.35199280000000	200.00000000000000	1
1	0	3	16	0.000000	0.000000	0.000000	0.000000	30.57823093000000	-96.35141077000000	200.00000000000000	1
2	0	3	16	0.000000	0.000000	0.000000	0.000000	30.57831496000000	-96.35144455000000	200.00000000000000	1
3	0	3	16	0.000000	0.000000	0.000000	0.000000	30.57740807857143	-96.35193897714286	200.00000000000000	1
4	0	3	16	0.000000	0.000000	0.000000	0.000000	30.57819141285714	-96.35144009428572	200.00000000000000	1
5	0	3	16	0.000000	0.000000	0.000000	0.000000	30.57826343857143	-96.35146904857143	200.00000000000000	1
6	0	3	16	0.000000	0.000000	0.000000	0.000000	30.57749911714286	-96.35188515428572	200.00000000000000	1
7	0	3	16	0.000000	0.000000	0.000000	0.000000	30.57815189571429	-96.35146941857144	200.00000000000000	1
8	0	3	16	0.000000	0.000000	0.000000	0.000000	30.57821191714286	-96.35149354714287	200.00000000000000	1
9	0	3	16	0.000000	0.000000	0.000000	0.000000	30.57759015571429	-96.35183133142858	200.00000000000000	1
10	0	3	16	0.000000	0.000000	0.000000	0.000000	30.57811237857143	-96.35149874285716	200.00000000000000	1
11	0	3	16	0.000000	0.000000	0.000000	0.000000	30.57816039571429	-96.35151804571430	200.00000000000000	1
12	0	3	16	0.000000	0.000000	0.000000	0.000000	30.57768119428572	-96.35177750857144	200.00000000000000	1
13	0	3	16	0.000000	0.000000	0.000000	0.000000	30.57807286142858	-96.35152806714288	200.00000000000000	1
14	0	3	16	0.000000	0.000000	0.000000	0.000000	30.57810887428572	-96.35154254428573	200.00000000000000	1
15	0	3	16	0.000000	0.000000	0.000000	0.000000	30.57777223285715	-96.35172368571430	200.00000000000000	1
16	0	3	16	0.000000	0.000000	0.000000	0.000000	30.57803334428572	-96.35155739142860	200.00000000000000	1
17	0	3	16	0.000000	0.000000	0.000000	0.000000	30.57805735285715	-96.35156704285717	200.00000000000000	1
18	0	3	16	0.000000	0.000000	0.000000	0.000000	30.57786327142858	-96.35166986285716	200.00000000000000	1
19	0	3	16	0.000000	0.000000	0.000000	0.000000	30.57799382714287	-96.35158671571432	200.00000000000000	1
20	0	3	16	0.000000	0.000000	0.000000	0.000000	30.57800583142858	-96.35159154142860	200.00000000000000	1
21	0	3	16	0.000000	0.000000	0.000000	0.000000	30.57795431000001	-96.35161604000002	200.00000000000000	1
22	0	3	16	0.000000	0.000000	0.000000	0.000000	30.57823093000000	-96.35141077000000	200.00000000000000	1
23	0	3	16	0.000000	0.000000	0.000000	0.000000	30.57678120000000	-96.35043804999999	200.00000000000000	1
24	0	3	16	0.000000	0.000000	0.000000	0.000000	30.57831496000000	-96.35144455000000	200.00000000000000	1
25	0	3	16	0.000000	0.000000	0.000000	0.000000	30.57816589666667	-96.35136605857143	200.00000000000000	1
26	0	3	16	0.000000	0.000000	0.000000	0.000000	30.57692327095238	-96.35053229857142	200.00000000000000	1
27	0	3	16	0.000000	0.000000	0.000000	0.000000	30.57823792238095	-96.35139501285714	200.00000000000000	1
28	0	3	16	0.000000	0.000000	0.000000	0.000000	30.57810086333334	-96.35132134714286	200.00000000000000	1
29	0	3	16	0.000000	0.000000	0.000000	0.000000	30.57706534190476	-96.35062654714285	200.00000000000000	1
30	0	3	16	0.000000	0.000000	0.000000	0.000000	30.57816088476191	-96.35134547571428	200.00000000000000	1
31	0	3	16	0.000000	0.000000	0.000000	0.000000	30.57803583000000	-96.35127663571429	200.00000000000000	1
32	0	3	16	0.000000	0.000000	0.000000	0.000000	30.57720741285715	-96.35072079571428	200.00000000000000	1
33	0	3	16	0.000000	0.000000	0.000000	0.000000	30.57808384714286	-96.35129593857143	200.00000000000000	1
34	0	3	16	0.000000	0.000000	0.000000	0.000000	30.57797079666667	-96.35123192428571	200.00000000000000	1
35	0	3	16	0.000000	0.000000	0.000000	0.000000	30.57734948380953	-96.35081504428571	200.00000000000000	1
36	0	3	16	0.000000	0.000000	0.000000	0.000000	30.57800680952381	-96.35124640142857	200.00000000000000	1
37	0	3	16	0.000000	0.000000	0.000000	0.000000	30.57790576333334	-96.35118721285714	200.00000000000000	1
38	0	3	16	0.000000	0.000000	0.000000	0.000000	30.57749155476191	-96.35090929285714	200.00000000000000	1
39	0	3	16	0.000000	0.000000	0.000000	0.000000	30.57792977190477	-96.35119686428571	200.00000000000000	1
40	0	3	16	0.000000	0.000000	0.000000	0.000000	30.57784073000001	-96.35114250142857	200.00000000000000	1
41	0	3	16	0.000000	0.000000	0.000000	0.000000	30.57763362571429	-96.35100354142857	200.00000000000000	1
42	0	3	16	0.000000	0.000000	0.000000	0.000000	30.57785273428572	-96.35114732714285	200.00000000000000	1
43	0	3	16	0.000000	0.000000	0.000000	0.000000	30.57777569666668	-96.35109779000000	200.00000000000000	1
44	0	3	16	0.000000	0.000000	0.000000	0.000000	30.57823093000000	-96.35141077000000	200.00000000000000	1
45	0	3	16	0.000000	0.000000	0.000000	0.000000	30.57694761000000	-96.35162377000000	200.00000000000000	1
46	0	3	16	0.000000	0.000000	0.000000	0.000000	30.57678120000000	-96.35043804999999	200.00000000000000	1
47	0	3	16	0.000000	0.000000	0.000000	0.000000	30.57810078476190	-96.35137459285714	200.00000000000000	1
48	0	3	16	0.000000	0.000000	0.000000	0.000000	30.57700079619048	-96.35155716428572	200.00000000000000	1
49	0	3	16	0.000000	0.000000	0.000000	0.000000	30.57685815904762	-96.35054083285713	200.00000000000000	1
50	0	3	16	0.000000	0.000000	0.000000	0.000000	30.57797063952381	-96.35133841571428	200.00000000000000	1
51	0	3	16	0.000000	0.000000	0.000000	0.000000	30.57705398238096	-96.35149055857144	200.00000000000000	1
52	0	3	16	0.000000	0.000000	0.000000	0.000000	30.57693511809524	-96.35064361571428	200.00000000000000	1
53	0	3	16	0.000000	0.000000	0.000000	0.000000	30.57784049428571	-96.35130223857142	200.00000000000000	1
54	0	3	16	0.000000	0.000000	0.000000	0.000000	30.57710716857143	-96.35142395285716	200.00000000000000	1
55	0	3	16	0.000000	0.000000	0.000000	0.000000	30.57701207714285	-96.35074639857142	200.00000000000000	1
56	0	3	16	0.000000	0.000000	0.000000	0.000000	30.57771034904762	-96.35126606142856	200.00000000000000	1
57	0	3	16	0.000000	0.000000	0.000000	0.000000	30.57716035476191	-96.35135734714288	200.00000000000000	1
58	0	3	16	0.000000	0.000000	0.000000	0.000000	30.57708903619047	-96.35084918142856	200.00000000000000	1
59	0	3	16	0.000000	0.000000	0.000000	0.000000	30.57758020380952	-96.35122988428570	200.00000000000000	1
60	0	3	16	0.000000	0.000000	0.000000	0.000000	30.57721354095239	-96.35129074142860	200.00000000000000	1
61	0	3	16	0.000000	0.000000	0.000000	0.000000	30.57716599523809	-96.35095196428570	200.00000000000000	1
62	0	3	16	0.000000	0.000000	0.000000	0.000000	30.57745005857143	-96.35119370714284	200.00000000000000	1
63	0	3	16	0.000000	0.000000	0.000000	0.000000	30.57726672714287	-96.35122413571432	200.00000000000000	1
64	0	3	16	0.000000	0.000000	0.000000	0.000000	30.57724295428571	-96.35105474714284	200.00000000000000	1
65	0	3	16	0.000000	0.000000	0.000000	0.000000	30.57731991333333	-96.35115752999998	200.00000000000000	1
