QGC WPL 110
0	0	0	16	0.000000	0.000000	0.000000	0.000000	30.57719063000000	-96.35098139000000	200.00000000000000	1
1	0	3	16	0.000000	0.000000	0.000000	0.000000	30.57748768000000	-96.35210938000000	200.00000000000000	1
2	0	3	16	0.000000	0.000000	0.000000	0.000000	30.57667904000000	-96.35011766000000	200.00000000000000	1
3	0	3	16	0.000000	0.000000	0.000000	0.000000	30.57718041380953	-96.35099397380952	200.00000000000000	1
4	0	3	16	0.000000	0.000000	0.000000	0.000000	30.57743502809524	-96.35196082238096	200.00000000000000	1
5	0	3	16	0.000000	0.000000	0.000000	0.000000	30.57674190809524	-96.35025363380952	200.00000000000000	1
6	0	3	16	0.000000	0.000000	0.000000	0.000000	30.57717019761905	-96.35100655761904	200.00000000000000	1
7	0	3	16	0.000000	0.000000	0.000000	0.000000	30.57738237619047	-96.35181226476192	200.00000000000000	1
8	0	3	16	0.000000	0.000000	0.000000	0.000000	30.57680477619047	-96.35038960761904	200.00000000000000	1
9	0	3	16	0.000000	0.000000	0.000000	0.000000	30.57715998142858	-96.35101914142857	200.00000000000000	1
10	0	3	16	0.000000	0.000000	0.000000	0.000000	30.57732972428571	-96.35166370714288	200.00000000000000	1
11	0	3	16	0.000000	0.000000	0.000000	0.000000	30.57686764428571	-96.35052558142856	200.00000000000000	1
12	0	3	16	0.000000	0.000000	0.000000	0.000000	30.57714976523810	-96.35103172523809	200.00000000000000	1
13	0	3	16	0.000000	0.000000	0.000000	0.000000	30.57727707238095	-96.35151514952383	200.00000000000000	1
14	0	3	16	0.000000	0.000000	0.000000	0.000000	30.57693051238095	-96.35066155523808	200.00000000000000	1
15	0	3	16	0.000000	0.000000	0.000000	0.000000	30.57713954904763	-96.35104430904761	200.00000000000000	1
16	0	3	16	0.000000	0.000000	0.000000	0.000000	30.57722442047618	-96.35136659190479	200.00000000000000	1
17	0	3	16	0.000000	0.000000	0.000000	0.000000	30.57699338047619	-96.35079752904760	200.00000000000000	1
18	0	3	16	0.000000	0.000000	0.000000	0.000000	30.57712933285715	-96.35105689285713	200.00000000000000	1
19	0	3	16	0.000000	0.000000	0.000000	0.000000	30.57717176857142	-96.35121803428575	200.00000000000000	1
20	0	3	16	0.000000	0.000000	0.000000	0.000000	30.57705624857143	-96.35093350285712	200.00000000000000	1
21	0	3	16	0.000000	0.000000	0.000000	0.000000	30.57711911666668	-96.35106947666665	200.00000000000000	1
22	0	3	16	0.000000	0.000000	0.000000	0.000000	30.57719063000000	-96.35098139000000	200.00000000000000	1
23	0	3	16	0.000000	0.000000	0.000000	0.000000	30.57667904000000	-96.35011766000000	200.00000000000000	1
24	0	3	16	0.000000	0.000000	0.000000	0.000000	30.57696805000000	-96.35021582000000	200.00000000000000	1
25	0	3	16	0.000000	0.000000	0.000000	0.000000	30.57806156000000	-96.35136966000000	200.00000000000000	1
26	0	3	16	0.000000	0.000000	0.000000	0.000000	30.57719551428572	-96.35093706750000	200.00000000000000	1
27	0	3	16	0.000000	0.000000	0.000000	0.000000	30.57675700857143	-96.35019672749999	200.00000000000000	1
28	0	3	16	0.000000	0.000000	0.000000	0.000000	30.57700473142857	-96.35028086464285	200.00000000000000	1
29	0	3	16	0.000000	0.000000	0.000000	0.000000	30.57794202571429	-96.35126987035714	200.00000000000000	1
30	0	3	16	0.000000	0.000000	0.000000	0.000000	30.57720039857143	-96.35089274500000	200.00000000000000	1
31	0	3	16	0.000000	0.000000	0.000000	0.000000	30.57683497714286	-96.35027579499999	200.00000000000000	1
32	0	3	16	0.000000	0.000000	0.000000	0.000000	30.57704141285715	-96.35034590928571	200.00000000000000	1
33	0	3	16	0.000000	0.000000	0.000000	0.000000	30.57782249142857	-96.35117008071428	200.00000000000000	1
34	0	3	16	0.000000	0.000000	0.000000	0.000000	30.57720528285715	-96.35084842249999	200.00000000000000	1
35	0	3	16	0.000000	0.000000	0.000000	0.000000	30.57691294571428	-96.35035486249998	200.00000000000000	1
36	0	3	16	0.000000	0.000000	0.000000	0.000000	30.57707809428572	-96.35041095392856	200.00000000000000	1
37	0	3	16	0.000000	0.000000	0.000000	0.000000	30.57770295714286	-96.35107029107142	200.00000000000000	1
38	0	3	16	0.000000	0.000000	0.000000	0.000000	30.57721016714286	-96.35080409999999	200.00000000000000	1
39	0	3	16	0.000000	0.000000	0.000000	0.000000	30.57699091428571	-96.35043392999998	200.00000000000000	1
40	0	3	16	0.000000	0.000000	0.000000	0.000000	30.57711477571429	-96.35047599857141	200.00000000000000	1
41	0	3	16	0.000000	0.000000	0.000000	0.000000	30.57758342285715	-96.35097050142856	200.00000000000000	1
42	0	3	16	0.000000	0.000000	0.000000	0.000000	30.57721505142858	-96.35075977749999	200.00000000000000	1
43	0	3	16	0.000000	0.000000	0.000000	0.000000	30.57706888285714	-96.35051299749998	200.00000000000000	1
44	0	3	16	0.000000	0.000000	0.000000	0.000000	30.57715145714286	-96.35054104321426	200.00000000000000	1
45	0	3	16	0.000000	0.000000	0.000000	0.000000	30.57746388857144	-96.35087071178570	200.00000000000000	1
46	0	3	16	0.000000	0.000000	0.000000	0.000000	30.57721993571429	-96.35071545499999	200.00000000000000	1
47	0	3	16	0.000000	0.000000	0.000000	0.000000	30.57714685142857	-96.35059206499997	200.00000000000000	1
48	0	3	16	0.000000	0.000000	0.000000	0.000000	30.57718813857143	-96.35060608785712	200.00000000000000	1
49	0	3	16	0.000000	0.000000	0.000000	0.000000	30.57734435428572	-96.35077092214284	200.00000000000000	1
50	0	3	16	0.000000	0.000000	0.000000	0.000000	30.57722482000001	-96.35067113249998	200.00000000000000	1
