QGC WPL 110
0	0	0	16	0.000000	0.000000	0.000000	0.000000	30.57823985000000	-96.35183060000000	200.00000000000000	1
1	0	3	16	0.000000	0.000000	0.000000	0.000000	30.57827832000000	-96.35195763999999	200.00000000000000	1
2	0	3	16	0.000000	0.000000	0.000000	0.000000	30.57766136000000	-96.35194045999999	200.00000000000000	1
3	0	3	16	0.000000	0.000000	0.000000	0.000000	30.57821413476190	-96.35184188095238	200.00000000000000	1
4	0	3	16	0.000000	0.000000	0.000000	0.000000	30.57824710904762	-96.35195077238095	200.00000000000000	1
5	0	3	16	0.000000	0.000000	0.000000	0.000000	30.57771828619048	-96.35193604666667	200.00000000000000	1
6	0	3	16	0.000000	0.000000	0.000000	0.000000	30.57818841952381	-96.35185316190476	200.00000000000000	1
7	0	3	16	0.000000	0.000000	0.000000	0.000000	30.57821589809524	-96.35194390476190	200.00000000000000	1
8	0	3	16	0.000000	0.000000	0.000000	0.000000	30.57777521238096	-96.35193163333334	200.00000000000000	1
9	0	3	16	0.000000	0.000000	0.000000	0.000000	30.57816270428571	-96.35186444285713	200.00000000000000	1
10	0	3	16	0.000000	0.000000	0.000000	0.000000	30.57818468714286	-96.35193703714285	200.00000000000000	1
11	0	3	16	0.000000	0.000000	0.000000	0.000000	30.57783213857143	-96.35192722000001	200.00000000000000	1
12	0	3	16	0.000000	0.000000	0.000000	0.000000	30.57813698904762	-96.35187572380951	200.00000000000000	1
13	0	3	16	0.000000	0.000000	0.000000	0.000000	30.57815347619048	-96.35193016952380	200.00000000000000	1
14	0	3	16	0.000000	0.000000	0.000000	0.000000	30.57788906476191	-96.35192280666668	200.00000000000000	1
15	0	3	16	0.000000	0.000000	0.000000	0.000000	30.57811127380952	-96.35188700476189	200.00000000000000	1
16	0	3	16	0.000000	0.000000	0.000000	0.000000	30.57812226523810	-96.35192330190475	200.00000000000000	1
17	0	3	16	0.000000	0.000000	0.000000	0.000000	30.57794599095239	-96.35191839333335	200.00000000000000	1
18	0	3	16	0.000000	0.000000	0.000000	0.000000	30.57808555857143	-96.35189828571427	200.00000000000000	1
19	0	3	16	0.000000	0.000000	0.000000	0.000000	30.57809105428572	-96.35191643428570	200.00000000000000	1
20	0	3	16	0.000000	0.000000	0.000000	0.000000	30.57800291714287	-96.35191398000002	200.00000000000000	1
21	0	3	16	0.000000	0.000000	0.000000	0.000000	30.57805984333333	-96.35190956666665	200.00000000000000	1
22	0	3	16	0.000000	0.000000	0.000000	0.000000	30.57823985000000	-96.35183060000000	200.00000000000000	1
23	0	3	16	0.000000	0.000000	0.000000	0.000000	30.57766136000000	-96.35194045999999	200.00000000000000	1
24	0	3	16	0.000000	0.000000	0.000000	0.000000	30.57789413000000	-96.35089710000000	200.00000000000000	1
25	0	3	16	0.000000	0.000000	0.000000	0.000000	30.57835485000000	-96.35077842000000	200.00000000000000	1
26	0	3	16	0.000000	0.000000	0.000000	0.000000	30.57821094964286	-96.35176360642858	200.00000000000000	1
27	0	3	16	0.000000	0.000000	0.000000	0.000000	30.57771510107143	-96.35185777214285	200.00000000000000	1
28	0	3	16	0.000000	0.000000	0.000000	0.000000	30.57791461821429	-96.35096346357143	200.00000000000000	1
29	0	3	16	0.000000	0.000000	0.000000	0.000000	30.57830952107143	-96.35086173785714	200.00000000000000	1
30	0	3	16	0.000000	0.000000	0.000000	0.000000	30.57818204928571	-96.35169661285715	200.00000000000000	1
31	0	3	16	0.000000	0.000000	0.000000	0.000000	30.57776884214286	-96.35177508428571	200.00000000000000	1
32	0	3	16	0.000000	0.000000	0.000000	0.000000	30.57793510642857	-96.35102982714287	200.00000000000000	1
33	0	3	16	0.000000	0.000000	0.000000	0.000000	30.57826419214286	-96.35094505571429	200.00000000000000	1
34	0	3	16	0.000000	0.000000	0.000000	0.000000	30.57815314892857	-96.35162961928573	200.00000000000000	1
35	0	3	16	0.000000	0.000000	0.000000	0.000000	30.57782258321429	-96.35169239642856	200.00000000000000	1
36	0	3	16	0.000000	0.000000	0.000000	0.000000	30.57795559464286	-96.35109619071430	200.00000000000000	1
37	0	3	16	0.000000	0.000000	0.000000	0.000000	30.57821886321429	-96.35102837357144	200.00000000000000	1
38	0	3	16	0.000000	0.000000	0.000000	0.000000	30.57812424857142	-96.35156262571431	200.00000000000000	1
39	0	3	16	0.000000	0.000000	0.000000	0.000000	30.57787632428572	-96.35160970857142	200.00000000000000	1
40	0	3	16	0.000000	0.000000	0.000000	0.000000	30.57797608285714	-96.35116255428574	200.00000000000000	1
41	0	3	16	0.000000	0.000000	0.000000	0.000000	30.57817353428571	-96.35111169142859	200.00000000000000	1
42	0	3	16	0.000000	0.000000	0.000000	0.000000	30.57809534821428	-96.35149563214289	200.00000000000000	1
43	0	3	16	0.000000	0.000000	0.000000	0.000000	30.57793006535715	-96.35152702071427	200.00000000000000	1
44	0	3	16	0.000000	0.000000	0.000000	0.000000	30.57799657107143	-96.35122891785717	200.00000000000000	1
45	0	3	16	0.000000	0.000000	0.000000	0.000000	30.57812820535714	-96.35119500928573	200.00000000000000	1
46	0	3	16	0.000000	0.000000	0.000000	0.000000	30.57806644785714	-96.35142863857146	200.00000000000000	1
47	0	3	16	0.000000	0.000000	0.000000	0.000000	30.57798380642858	-96.35144433285713	200.00000000000000	1
48	0	3	16	0.000000	0.000000	0.000000	0.000000	30.57801705928572	-96.35129528142861	200.00000000000000	1
49	0	3	16	0.000000	0.000000	0.000000	0.000000	30.57808287642857	-96.35127832714288	200.00000000000000	1
50	0	3	16	0.000000	0.000000	0.000000	0.000000	30.57803754749999	-96.35136164500004	200.00000000000000	1
