QGC WPL 110
0	0	0	16	0.000000	0.000000	0.000000	0.000000	30.57724417000000	-96.35166482000000	200.00000000000000	1
1	0	3	16	0.000000	0.000000	0.000000	0.000000	30.57807102000000	-96.35044612000000	200.00000000000000	1
2	0	3	16	0.000000	0.000000	0.000000	0.000000	30.57790267000000	-96.35207891000000	200.00000000000000	1
3	0	3	16	0.000000	0.000000	0.000000	0.000000	30.57768404000000	-96.35208099000000	200.00000000000000	1
4	0	3	16	0.000000	0.000000	0.000000	0.000000	30.57731292785714	-96.35165094714286	200.00000000000000	1
5	0	3	16	0.000000	0.000000	0.000000	0.000000	30.57802165642857	-96.35060634714286	200.00000000000000	1
6	0	3	16	0.000000	0.000000	0.000000	0.000000	30.57787735642857	-96.35200588142857	200.00000000000000	1
7	0	3	16	0.000000	0.000000	0.000000	0.000000	30.57768995928572	-96.35200766428572	200.00000000000000	1
8	0	3	16	0.000000	0.000000	0.000000	0.000000	30.57738168571429	-96.35163707428572	200.00000000000000	1
9	0	3	16	0.000000	0.000000	0.000000	0.000000	30.57797229285714	-96.35076657428571	200.00000000000000	1
10	0	3	16	0.000000	0.000000	0.000000	0.000000	30.57785204285715	-96.35193285285713	200.00000000000000	1
11	0	3	16	0.000000	0.000000	0.000000	0.000000	30.57769587857143	-96.35193433857144	200.00000000000000	1
12	0	3	16	0.000000	0.000000	0.000000	0.000000	30.57745044357143	-96.35162320142858	200.00000000000000	1
13	0	3	16	0.000000	0.000000	0.000000	0.000000	30.57792292928572	-96.35092680142857	200.00000000000000	1
14	0	3	16	0.000000	0.000000	0.000000	0.000000	30.57782672928572	-96.35185982428570	200.00000000000000	1
15	0	3	16	0.000000	0.000000	0.000000	0.000000	30.57770179785715	-96.35186101285716	200.00000000000000	1
16	0	3	16	0.000000	0.000000	0.000000	0.000000	30.57751920142857	-96.35160932857144	200.00000000000000	1
17	0	3	16	0.000000	0.000000	0.000000	0.000000	30.57787356571429	-96.35108702857143	200.00000000000000	1
18	0	3	16	0.000000	0.000000	0.000000	0.000000	30.57780141571429	-96.35178679571426	200.00000000000000	1
19	0	3	16	0.000000	0.000000	0.000000	0.000000	30.57770771714286	-96.35178768714287	200.00000000000000	1
20	0	3	16	0.000000	0.000000	0.000000	0.000000	30.57758795928572	-96.35159545571430	200.00000000000000	1
21	0	3	16	0.000000	0.000000	0.000000	0.000000	30.57782420214286	-96.35124725571428	200.00000000000000	1
22	0	3	16	0.000000	0.000000	0.000000	0.000000	30.57777610214286	-96.35171376714283	200.00000000000000	1
23	0	3	16	0.000000	0.000000	0.000000	0.000000	30.57771363642858	-96.35171436142859	200.00000000000000	1
24	0	3	16	0.000000	0.000000	0.000000	0.000000	30.57765671714286	-96.35158158285716	200.00000000000000	1
25	0	3	16	0.000000	0.000000	0.000000	0.000000	30.57777483857143	-96.35140748285714	200.00000000000000	1
26	0	3	16	0.000000	0.000000	0.000000	0.000000	30.57775078857144	-96.35164073857139	200.00000000000000	1
27	0	3	16	0.000000	0.000000	0.000000	0.000000	30.57771955571430	-96.35164103571431	200.00000000000000	1
28	0	3	16	0.000000	0.000000	0.000000	0.000000	30.57772547500000	-96.35156771000003	200.00000000000000	1
29	0	3	16	0.000000	0.000000	0.000000	0.000000	30.57724417000000	-96.35166482000000	200.00000000000000	1
30	0	3	16	0.000000	0.000000	0.000000	0.000000	30.57768404000000	-96.35208099000000	200.00000000000000	1
31	0	3	16	0.000000	0.000000	0.000000	0.000000	30.57680395000000	-96.35125195000001	200.00000000000000	1
32	0	3	16	0.000000	0.000000	0.000000	0.000000	30.57724415333333	-96.35166497714286	200.00000000000000	1
33	0	3	16	0.000000	0.000000	0.000000	0.000000	30.57762118476191	-96.35202169428572	200.00000000000000	1
34	0	3	16	0.000000	0.000000	0.000000	0.000000	30.57686682190476	-96.35131108857144	200.00000000000000	1
35	0	3	16	0.000000	0.000000	0.000000	0.000000	30.57724413666666	-96.35166513428572	200.00000000000000	1
36	0	3	16	0.000000	0.000000	0.000000	0.000000	30.57755832952381	-96.35196239857144	200.00000000000000	1
37	0	3	16	0.000000	0.000000	0.000000	0.000000	30.57692969380953	-96.35137022714287	200.00000000000000	1
38	0	3	16	0.000000	0.000000	0.000000	0.000000	30.57724412000000	-96.35166529142859	200.00000000000000	1
39	0	3	16	0.000000	0.000000	0.000000	0.000000	30.57749547428572	-96.35190310285716	200.00000000000000	1
40	0	3	16	0.000000	0.000000	0.000000	0.000000	30.57699256571429	-96.35142936571430	200.00000000000000	1
41	0	3	16	0.000000	0.000000	0.000000	0.000000	30.57724410333333	-96.35166544857145	200.00000000000000	1
42	0	3	16	0.000000	0.000000	0.000000	0.000000	30.57743261904762	-96.35184380714288	200.00000000000000	1
43	0	3	16	0.000000	0.000000	0.000000	0.000000	30.57705543761905	-96.35148850428573	200.00000000000000	1
44	0	3	16	0.000000	0.000000	0.000000	0.000000	30.57724408666666	-96.35166560571432	200.00000000000000	1
45	0	3	16	0.000000	0.000000	0.000000	0.000000	30.57736976380952	-96.35178451142860	200.00000000000000	1
46	0	3	16	0.000000	0.000000	0.000000	0.000000	30.57711830952382	-96.35154764285716	200.00000000000000	1
47	0	3	16	0.000000	0.000000	0.000000	0.000000	30.57724406999999	-96.35166576285718	200.00000000000000	1
48	0	3	16	0.000000	0.000000	0.000000	0.000000	30.57730690857143	-96.35172521571432	200.00000000000000	1
49	0	3	16	0.000000	0.000000	0.000000	0.000000	30.57718118142858	-96.35160678142859	200.00000000000000	1
50	0	3	16	0.000000	0.000000	0.000000	0.000000	30.57724405333332	-96.35166592000004	200.00000000000000	1
