QGC WPL 110
0	0	0	16	0.000000	0.000000	0.000000	0.000000	30.57769311000000	-96.35124196000000	200.00000000000000	1
1	0	3	16	0.000000	0.000000	0.000000	0.000000	30.57770037000000	-96.35022055000000	200.00000000000000	1
2	0	3	16	0.000000	0.000000	0.000000	0.000000	30.57777028000000	-96.35160922999999	200.00000000000000	1
3	0	3	16	0.000000	0.000000	0.000000	0.000000	30.57769713047619	-96.35121081047619	200.00000000000000	1
4	0	3	16	0.000000	0.000000	0.000000	0.000000	30.57770335333333	-96.35033531619048	200.00000000000000	1
5	0	3	16	0.000000	0.000000	0.000000	0.000000	30.57776327619047	-96.35152561333332	200.00000000000000	1
6	0	3	16	0.000000	0.000000	0.000000	0.000000	30.57770115095238	-96.35117966095238	200.00000000000000	1
7	0	3	16	0.000000	0.000000	0.000000	0.000000	30.57770633666667	-96.35045008238096	200.00000000000000	1
8	0	3	16	0.000000	0.000000	0.000000	0.000000	30.57775627238095	-96.35144199666665	200.00000000000000	1
9	0	3	16	0.000000	0.000000	0.000000	0.000000	30.57770517142857	-96.35114851142858	200.00000000000000	1
10	0	3	16	0.000000	0.000000	0.000000	0.000000	30.57770932000000	-96.35056484857144	200.00000000000000	1
11	0	3	16	0.000000	0.000000	0.000000	0.000000	30.57774926857142	-96.35135837999998	200.00000000000000	1
12	0	3	16	0.000000	0.000000	0.000000	0.000000	30.57770919190476	-96.35111736190477	200.00000000000000	1
13	0	3	16	0.000000	0.000000	0.000000	0.000000	30.57771230333334	-96.35067961476192	200.00000000000000	1
14	0	3	16	0.000000	0.000000	0.000000	0.000000	30.57774226476190	-96.35127476333331	200.00000000000000	1
15	0	3	16	0.000000	0.000000	0.000000	0.000000	30.57771321238095	-96.35108621238096	200.00000000000000	1
16	0	3	16	0.000000	0.000000	0.000000	0.000000	30.57771528666667	-96.35079438095239	200.00000000000000	1
17	0	3	16	0.000000	0.000000	0.000000	0.000000	30.57773526095237	-96.35119114666664	200.00000000000000	1
18	0	3	16	0.000000	0.000000	0.000000	0.000000	30.57771723285714	-96.35105506285716	200.00000000000000	1
19	0	3	16	0.000000	0.000000	0.000000	0.000000	30.57771827000001	-96.35090914714287	200.00000000000000	1
20	0	3	16	0.000000	0.000000	0.000000	0.000000	30.57772825714285	-96.35110752999996	200.00000000000000	1
21	0	3	16	0.000000	0.000000	0.000000	0.000000	30.57772125333333	-96.35102391333335	200.00000000000000	1
22	0	3	16	0.000000	0.000000	0.000000	0.000000	30.57769311000000	-96.35124196000000	200.00000000000000	1
23	0	3	16	0.000000	0.000000	0.000000	0.000000	30.57777028000000	-96.35160922999999	200.00000000000000	1
24	0	3	16	0.000000	0.000000	0.000000	0.000000	30.57704249000000	-96.35114305000000	200.00000000000000	1
25	0	3	16	0.000000	0.000000	0.000000	0.000000	30.57706350000000	-96.35013773000000	200.00000000000000	1
26	0	3	16	0.000000	0.000000	0.000000	0.000000	30.57765014357143	-96.35121210749999	200.00000000000000	1
27	0	3	16	0.000000	0.000000	0.000000	0.000000	30.57771628928571	-96.35152691035714	200.00000000000000	1
28	0	3	16	0.000000	0.000000	0.000000	0.000000	30.57709246928571	-96.35112732750001	200.00000000000000	1
29	0	3	16	0.000000	0.000000	0.000000	0.000000	30.57711047785714	-96.35026562464286	200.00000000000000	1
30	0	3	16	0.000000	0.000000	0.000000	0.000000	30.57760717714286	-96.35118225499998	200.00000000000000	1
31	0	3	16	0.000000	0.000000	0.000000	0.000000	30.57766229857143	-96.35144459071428	200.00000000000000	1
32	0	3	16	0.000000	0.000000	0.000000	0.000000	30.57714244857143	-96.35111160500001	200.00000000000000	1
33	0	3	16	0.000000	0.000000	0.000000	0.000000	30.57715745571429	-96.35039351928572	200.00000000000000	1
34	0	3	16	0.000000	0.000000	0.000000	0.000000	30.57756421071429	-96.35115240249998	200.00000000000000	1
35	0	3	16	0.000000	0.000000	0.000000	0.000000	30.57760830785714	-96.35136227107142	200.00000000000000	1
36	0	3	16	0.000000	0.000000	0.000000	0.000000	30.57719242785714	-96.35109588250002	200.00000000000000	1
37	0	3	16	0.000000	0.000000	0.000000	0.000000	30.57720443357143	-96.35052141392858	200.00000000000000	1
38	0	3	16	0.000000	0.000000	0.000000	0.000000	30.57752124428572	-96.35112254999997	200.00000000000000	1
39	0	3	16	0.000000	0.000000	0.000000	0.000000	30.57755431714286	-96.35127995142857	200.00000000000000	1
40	0	3	16	0.000000	0.000000	0.000000	0.000000	30.57724240714285	-96.35108016000002	200.00000000000000	1
41	0	3	16	0.000000	0.000000	0.000000	0.000000	30.57725141142857	-96.35064930857143	200.00000000000000	1
42	0	3	16	0.000000	0.000000	0.000000	0.000000	30.57747827785715	-96.35109269749996	200.00000000000000	1
43	0	3	16	0.000000	0.000000	0.000000	0.000000	30.57750032642857	-96.35119763178571	200.00000000000000	1
44	0	3	16	0.000000	0.000000	0.000000	0.000000	30.57729238642856	-96.35106443750003	200.00000000000000	1
45	0	3	16	0.000000	0.000000	0.000000	0.000000	30.57729838928571	-96.35077720321429	200.00000000000000	1
46	0	3	16	0.000000	0.000000	0.000000	0.000000	30.57743531142858	-96.35106284499996	200.00000000000000	1
47	0	3	16	0.000000	0.000000	0.000000	0.000000	30.57744633571429	-96.35111531214285	200.00000000000000	1
48	0	3	16	0.000000	0.000000	0.000000	0.000000	30.57734236571428	-96.35104871500003	200.00000000000000	1
49	0	3	16	0.000000	0.000000	0.000000	0.000000	30.57734536714285	-96.35090509785715	200.00000000000000	1
50	0	3	16	0.000000	0.000000	0.000000	0.000000	30.57739234500001	-96.35103299249995	200.00000000000000	1
