QGC WPL 110
0	0	0	16	0.000000	0.000000	0.000000	0.000000	30.57728096000000	-96.35098333000001	200.00000000000000	1
1	0	3	16	0.000000	0.000000	0.000000	0.000000	30.57700559000000	-96.35033043000000	200.00000000000000	1
2	0	3	16	0.000000	0.000000	0.000000	0.000000	30.57806418000000	-96.35018189000000	200.00000000000000	1
3	0	3	16	0.000000	0.000000	0.000000	0.000000	30.57774961000000	-96.35204514000000	200.00000000000000	1
4	0	3	16	0.000000	0.000000	0.000000	0.000000	30.57731583500000	-96.35096931107144	200.00000000000000	1
5	0	3	16	0.000000	0.000000	0.000000	0.000000	30.57707980357143	-96.35040968250000	200.00000000000000	1
6	0	3	16	0.000000	0.000000	0.000000	0.000000	30.57798716642857	-96.35028236250000	200.00000000000000	1
7	0	3	16	0.000000	0.000000	0.000000	0.000000	30.57771753500000	-96.35187943392857	200.00000000000000	1
8	0	3	16	0.000000	0.000000	0.000000	0.000000	30.57735071000000	-96.35095529214287	200.00000000000000	1
9	0	3	16	0.000000	0.000000	0.000000	0.000000	30.57715401714285	-96.35048893500000	200.00000000000000	1
10	0	3	16	0.000000	0.000000	0.000000	0.000000	30.57791015285714	-96.35038283499999	200.00000000000000	1
11	0	3	16	0.000000	0.000000	0.000000	0.000000	30.57768546000000	-96.35171372785715	200.00000000000000	1
12	0	3	16	0.000000	0.000000	0.000000	0.000000	30.57738558500000	-96.35094127321430	200.00000000000000	1
13	0	3	16	0.000000	0.000000	0.000000	0.000000	30.57722823071428	-96.35056818750000	200.00000000000000	1
14	0	3	16	0.000000	0.000000	0.000000	0.000000	30.57783313928572	-96.35048330749999	200.00000000000000	1
15	0	3	16	0.000000	0.000000	0.000000	0.000000	30.57765338500000	-96.35154802178572	200.00000000000000	1
16	0	3	16	0.000000	0.000000	0.000000	0.000000	30.57742046000000	-96.35092725428574	200.00000000000000	1
17	0	3	16	0.000000	0.000000	0.000000	0.000000	30.57730244428571	-96.35064744000000	200.00000000000000	1
18	0	3	16	0.000000	0.000000	0.000000	0.000000	30.57775612571429	-96.35058377999998	200.00000000000000	1
19	0	3	16	0.000000	0.000000	0.000000	0.000000	30.57762131000000	-96.35138231571429	200.00000000000000	1
20	0	3	16	0.000000	0.000000	0.000000	0.000000	30.57745533500000	-96.35091323535717	200.00000000000000	1
21	0	3	16	0.000000	0.000000	0.000000	0.000000	30.57737665785713	-96.35072669250000	200.00000000000000	1
22	0	3	16	0.000000	0.000000	0.000000	0.000000	30.57767911214286	-96.35068425249997	200.00000000000000	1
23	0	3	16	0.000000	0.000000	0.000000	0.000000	30.57758923500000	-96.35121660964286	200.00000000000000	1
24	0	3	16	0.000000	0.000000	0.000000	0.000000	30.57749021000000	-96.35089921642860	200.00000000000000	1
25	0	3	16	0.000000	0.000000	0.000000	0.000000	30.57745087142856	-96.35080594500000	200.00000000000000	1
26	0	3	16	0.000000	0.000000	0.000000	0.000000	30.57760209857143	-96.35078472499997	200.00000000000000	1
27	0	3	16	0.000000	0.000000	0.000000	0.000000	30.57755716000000	-96.35105090357143	200.00000000000000	1
28	0	3	16	0.000000	0.000000	0.000000	0.000000	30.57752508500000	-96.35088519750003	200.00000000000000	1
29	0	3	16	0.000000	0.000000	0.000000	0.000000	30.57728096000000	-96.35098333000001	200.00000000000000	1
30	0	3	16	0.000000	0.000000	0.000000	0.000000	30.57774961000000	-96.35204514000000	200.00000000000000	1
31	0	3	16	0.000000	0.000000	0.000000	0.000000	30.57652456000000	-96.35054189000000	200.00000000000000	1
32	0	3	16	0.000000	0.000000	0.000000	0.000000	30.57726725761905	-96.35101287142858	200.00000000000000	1
33	0	3	16	0.000000	0.000000	0.000000	0.000000	30.57766895761905	-96.35192299428572	200.00000000000000	1
34	0	3	16	0.000000	0.000000	0.000000	0.000000	30.57661891476191	-96.35063449428571	200.00000000000000	1
35	0	3	16	0.000000	0.000000	0.000000	0.000000	30.57725355523810	-96.35104241285715	200.00000000000000	1
36	0	3	16	0.000000	0.000000	0.000000	0.000000	30.57758830523810	-96.35180084857143	200.00000000000000	1
37	0	3	16	0.000000	0.000000	0.000000	0.000000	30.57671326952381	-96.35072709857143	200.00000000000000	1
38	0	3	16	0.000000	0.000000	0.000000	0.000000	30.57723985285715	-96.35107195428573	200.00000000000000	1
39	0	3	16	0.000000	0.000000	0.000000	0.000000	30.57750765285715	-96.35167870285714	200.00000000000000	1
40	0	3	16	0.000000	0.000000	0.000000	0.000000	30.57680762428572	-96.35081970285714	200.00000000000000	1
41	0	3	16	0.000000	0.000000	0.000000	0.000000	30.57722615047620	-96.35110149571430	200.00000000000000	1
42	0	3	16	0.000000	0.000000	0.000000	0.000000	30.57742700047620	-96.35155655714286	200.00000000000000	1
43	0	3	16	0.000000	0.000000	0.000000	0.000000	30.57690197904762	-96.35091230714285	200.00000000000000	1
44	0	3	16	0.000000	0.000000	0.000000	0.000000	30.57721244809525	-96.35113103714288	200.00000000000000	1
45	0	3	16	0.000000	0.000000	0.000000	0.000000	30.57734634809524	-96.35143441142857	200.00000000000000	1
46	0	3	16	0.000000	0.000000	0.000000	0.000000	30.57699633380953	-96.35100491142856	200.00000000000000	1
47	0	3	16	0.000000	0.000000	0.000000	0.000000	30.57719874571429	-96.35116057857145	200.00000000000000	1
48	0	3	16	0.000000	0.000000	0.000000	0.000000	30.57726569571429	-96.35131226571428	200.00000000000000	1
49	0	3	16	0.000000	0.000000	0.000000	0.000000	30.57709068857143	-96.35109751571427	200.00000000000000	1
50	0	3	16	0.000000	0.000000	0.000000	0.000000	30.57718504333334	-96.35119012000003	200.00000000000000	1
