QGC WPL 110
0	0	0	16	0.000000	0.000000	0.000000	0.000000	30.57763932000000	-96.35135551000000	200.00000000000000	1
1	0	3	16	0.000000	0.000000	0.000000	0.000000	30.57773079000000	-96.35185103000001	200.00000000000000	1
2	0	3	16	0.000000	0.000000	0.000000	0.000000	30.57732119000000	-96.35095715999999	200.00000000000000	1
3	0	3	16	0.000000	0.000000	0.000000	0.000000	30.57762852666666	-96.35136013714286	200.00000000000000	1
4	0	3	16	0.000000	0.000000	0.000000	0.000000	30.57770692952381	-96.35178486857143	200.00000000000000	1
5	0	3	16	0.000000	0.000000	0.000000	0.000000	30.57735584380952	-96.35101869428571	200.00000000000000	1
6	0	3	16	0.000000	0.000000	0.000000	0.000000	30.57761773333333	-96.35136476428572	200.00000000000000	1
7	0	3	16	0.000000	0.000000	0.000000	0.000000	30.57768306904762	-96.35171870714285	200.00000000000000	1
8	0	3	16	0.000000	0.000000	0.000000	0.000000	30.57739049761905	-96.35108022857143	200.00000000000000	1
9	0	3	16	0.000000	0.000000	0.000000	0.000000	30.57760694000000	-96.35136939142858	200.00000000000000	1
10	0	3	16	0.000000	0.000000	0.000000	0.000000	30.57765920857143	-96.35165254571427	200.00000000000000	1
11	0	3	16	0.000000	0.000000	0.000000	0.000000	30.57742515142857	-96.35114176285715	200.00000000000000	1
12	0	3	16	0.000000	0.000000	0.000000	0.000000	30.57759614666666	-96.35137401857143	200.00000000000000	1
13	0	3	16	0.000000	0.000000	0.000000	0.000000	30.57763534809524	-96.35158638428570	200.00000000000000	1
14	0	3	16	0.000000	0.000000	0.000000	0.000000	30.57745980523810	-96.35120329714287	200.00000000000000	1
15	0	3	16	0.000000	0.000000	0.000000	0.000000	30.57758535333333	-96.35137864571429	200.00000000000000	1
16	0	3	16	0.000000	0.000000	0.000000	0.000000	30.57761148761905	-96.35152022285712	200.00000000000000	1
17	0	3	16	0.000000	0.000000	0.000000	0.000000	30.57749445904762	-96.35126483142859	200.00000000000000	1
18	0	3	16	0.000000	0.000000	0.000000	0.000000	30.57757455999999	-96.35138327285715	200.00000000000000	1
19	0	3	16	0.000000	0.000000	0.000000	0.000000	30.57758762714286	-96.35145406142854	200.00000000000000	1
20	0	3	16	0.000000	0.000000	0.000000	0.000000	30.57752911285715	-96.35132636571431	200.00000000000000	1
21	0	3	16	0.000000	0.000000	0.000000	0.000000	30.57756376666666	-96.35138790000001	200.00000000000000	1
22	0	3	16	0.000000	0.000000	0.000000	0.000000	30.57763932000000	-96.35135551000000	200.00000000000000	1
23	0	3	16	0.000000	0.000000	0.000000	0.000000	30.57732119000000	-96.35095715999999	200.00000000000000	1
24	0	3	16	0.000000	0.000000	0.000000	0.000000	30.57686082000000	-96.35030651000000	200.00000000000000	1
25	0	3	16	0.000000	0.000000	0.000000	0.000000	30.57849252000000	-96.35048512000000	200.00000000000000	1
26	0	3	16	0.000000	0.000000	0.000000	0.000000	30.57763062607143	-96.35127273357143	200.00000000000000	1
27	0	3	16	0.000000	0.000000	0.000000	0.000000	30.57735794321428	-96.35093129071429	200.00000000000000	1
28	0	3	16	0.000000	0.000000	0.000000	0.000000	30.57696334035714	-96.35037359071428	200.00000000000000	1
29	0	3	16	0.000000	0.000000	0.000000	0.000000	30.57836194035714	-96.35052668500001	200.00000000000000	1
30	0	3	16	0.000000	0.000000	0.000000	0.000000	30.57762193214286	-96.35118995714286	200.00000000000000	1
31	0	3	16	0.000000	0.000000	0.000000	0.000000	30.57739469642857	-96.35090542142858	200.00000000000000	1
32	0	3	16	0.000000	0.000000	0.000000	0.000000	30.57706586071428	-96.35044067142857	200.00000000000000	1
33	0	3	16	0.000000	0.000000	0.000000	0.000000	30.57823136071429	-96.35056825000001	200.00000000000000	1
34	0	3	16	0.000000	0.000000	0.000000	0.000000	30.57761323821429	-96.35110718071429	200.00000000000000	1
35	0	3	16	0.000000	0.000000	0.000000	0.000000	30.57743144964286	-96.35087955214287	200.00000000000000	1
36	0	3	16	0.000000	0.000000	0.000000	0.000000	30.57716838107143	-96.35050775214286	200.00000000000000	1
37	0	3	16	0.000000	0.000000	0.000000	0.000000	30.57810078107143	-96.35060981500001	200.00000000000000	1
38	0	3	16	0.000000	0.000000	0.000000	0.000000	30.57760454428572	-96.35102440428572	200.00000000000000	1
39	0	3	16	0.000000	0.000000	0.000000	0.000000	30.57746820285714	-96.35085368285716	200.00000000000000	1
40	0	3	16	0.000000	0.000000	0.000000	0.000000	30.57727090142857	-96.35057483285715	200.00000000000000	1
41	0	3	16	0.000000	0.000000	0.000000	0.000000	30.57797020142857	-96.35065138000002	200.00000000000000	1
42	0	3	16	0.000000	0.000000	0.000000	0.000000	30.57759585035715	-96.35094162785715	200.00000000000000	1
43	0	3	16	0.000000	0.000000	0.000000	0.000000	30.57750495607143	-96.35082781357146	200.00000000000000	1
44	0	3	16	0.000000	0.000000	0.000000	0.000000	30.57737342178571	-96.35064191357144	200.00000000000000	1
45	0	3	16	0.000000	0.000000	0.000000	0.000000	30.57783962178572	-96.35069294500002	200.00000000000000	1
46	0	3	16	0.000000	0.000000	0.000000	0.000000	30.57758715642857	-96.35085885142858	200.00000000000000	1
47	0	3	16	0.000000	0.000000	0.000000	0.000000	30.57754170928571	-96.35080194428575	200.00000000000000	1
48	0	3	16	0.000000	0.000000	0.000000	0.000000	30.57747594214285	-96.35070899428572	200.00000000000000	1
49	0	3	16	0.000000	0.000000	0.000000	0.000000	30.57770904214286	-96.35073451000002	200.00000000000000	1
50	0	3	16	0.000000	0.000000	0.000000	0.000000	30.57757846250000	-96.35077607500001	200.00000000000000	1
