QGC WPL 110
0	0	0	16	0.000000	0.000000	0.000000	0.000000	30.57726046000000	-96.35018425000000	200.00000000000000	1
1	0	3	16	0.000000	0.000000	0.000000	0.000000	30.57692482000000	-96.35157273000000	200.00000000000000	1
2	0	3	16	0.000000	0.000000	0.000000	0.000000	30.57671214000000	-96.35202086000000	200.00000000000000	1
3	0	3	16	0.000000	0.000000	0.000000	0.000000	30.57659225000000	-96.35184262999999	200.00000000000000	1
4	0	3	16	0.000000	0.000000	0.000000	0.000000	30.57720502535715	-96.35035865964285	200.00000000000000	1
5	0	3	16	0.000000	0.000000	0.000000	0.000000	30.57691733392857	-96.35154878535714	200.00000000000000	1
6	0	3	16	0.000000	0.000000	0.000000	0.000000	30.57673503678572	-96.35193289678571	200.00000000000000	1
7	0	3	16	0.000000	0.000000	0.000000	0.000000	30.57663227392857	-96.35178012821429	200.00000000000000	1
8	0	3	16	0.000000	0.000000	0.000000	0.000000	30.57714959071429	-96.35053306928570	200.00000000000000	1
9	0	3	16	0.000000	0.000000	0.000000	0.000000	30.57690984785714	-96.35152484071428	200.00000000000000	1
10	0	3	16	0.000000	0.000000	0.000000	0.000000	30.57675793357143	-96.35184493357143	200.00000000000000	1
11	0	3	16	0.000000	0.000000	0.000000	0.000000	30.57667229785715	-96.35171762642858	200.00000000000000	1
12	0	3	16	0.000000	0.000000	0.000000	0.000000	30.57709415607143	-96.35070747892856	200.00000000000000	1
13	0	3	16	0.000000	0.000000	0.000000	0.000000	30.57690236178571	-96.35150089607141	200.00000000000000	1
14	0	3	16	0.000000	0.000000	0.000000	0.000000	30.57678083035715	-96.35175697035714	200.00000000000000	1
15	0	3	16	0.000000	0.000000	0.000000	0.000000	30.57671232178572	-96.35165512464287	200.00000000000000	1
16	0	3	16	0.000000	0.000000	0.000000	0.000000	30.57703872142858	-96.35088188857141	200.00000000000000	1
17	0	3	16	0.000000	0.000000	0.000000	0.000000	30.57689487571428	-96.35147695142855	200.00000000000000	1
18	0	3	16	0.000000	0.000000	0.000000	0.000000	30.57680372714286	-96.35166900714286	200.00000000000000	1
19	0	3	16	0.000000	0.000000	0.000000	0.000000	30.57675234571429	-96.35159262285717	200.00000000000000	1
20	0	3	16	0.000000	0.000000	0.000000	0.000000	30.57698328678572	-96.35105629821426	200.00000000000000	1
21	0	3	16	0.000000	0.000000	0.000000	0.000000	30.57688738964286	-96.35145300678569	200.00000000000000	1
22	0	3	16	0.000000	0.000000	0.000000	0.000000	30.57682662392858	-96.35158104392858	200.00000000000000	1
23	0	3	16	0.000000	0.000000	0.000000	0.000000	30.57679236964287	-96.35153012107146	200.00000000000000	1
24	0	3	16	0.000000	0.000000	0.000000	0.000000	30.57692785214286	-96.35123070785711	200.00000000000000	1
25	0	3	16	0.000000	0.000000	0.000000	0.000000	30.57687990357143	-96.35142906214283	200.00000000000000	1
26	0	3	16	0.000000	0.000000	0.000000	0.000000	30.57684952071429	-96.35149308071429	200.00000000000000	1
27	0	3	16	0.000000	0.000000	0.000000	0.000000	30.57683239357144	-96.35146761928576	200.00000000000000	1
28	0	3	16	0.000000	0.000000	0.000000	0.000000	30.57687241750001	-96.35140511749997	200.00000000000000	1
29	0	3	16	0.000000	0.000000	0.000000	0.000000	30.57692482000000	-96.35157273000000	200.00000000000000	1
30	0	3	16	0.000000	0.000000	0.000000	0.000000	30.57726046000000	-96.35018425000000	200.00000000000000	1
31	0	3	16	0.000000	0.000000	0.000000	0.000000	30.57763766000000	-96.35197798000000	200.00000000000000	1
32	0	3	16	0.000000	0.000000	0.000000	0.000000	30.57697474761905	-96.35152590952382	200.00000000000000	1
33	0	3	16	0.000000	0.000000	0.000000	0.000000	30.57726243904762	-96.35033578380953	200.00000000000000	1
34	0	3	16	0.000000	0.000000	0.000000	0.000000	30.57758575333333	-96.35187326666667	200.00000000000000	1
35	0	3	16	0.000000	0.000000	0.000000	0.000000	30.57702467523810	-96.35147908904763	200.00000000000000	1
36	0	3	16	0.000000	0.000000	0.000000	0.000000	30.57726441809524	-96.35048731761906	200.00000000000000	1
37	0	3	16	0.000000	0.000000	0.000000	0.000000	30.57753384666667	-96.35176855333334	200.00000000000000	1
38	0	3	16	0.000000	0.000000	0.000000	0.000000	30.57707460285715	-96.35143226857144	200.00000000000000	1
39	0	3	16	0.000000	0.000000	0.000000	0.000000	30.57726639714285	-96.35063885142858	200.00000000000000	1
40	0	3	16	0.000000	0.000000	0.000000	0.000000	30.57748194000000	-96.35166384000001	200.00000000000000	1
41	0	3	16	0.000000	0.000000	0.000000	0.000000	30.57712453047619	-96.35138544809526	200.00000000000000	1
42	0	3	16	0.000000	0.000000	0.000000	0.000000	30.57726837619047	-96.35079038523811	200.00000000000000	1
43	0	3	16	0.000000	0.000000	0.000000	0.000000	30.57743003333334	-96.35155912666669	200.00000000000000	1
44	0	3	16	0.000000	0.000000	0.000000	0.000000	30.57717445809524	-96.35133862761907	200.00000000000000	1
45	0	3	16	0.000000	0.000000	0.000000	0.000000	30.57727035523809	-96.35094191904764	200.00000000000000	1
46	0	3	16	0.000000	0.000000	0.000000	0.000000	30.57737812666667	-96.35145441333336	200.00000000000000	1
47	0	3	16	0.000000	0.000000	0.000000	0.000000	30.57722438571429	-96.35129180714289	200.00000000000000	1
48	0	3	16	0.000000	0.000000	0.000000	0.000000	30.57727233428571	-96.35109345285717	200.00000000000000	1
49	0	3	16	0.000000	0.000000	0.000000	0.000000	30.57732622000000	-96.35134970000003	200.00000000000000	1
50	0	3	16	0.000000	0.000000	0.000000	0.000000	30.57727431333334	-96.35124498666670	200.00000000000000	1
