QGC WPL 110
0	0	0	16	0.000000	0.000000	0.000000	0.000000	30.57677466000000	-96.35133964000001	200.00000000000000	1
1	0	3	16	0.000000	0.000000	0.000000	0.000000	30.57706900000000	-96.35153753000000	200.00000000000000	1
2	0	3	16	0.000000	0.000000	0.000000	0.000000	30.57651403000000	-96.35197448000000	200.00000000000000	1
3	0	3	16	0.000000	0.000000	0.000000	0.000000	30.57677626523810	-96.35137929380953	200.00000000000000	1
4	0	3	16	0.000000	0.000000	0.000000	0.000000	30.57702855666667	-96.35154891380952	200.00000000000000	1
5	0	3	16	0.000000	0.000000	0.000000	0.000000	30.57655286809524	-96.35192344238095	200.00000000000000	1
6	0	3	16	0.000000	0.000000	0.000000	0.000000	30.57677787047619	-96.35141894761905	200.00000000000000	1
7	0	3	16	0.000000	0.000000	0.000000	0.000000	30.57698811333334	-96.35156029761905	200.00000000000000	1
8	0	3	16	0.000000	0.000000	0.000000	0.000000	30.57659170619048	-96.35187240476191	200.00000000000000	1
9	0	3	16	0.000000	0.000000	0.000000	0.000000	30.57677947571428	-96.35145860142858	200.00000000000000	1
10	0	3	16	0.000000	0.000000	0.000000	0.000000	30.57694767000000	-96.35157168142857	200.00000000000000	1
11	0	3	16	0.000000	0.000000	0.000000	0.000000	30.57663054428572	-96.35182136714286	200.00000000000000	1
12	0	3	16	0.000000	0.000000	0.000000	0.000000	30.57678108095238	-96.35149825523810	200.00000000000000	1
13	0	3	16	0.000000	0.000000	0.000000	0.000000	30.57690722666667	-96.35158306523809	200.00000000000000	1
14	0	3	16	0.000000	0.000000	0.000000	0.000000	30.57666938238096	-96.35177032952382	200.00000000000000	1
15	0	3	16	0.000000	0.000000	0.000000	0.000000	30.57678268619047	-96.35153790904762	200.00000000000000	1
16	0	3	16	0.000000	0.000000	0.000000	0.000000	30.57686678333334	-96.35159444904761	200.00000000000000	1
17	0	3	16	0.000000	0.000000	0.000000	0.000000	30.57670822047620	-96.35171929190477	200.00000000000000	1
18	0	3	16	0.000000	0.000000	0.000000	0.000000	30.57678429142856	-96.35157756285714	200.00000000000000	1
19	0	3	16	0.000000	0.000000	0.000000	0.000000	30.57682634000000	-96.35160583285713	200.00000000000000	1
20	0	3	16	0.000000	0.000000	0.000000	0.000000	30.57674705857143	-96.35166825428573	200.00000000000000	1
21	0	3	16	0.000000	0.000000	0.000000	0.000000	30.57678589666666	-96.35161721666667	200.00000000000000	1
22	0	3	16	0.000000	0.000000	0.000000	0.000000	30.57677466000000	-96.35133964000001	200.00000000000000	1
23	0	3	16	0.000000	0.000000	0.000000	0.000000	30.57651403000000	-96.35197448000000	200.00000000000000	1
24	0	3	16	0.000000	0.000000	0.000000	0.000000	30.57659324000000	-96.35061603000000	200.00000000000000	1
25	0	3	16	0.000000	0.000000	0.000000	0.000000	30.57675361000000	-96.35133541285715	200.00000000000000	1
26	0	3	16	0.000000	0.000000	0.000000	0.000000	30.57653021285714	-96.35187956142858	200.00000000000000	1
27	0	3	16	0.000000	0.000000	0.000000	0.000000	30.57659810714286	-96.35071517571429	200.00000000000000	1
28	0	3	16	0.000000	0.000000	0.000000	0.000000	30.57673256000000	-96.35133118571430	200.00000000000000	1
29	0	3	16	0.000000	0.000000	0.000000	0.000000	30.57654639571429	-96.35178464285715	200.00000000000000	1
30	0	3	16	0.000000	0.000000	0.000000	0.000000	30.57660297428571	-96.35081432142857	200.00000000000000	1
31	0	3	16	0.000000	0.000000	0.000000	0.000000	30.57671151000000	-96.35132695857145	200.00000000000000	1
32	0	3	16	0.000000	0.000000	0.000000	0.000000	30.57656257857143	-96.35168972428573	200.00000000000000	1
33	0	3	16	0.000000	0.000000	0.000000	0.000000	30.57660784142857	-96.35091346714286	200.00000000000000	1
34	0	3	16	0.000000	0.000000	0.000000	0.000000	30.57669046000000	-96.35132273142860	200.00000000000000	1
35	0	3	16	0.000000	0.000000	0.000000	0.000000	30.57657876142858	-96.35159480571431	200.00000000000000	1
36	0	3	16	0.000000	0.000000	0.000000	0.000000	30.57661270857142	-96.35101261285715	200.00000000000000	1
37	0	3	16	0.000000	0.000000	0.000000	0.000000	30.57666941000000	-96.35131850428574	200.00000000000000	1
38	0	3	16	0.000000	0.000000	0.000000	0.000000	30.57659494428572	-96.35149988714289	200.00000000000000	1
39	0	3	16	0.000000	0.000000	0.000000	0.000000	30.57661757571428	-96.35111175857143	200.00000000000000	1
40	0	3	16	0.000000	0.000000	0.000000	0.000000	30.57664836000000	-96.35131427714289	200.00000000000000	1
41	0	3	16	0.000000	0.000000	0.000000	0.000000	30.57661112714287	-96.35140496857147	200.00000000000000	1
42	0	3	16	0.000000	0.000000	0.000000	0.000000	30.57662244285714	-96.35121090428572	200.00000000000000	1
43	0	3	16	0.000000	0.000000	0.000000	0.000000	30.57662731000000	-96.35131005000004	200.00000000000000	1
44	0	3	16	0.000000	0.000000	0.000000	0.000000	30.57677466000000	-96.35133964000001	200.00000000000000	1
45	0	3	16	0.000000	0.000000	0.000000	0.000000	30.57659324000000	-96.35061603000000	200.00000000000000	1
46	0	3	16	0.000000	0.000000	0.000000	0.000000	30.57751080000000	-96.35128745999999	200.00000000000000	1
47	0	3	16	0.000000	0.000000	0.000000	0.000000	30.57680107523810	-96.35130269761905	200.00000000000000	1
48	0	3	16	0.000000	0.000000	0.000000	0.000000	30.57664557238095	-96.35068246047619	200.00000000000000	1
49	0	3	16	0.000000	0.000000	0.000000	0.000000	30.57743205238095	-96.35125797190476	200.00000000000000	1
50	0	3	16	0.000000	0.000000	0.000000	0.000000	30.57682749047619	-96.35126575523809	200.00000000000000	1
51	0	3	16	0.000000	0.000000	0.000000	0.000000	30.57669790476191	-96.35074889095239	200.00000000000000	1
52	0	3	16	0.000000	0.000000	0.000000	0.000000	30.57735330476191	-96.35122848380952	200.00000000000000	1
53	0	3	16	0.000000	0.000000	0.000000	0.000000	30.57685390571429	-96.35122881285713	200.00000000000000	1
54	0	3	16	0.000000	0.000000	0.000000	0.000000	30.57675023714286	-96.35081532142858	200.00000000000000	1
55	0	3	16	0.000000	0.000000	0.000000	0.000000	30.57727455714286	-96.35119899571428	200.00000000000000	1
56	0	3	16	0.000000	0.000000	0.000000	0.000000	30.57688032095239	-96.35119187047617	200.00000000000000	1
57	0	3	16	0.000000	0.000000	0.000000	0.000000	30.57680256952381	-96.35088175190478	200.00000000000000	1
58	0	3	16	0.000000	0.000000	0.000000	0.000000	30.57719580952381	-96.35116950761905	200.00000000000000	1
59	0	3	16	0.000000	0.000000	0.000000	0.000000	30.57690673619048	-96.35115492809521	200.00000000000000	1
60	0	3	16	0.000000	0.000000	0.000000	0.000000	30.57685490190477	-96.35094818238098	200.00000000000000	1
61	0	3	16	0.000000	0.000000	0.000000	0.000000	30.57711706190477	-96.35114001952381	200.00000000000000	1
62	0	3	16	0.000000	0.000000	0.000000	0.000000	30.57693315142858	-96.35111798571425	200.00000000000000	1
63	0	3	16	0.000000	0.000000	0.000000	0.000000	30.57690723428572	-96.35101461285717	200.00000000000000	1
64	0	3	16	0.000000	0.000000	0.000000	0.000000	30.57703831428572	-96.35111053142857	200.00000000000000	1
65	0	3	16	0.000000	0.000000	0.000000	0.000000	30.57695956666668	-96.35108104333329	200.00000000000000	1
66	0	3	16	0.000000	0.000000	0.000000	0.000000	30.57751080000000	-96.35128745999999	200.00000000000000	1
67	0	3	16	0.000000	0.000000	0.000000	0.000000	30.57659324000000	-96.35061603000000	200.00000000000000	1
68	0	3	16	0.000000	0.000000	0.000000	0.000000	30.57690439000000	-96.35036153000000	200.00000000000000	1
69	0	3	16	0.000000	0.000000	0.000000	0.000000	30.57824106000000	-96.35071902000000	200.00000000000000	1
70	0	3	16	0.000000	0.000000	0.000000	0.000000	30.57847192000000	-96.35104948000000	200.00000000000000	1
71	0	3	16	0.000000	0.000000	0.000000	0.000000	30.57809562000000	-96.35132637000000	200.00000000000000	1
72	0	3	16	0.000000	0.000000	0.000000	0.000000	30.57752871023810	-96.35123115357142	200.00000000000000	1
73	0	3	16	0.000000	0.000000	0.000000	0.000000	30.57674223023810	-96.35065564214285	200.00000000000000	1
74	0	3	16	0.000000	0.000000	0.000000	0.000000	30.57700893023809	-96.35043749928572	200.00000000000000	1
75	0	3	16	0.000000	0.000000	0.000000	0.000000	30.57815464738095	-96.35074391928572	200.00000000000000	1
76	0	3	16	0.000000	0.000000	0.000000	0.000000	30.57835252738095	-96.35102717071429	200.00000000000000	1
77	0	3	16	0.000000	0.000000	0.000000	0.000000	30.57802998452381	-96.35126450500000	200.00000000000000	1
78	0	3	16	0.000000	0.000000	0.000000	0.000000	30.57754662047619	-96.35117484714284	200.00000000000000	1
79	0	3	16	0.000000	0.000000	0.000000	0.000000	30.57689122047619	-96.35069525428571	200.00000000000000	1
80	0	3	16	0.000000	0.000000	0.000000	0.000000	30.57711347047619	-96.35051346857144	200.00000000000000	1
81	0	3	16	0.000000	0.000000	0.000000	0.000000	30.57806823476190	-96.35076881857144	200.00000000000000	1
82	0	3	16	0.000000	0.000000	0.000000	0.000000	30.57823313476190	-96.35100486142858	200.00000000000000	1
83	0	3	16	0.000000	0.000000	0.000000	0.000000	30.57796434904762	-96.35120264000001	200.00000000000000	1
84	0	3	16	0.000000	0.000000	0.000000	0.000000	30.57756453071429	-96.35111854071427	200.00000000000000	1
85	0	3	16	0.000000	0.000000	0.000000	0.000000	30.57704021071429	-96.35073486642857	200.00000000000000	1
86	0	3	16	0.000000	0.000000	0.000000	0.000000	30.57721801071428	-96.35058943785715	200.00000000000000	1
87	0	3	16	0.000000	0.000000	0.000000	0.000000	30.57798182214286	-96.35079371785716	200.00000000000000	1
88	0	3	16	0.000000	0.000000	0.000000	0.000000	30.57811374214285	-96.35098255214287	200.00000000000000	1
89	0	3	16	0.000000	0.000000	0.000000	0.000000	30.57789871357143	-96.35114077500002	200.00000000000000	1
90	0	3	16	0.000000	0.000000	0.000000	0.000000	30.57758244095238	-96.35106223428569	200.00000000000000	1
91	0	3	16	0.000000	0.000000	0.000000	0.000000	30.57718920095238	-96.35077447857142	200.00000000000000	1
92	0	3	16	0.000000	0.000000	0.000000	0.000000	30.57732255095238	-96.35066540714287	200.00000000000000	1
93	0	3	16	0.000000	0.000000	0.000000	0.000000	30.57789540952381	-96.35081861714288	200.00000000000000	1
94	0	3	16	0.000000	0.000000	0.000000	0.000000	30.57799434952381	-96.35096024285716	200.00000000000000	1
95	0	3	16	0.000000	0.000000	0.000000	0.000000	30.57783307809524	-96.35107891000003	200.00000000000000	1
96	0	3	16	0.000000	0.000000	0.000000	0.000000	30.57760035119048	-96.35100592785712	200.00000000000000	1
97	0	3	16	0.000000	0.000000	0.000000	0.000000	30.57733819119048	-96.35081409071428	200.00000000000000	1
98	0	3	16	0.000000	0.000000	0.000000	0.000000	30.57742709119047	-96.35074137642859	200.00000000000000	1
99	0	3	16	0.000000	0.000000	0.000000	0.000000	30.57780899690476	-96.35084351642860	200.00000000000000	1
100	0	3	16	0.000000	0.000000	0.000000	0.000000	30.57787495690476	-96.35093793357144	200.00000000000000	1
101	0	3	16	0.000000	0.000000	0.000000	0.000000	30.57776744261905	-96.35101704500003	200.00000000000000	1
102	0	3	16	0.000000	0.000000	0.000000	0.000000	30.57761826142858	-96.35094962142854	200.00000000000000	1
103	0	3	16	0.000000	0.000000	0.000000	0.000000	30.57748718142857	-96.35085370285714	200.00000000000000	1
104	0	3	16	0.000000	0.000000	0.000000	0.000000	30.57753163142857	-96.35081734571430	200.00000000000000	1
105	0	3	16	0.000000	0.000000	0.000000	0.000000	30.57772258428571	-96.35086841571432	200.00000000000000	1
106	0	3	16	0.000000	0.000000	0.000000	0.000000	30.57775556428571	-96.35091562428573	200.00000000000000	1
107	0	3	16	0.000000	0.000000	0.000000	0.000000	30.57770180714286	-96.35095518000004	200.00000000000000	1
108	0	3	16	0.000000	0.000000	0.000000	0.000000	30.57763617166667	-96.35089331499996	200.00000000000000	1
109	0	3	16	0.000000	0.000000	0.000000	0.000000	30.57751080000000	-96.35128745999999	200.00000000000000	1
110	0	3	16	0.000000	0.000000	0.000000	0.000000	30.57809562000000	-96.35132637000000	200.00000000000000	1
111	0	3	16	0.000000	0.000000	0.000000	0.000000	30.57755383000000	-96.35160008000000	200.00000000000000	1
112	0	3	16	0.000000	0.000000	0.000000	0.000000	30.57754069761905	-96.35130419952381	200.00000000000000	1
113	0	3	16	0.000000	0.000000	0.000000	0.000000	30.57804197190476	-96.35133755095238	200.00000000000000	1
114	0	3	16	0.000000	0.000000	0.000000	0.000000	30.57757758047619	-96.35157215952381	200.00000000000000	1
115	0	3	16	0.000000	0.000000	0.000000	0.000000	30.57757059523809	-96.35132093904762	200.00000000000000	1
116	0	3	16	0.000000	0.000000	0.000000	0.000000	30.57798832380952	-96.35134873190476	200.00000000000000	1
117	0	3	16	0.000000	0.000000	0.000000	0.000000	30.57760133095238	-96.35154423904763	200.00000000000000	1
118	0	3	16	0.000000	0.000000	0.000000	0.000000	30.57760049285714	-96.35133767857144	200.00000000000000	1
119	0	3	16	0.000000	0.000000	0.000000	0.000000	30.57793467571428	-96.35135991285715	200.00000000000000	1
120	0	3	16	0.000000	0.000000	0.000000	0.000000	30.57762508142858	-96.35151631857144	200.00000000000000	1
121	0	3	16	0.000000	0.000000	0.000000	0.000000	30.57763039047619	-96.35135441809526	200.00000000000000	1
122	0	3	16	0.000000	0.000000	0.000000	0.000000	30.57788102761904	-96.35137109380953	200.00000000000000	1
123	0	3	16	0.000000	0.000000	0.000000	0.000000	30.57764883190477	-96.35148839809526	200.00000000000000	1
124	0	3	16	0.000000	0.000000	0.000000	0.000000	30.57766028809523	-96.35137115761907	200.00000000000000	1
125	0	3	16	0.000000	0.000000	0.000000	0.000000	30.57782737952380	-96.35138227476192	200.00000000000000	1
126	0	3	16	0.000000	0.000000	0.000000	0.000000	30.57767258238096	-96.35146047761907	200.00000000000000	1
127	0	3	16	0.000000	0.000000	0.000000	0.000000	30.57769018571428	-96.35138789714289	200.00000000000000	1
128	0	3	16	0.000000	0.000000	0.000000	0.000000	30.57777373142856	-96.35139345571430	200.00000000000000	1
129	0	3	16	0.000000	0.000000	0.000000	0.000000	30.57769633285715	-96.35143255714289	200.00000000000000	1
130	0	3	16	0.000000	0.000000	0.000000	0.000000	30.57772008333333	-96.35140463666670	200.00000000000000	1
