QGC WPL 110
0	0	0	16	0.000000	0.000000	0.000000	0.000000	30.57778591000000	-96.35191780000000	200.00000000000000	1
1	0	3	16	0.000000	0.000000	0.000000	0.000000	30.57745617000000	-96.35169825000000	200.00000000000000	1
2	0	3	16	0.000000	0.000000	0.000000	0.000000	30.57771865000000	-96.35158099000000	200.00000000000000	1
3	0	3	16	0.000000	0.000000	0.000000	0.000000	30.57776700523809	-96.35189130666666	200.00000000000000	1
4	0	3	16	0.000000	0.000000	0.000000	0.000000	30.57748437095238	-96.35170312095238	200.00000000000000	1
5	0	3	16	0.000000	0.000000	0.000000	0.000000	30.57770935380952	-96.35160261238096	200.00000000000000	1
6	0	3	16	0.000000	0.000000	0.000000	0.000000	30.57774810047619	-96.35186481333332	200.00000000000000	1
7	0	3	16	0.000000	0.000000	0.000000	0.000000	30.57751257190477	-96.35170799190476	200.00000000000000	1
8	0	3	16	0.000000	0.000000	0.000000	0.000000	30.57770005761905	-96.35162423476191	200.00000000000000	1
9	0	3	16	0.000000	0.000000	0.000000	0.000000	30.57772919571428	-96.35183831999998	200.00000000000000	1
10	0	3	16	0.000000	0.000000	0.000000	0.000000	30.57754077285715	-96.35171286285714	200.00000000000000	1
11	0	3	16	0.000000	0.000000	0.000000	0.000000	30.57769076142857	-96.35164585714287	200.00000000000000	1
12	0	3	16	0.000000	0.000000	0.000000	0.000000	30.57771029095238	-96.35181182666665	200.00000000000000	1
13	0	3	16	0.000000	0.000000	0.000000	0.000000	30.57756897380953	-96.35171773380952	200.00000000000000	1
14	0	3	16	0.000000	0.000000	0.000000	0.000000	30.57768146523809	-96.35166747952383	200.00000000000000	1
15	0	3	16	0.000000	0.000000	0.000000	0.000000	30.57769138619047	-96.35178533333331	200.00000000000000	1
16	0	3	16	0.000000	0.000000	0.000000	0.000000	30.57759717476191	-96.35172260476190	200.00000000000000	1
17	0	3	16	0.000000	0.000000	0.000000	0.000000	30.57767216904762	-96.35168910190478	200.00000000000000	1
18	0	3	16	0.000000	0.000000	0.000000	0.000000	30.57767248142857	-96.35175883999997	200.00000000000000	1
19	0	3	16	0.000000	0.000000	0.000000	0.000000	30.57762537571429	-96.35172747571428	200.00000000000000	1
20	0	3	16	0.000000	0.000000	0.000000	0.000000	30.57766287285714	-96.35171072428574	200.00000000000000	1
21	0	3	16	0.000000	0.000000	0.000000	0.000000	30.57765357666666	-96.35173234666664	200.00000000000000	1
22	0	3	16	0.000000	0.000000	0.000000	0.000000	30.57771865000000	-96.35158099000000	200.00000000000000	1
23	0	3	16	0.000000	0.000000	0.000000	0.000000	30.57795708000000	-96.35145269000000	200.00000000000000	1
24	0	3	16	0.000000	0.000000	0.000000	0.000000	30.57778591000000	-96.35191780000000	200.00000000000000	1
25	0	3	16	0.000000	0.000000	0.000000	0.000000	30.57773320666667	-96.35159091904762	200.00000000000000	1
26	0	3	16	0.000000	0.000000	0.000000	0.000000	30.57793757523810	-96.35148094761905	200.00000000000000	1
27	0	3	16	0.000000	0.000000	0.000000	0.000000	30.57779085809524	-96.35187961333332	200.00000000000000	1
28	0	3	16	0.000000	0.000000	0.000000	0.000000	30.57774776333333	-96.35160084809525	200.00000000000000	1
29	0	3	16	0.000000	0.000000	0.000000	0.000000	30.57791807047619	-96.35150920523810	200.00000000000000	1
30	0	3	16	0.000000	0.000000	0.000000	0.000000	30.57779580619048	-96.35184142666665	200.00000000000000	1
31	0	3	16	0.000000	0.000000	0.000000	0.000000	30.57776232000000	-96.35161077714287	200.00000000000000	1
32	0	3	16	0.000000	0.000000	0.000000	0.000000	30.57789856571429	-96.35153746285715	200.00000000000000	1
33	0	3	16	0.000000	0.000000	0.000000	0.000000	30.57780075428571	-96.35180323999998	200.00000000000000	1
34	0	3	16	0.000000	0.000000	0.000000	0.000000	30.57777687666667	-96.35162070619049	200.00000000000000	1
35	0	3	16	0.000000	0.000000	0.000000	0.000000	30.57787906095238	-96.35156572047620	200.00000000000000	1
36	0	3	16	0.000000	0.000000	0.000000	0.000000	30.57780570238095	-96.35176505333331	200.00000000000000	1
37	0	3	16	0.000000	0.000000	0.000000	0.000000	30.57779143333333	-96.35163063523811	200.00000000000000	1
38	0	3	16	0.000000	0.000000	0.000000	0.000000	30.57785955619048	-96.35159397809525	200.00000000000000	1
39	0	3	16	0.000000	0.000000	0.000000	0.000000	30.57781065047619	-96.35172686666664	200.00000000000000	1
40	0	3	16	0.000000	0.000000	0.000000	0.000000	30.57780599000000	-96.35164056428573	200.00000000000000	1
41	0	3	16	0.000000	0.000000	0.000000	0.000000	30.57784005142857	-96.35162223571430	200.00000000000000	1
42	0	3	16	0.000000	0.000000	0.000000	0.000000	30.57781559857143	-96.35168867999997	200.00000000000000	1
43	0	3	16	0.000000	0.000000	0.000000	0.000000	30.57782054666667	-96.35165049333335	200.00000000000000	1
44	0	3	16	0.000000	0.000000	0.000000	0.000000	30.57771865000000	-96.35158099000000	200.00000000000000	1
45	0	3	16	0.000000	0.000000	0.000000	0.000000	30.57704480000000	-96.35156146000000	200.00000000000000	1
46	0	3	16	0.000000	0.000000	0.000000	0.000000	30.57795708000000	-96.35145269000000	200.00000000000000	1
47	0	3	16	0.000000	0.000000	0.000000	0.000000	30.57769791571429	-96.35157395047619	200.00000000000000	1
48	0	3	16	0.000000	0.000000	0.000000	0.000000	30.57712033000000	-96.35155721047619	200.00000000000000	1
49	0	3	16	0.000000	0.000000	0.000000	0.000000	30.57790228428571	-96.35146397904762	200.00000000000000	1
50	0	3	16	0.000000	0.000000	0.000000	0.000000	30.57767718142857	-96.35156691095239	200.00000000000000	1
51	0	3	16	0.000000	0.000000	0.000000	0.000000	30.57719586000000	-96.35155296095238	200.00000000000000	1
52	0	3	16	0.000000	0.000000	0.000000	0.000000	30.57784748857143	-96.35147526809524	200.00000000000000	1
53	0	3	16	0.000000	0.000000	0.000000	0.000000	30.57765644714285	-96.35155987142858	200.00000000000000	1
54	0	3	16	0.000000	0.000000	0.000000	0.000000	30.57727139000000	-96.35154871142856	200.00000000000000	1
55	0	3	16	0.000000	0.000000	0.000000	0.000000	30.57779269285714	-96.35148655714286	200.00000000000000	1
56	0	3	16	0.000000	0.000000	0.000000	0.000000	30.57763571285714	-96.35155283190477	200.00000000000000	1
57	0	3	16	0.000000	0.000000	0.000000	0.000000	30.57734692000000	-96.35154446190475	200.00000000000000	1
58	0	3	16	0.000000	0.000000	0.000000	0.000000	30.57773789714285	-96.35149784619048	200.00000000000000	1
59	0	3	16	0.000000	0.000000	0.000000	0.000000	30.57761497857142	-96.35154579238096	200.00000000000000	1
60	0	3	16	0.000000	0.000000	0.000000	0.000000	30.57742245000000	-96.35154021238094	200.00000000000000	1
61	0	3	16	0.000000	0.000000	0.000000	0.000000	30.57768310142856	-96.35150913523810	200.00000000000000	1
62	0	3	16	0.000000	0.000000	0.000000	0.000000	30.57759424428571	-96.35153875285715	200.00000000000000	1
63	0	3	16	0.000000	0.000000	0.000000	0.000000	30.57749798000000	-96.35153596285713	200.00000000000000	1
64	0	3	16	0.000000	0.000000	0.000000	0.000000	30.57762830571427	-96.35152042428572	200.00000000000000	1
65	0	3	16	0.000000	0.000000	0.000000	0.000000	30.57757350999999	-96.35153171333334	200.00000000000000	1
66	0	3	16	0.000000	0.000000	0.000000	0.000000	30.57795708000000	-96.35145269000000	200.00000000000000	1
67	0	3	16	0.000000	0.000000	0.000000	0.000000	30.57704480000000	-96.35156146000000	200.00000000000000	1
68	0	3	16	0.000000	0.000000	0.000000	0.000000	30.57827674000000	-96.35115097000001	200.00000000000000	1
69	0	3	16	0.000000	0.000000	0.000000	0.000000	30.57792886000000	-96.35144350190477	200.00000000000000	1
70	0	3	16	0.000000	0.000000	0.000000	0.000000	30.57714690571429	-96.35153673333333	200.00000000000000	1
71	0	3	16	0.000000	0.000000	0.000000	0.000000	30.57820285428571	-96.35118488476191	200.00000000000000	1
72	0	3	16	0.000000	0.000000	0.000000	0.000000	30.57790064000000	-96.35143431380953	200.00000000000000	1
73	0	3	16	0.000000	0.000000	0.000000	0.000000	30.57724901142857	-96.35151200666667	200.00000000000000	1
74	0	3	16	0.000000	0.000000	0.000000	0.000000	30.57812896857143	-96.35121879952381	200.00000000000000	1
75	0	3	16	0.000000	0.000000	0.000000	0.000000	30.57787242000000	-96.35142512571430	200.00000000000000	1
76	0	3	16	0.000000	0.000000	0.000000	0.000000	30.57735111714286	-96.35148728000000	200.00000000000000	1
77	0	3	16	0.000000	0.000000	0.000000	0.000000	30.57805508285714	-96.35125271428571	200.00000000000000	1
78	0	3	16	0.000000	0.000000	0.000000	0.000000	30.57784420000000	-96.35141593761907	200.00000000000000	1
79	0	3	16	0.000000	0.000000	0.000000	0.000000	30.57745322285715	-96.35146255333333	200.00000000000000	1
80	0	3	16	0.000000	0.000000	0.000000	0.000000	30.57798119714285	-96.35128662904761	200.00000000000000	1
81	0	3	16	0.000000	0.000000	0.000000	0.000000	30.57781598000000	-96.35140674952383	200.00000000000000	1
82	0	3	16	0.000000	0.000000	0.000000	0.000000	30.57755532857144	-96.35143782666667	200.00000000000000	1
83	0	3	16	0.000000	0.000000	0.000000	0.000000	30.57790731142857	-96.35132054380951	200.00000000000000	1
84	0	3	16	0.000000	0.000000	0.000000	0.000000	30.57778776000000	-96.35139756142860	200.00000000000000	1
85	0	3	16	0.000000	0.000000	0.000000	0.000000	30.57765743428572	-96.35141310000000	200.00000000000000	1
86	0	3	16	0.000000	0.000000	0.000000	0.000000	30.57783342571428	-96.35135445857141	200.00000000000000	1
87	0	3	16	0.000000	0.000000	0.000000	0.000000	30.57775954000000	-96.35138837333336	200.00000000000000	1
88	0	3	16	0.000000	0.000000	0.000000	0.000000	30.57827674000000	-96.35115097000001	200.00000000000000	1
89	0	3	16	0.000000	0.000000	0.000000	0.000000	30.57704480000000	-96.35156146000000	200.00000000000000	1
90	0	3	16	0.000000	0.000000	0.000000	0.000000	30.57661130000000	-96.35111625000000	200.00000000000000	1
91	0	3	16	0.000000	0.000000	0.000000	0.000000	30.57676695000000	-96.35084629000001	200.00000000000000	1
92	0	3	16	0.000000	0.000000	0.000000	0.000000	30.57759937000000	-96.35080538000000	200.00000000000000	1
93	0	3	16	0.000000	0.000000	0.000000	0.000000	30.57838744000000	-96.35105555000000	200.00000000000000	1
94	0	3	16	0.000000	0.000000	0.000000	0.000000	30.57815831523810	-96.35114216238095	200.00000000000000	1
95	0	3	16	0.000000	0.000000	0.000000	0.000000	30.57710236666667	-96.35149401095238	200.00000000000000	1
96	0	3	16	0.000000	0.000000	0.000000	0.000000	30.57673079523810	-96.35111240238096	200.00000000000000	1
97	0	3	16	0.000000	0.000000	0.000000	0.000000	30.57686420952381	-96.35088100809524	200.00000000000000	1
98	0	3	16	0.000000	0.000000	0.000000	0.000000	30.57757771238095	-96.35084594238096	200.00000000000000	1
99	0	3	16	0.000000	0.000000	0.000000	0.000000	30.57825320095238	-96.35106037380952	200.00000000000000	1
100	0	3	16	0.000000	0.000000	0.000000	0.000000	30.57803989047619	-96.35113335476190	200.00000000000000	1
101	0	3	16	0.000000	0.000000	0.000000	0.000000	30.57715993333333	-96.35142656190476	200.00000000000000	1
102	0	3	16	0.000000	0.000000	0.000000	0.000000	30.57685029047619	-96.35110855476192	200.00000000000000	1
103	0	3	16	0.000000	0.000000	0.000000	0.000000	30.57696146904762	-96.35091572619048	200.00000000000000	1
104	0	3	16	0.000000	0.000000	0.000000	0.000000	30.57755605476191	-96.35088650476192	200.00000000000000	1
105	0	3	16	0.000000	0.000000	0.000000	0.000000	30.57811896190476	-96.35106519761904	200.00000000000000	1
106	0	3	16	0.000000	0.000000	0.000000	0.000000	30.57792146571429	-96.35112454714285	200.00000000000000	1
107	0	3	16	0.000000	0.000000	0.000000	0.000000	30.57721750000000	-96.35135911285714	200.00000000000000	1
108	0	3	16	0.000000	0.000000	0.000000	0.000000	30.57696978571429	-96.35110470714288	200.00000000000000	1
109	0	3	16	0.000000	0.000000	0.000000	0.000000	30.57705872857143	-96.35095044428571	200.00000000000000	1
110	0	3	16	0.000000	0.000000	0.000000	0.000000	30.57753439714286	-96.35092706714288	200.00000000000000	1
111	0	3	16	0.000000	0.000000	0.000000	0.000000	30.57798472285715	-96.35107002142855	200.00000000000000	1
112	0	3	16	0.000000	0.000000	0.000000	0.000000	30.57780304095238	-96.35111573952379	200.00000000000000	1
113	0	3	16	0.000000	0.000000	0.000000	0.000000	30.57727506666666	-96.35129166380952	200.00000000000000	1
114	0	3	16	0.000000	0.000000	0.000000	0.000000	30.57708928095238	-96.35110085952384	200.00000000000000	1
115	0	3	16	0.000000	0.000000	0.000000	0.000000	30.57715598809524	-96.35098516238095	200.00000000000000	1
116	0	3	16	0.000000	0.000000	0.000000	0.000000	30.57751273952381	-96.35096762952384	200.00000000000000	1
117	0	3	16	0.000000	0.000000	0.000000	0.000000	30.57785048380953	-96.35107484523807	200.00000000000000	1
118	0	3	16	0.000000	0.000000	0.000000	0.000000	30.57768461619048	-96.35110693190474	200.00000000000000	1
119	0	3	16	0.000000	0.000000	0.000000	0.000000	30.57733263333333	-96.35122421476190	200.00000000000000	1
120	0	3	16	0.000000	0.000000	0.000000	0.000000	30.57720877619048	-96.35109701190480	200.00000000000000	1
121	0	3	16	0.000000	0.000000	0.000000	0.000000	30.57725324761904	-96.35101988047619	200.00000000000000	1
122	0	3	16	0.000000	0.000000	0.000000	0.000000	30.57749108190476	-96.35100819190480	200.00000000000000	1
123	0	3	16	0.000000	0.000000	0.000000	0.000000	30.57771624476191	-96.35107966904759	200.00000000000000	1
124	0	3	16	0.000000	0.000000	0.000000	0.000000	30.57756619142857	-96.35109812428568	200.00000000000000	1
125	0	3	16	0.000000	0.000000	0.000000	0.000000	30.57739019999999	-96.35115676571428	200.00000000000000	1
126	0	3	16	0.000000	0.000000	0.000000	0.000000	30.57732827142857	-96.35109316428576	200.00000000000000	1
127	0	3	16	0.000000	0.000000	0.000000	0.000000	30.57735050714285	-96.35105459857142	200.00000000000000	1
128	0	3	16	0.000000	0.000000	0.000000	0.000000	30.57746942428572	-96.35104875428576	200.00000000000000	1
129	0	3	16	0.000000	0.000000	0.000000	0.000000	30.57758200571429	-96.35108449285711	200.00000000000000	1
130	0	3	16	0.000000	0.000000	0.000000	0.000000	30.57744776666667	-96.35108931666663	200.00000000000000	1
