QGC WPL 110
0	0	0	16	0.000000	0.000000	0.000000	0.000000	30.57652444000000	-96.35196141999999	200.00000000000000	1
1	0	3	16	0.000000	0.000000	0.000000	0.000000	30.57651276000000	-96.35092014000000	200.00000000000000	1
2	0	3	16	0.000000	0.000000	0.000000	0.000000	30.57739055000000	-96.35013536000000	200.00000000000000	1
3	0	3	16	0.000000	0.000000	0.000000	0.000000	30.57795938000000	-96.35028989000000	200.00000000000000	1
4	0	3	16	0.000000	0.000000	0.000000	0.000000	30.57705649000000	-96.35153239000000	200.00000000000000	1
5	0	3	16	0.000000	0.000000	0.000000	0.000000	30.57660505200000	-96.35181947999999	200.00000000000000	1
6	0	3	16	0.000000	0.000000	0.000000	0.000000	30.57659504057143	-96.35092695428571	200.00000000000000	1
7	0	3	16	0.000000	0.000000	0.000000	0.000000	30.57734743200000	-96.35025428571429	200.00000000000000	1
8	0	3	16	0.000000	0.000000	0.000000	0.000000	30.57783500057143	-96.35038674000000	200.00000000000000	1
9	0	3	16	0.000000	0.000000	0.000000	0.000000	30.57706109485714	-96.35145174000000	200.00000000000000	1
10	0	3	16	0.000000	0.000000	0.000000	0.000000	30.57668566400000	-96.35167753999998	200.00000000000000	1
11	0	3	16	0.000000	0.000000	0.000000	0.000000	30.57667732114286	-96.35093376857142	200.00000000000000	1
12	0	3	16	0.000000	0.000000	0.000000	0.000000	30.57730431400000	-96.35037321142858	200.00000000000000	1
13	0	3	16	0.000000	0.000000	0.000000	0.000000	30.57771062114286	-96.35048359000001	200.00000000000000	1
14	0	3	16	0.000000	0.000000	0.000000	0.000000	30.57706569971429	-96.35137109000000	200.00000000000000	1
15	0	3	16	0.000000	0.000000	0.000000	0.000000	30.57676627600000	-96.35153559999998	200.00000000000000	1
16	0	3	16	0.000000	0.000000	0.000000	0.000000	30.57675960171429	-96.35094058285713	200.00000000000000	1
17	0	3	16	0.000000	0.000000	0.000000	0.000000	30.57726119600000	-96.35049213714287	200.00000000000000	1
18	0	3	16	0.000000	0.000000	0.000000	0.000000	30.57758624171429	-96.35058044000002	200.00000000000000	1
19	0	3	16	0.000000	0.000000	0.000000	0.000000	30.57707030457143	-96.35129044000000	200.00000000000000	1
20	0	3	16	0.000000	0.000000	0.000000	0.000000	30.57684688800001	-96.35139365999997	200.00000000000000	1
21	0	3	16	0.000000	0.000000	0.000000	0.000000	30.57684188228572	-96.35094739714285	200.00000000000000	1
22	0	3	16	0.000000	0.000000	0.000000	0.000000	30.57721807800000	-96.35061106285715	200.00000000000000	1
23	0	3	16	0.000000	0.000000	0.000000	0.000000	30.57746186228572	-96.35067729000002	200.00000000000000	1
24	0	3	16	0.000000	0.000000	0.000000	0.000000	30.57707490942857	-96.35120979000000	200.00000000000000	1
25	0	3	16	0.000000	0.000000	0.000000	0.000000	30.57692750000001	-96.35125171999996	200.00000000000000	1
26	0	3	16	0.000000	0.000000	0.000000	0.000000	30.57692416285715	-96.35095421142856	200.00000000000000	1
27	0	3	16	0.000000	0.000000	0.000000	0.000000	30.57717496000000	-96.35072998857144	200.00000000000000	1
28	0	3	16	0.000000	0.000000	0.000000	0.000000	30.57733748285715	-96.35077414000003	200.00000000000000	1
29	0	3	16	0.000000	0.000000	0.000000	0.000000	30.57707951428571	-96.35112914000000	200.00000000000000	1
30	0	3	16	0.000000	0.000000	0.000000	0.000000	30.57700811200001	-96.35110977999996	200.00000000000000	1
31	0	3	16	0.000000	0.000000	0.000000	0.000000	30.57700644342858	-96.35096102571427	200.00000000000000	1
32	0	3	16	0.000000	0.000000	0.000000	0.000000	30.57713184200000	-96.35084891428573	200.00000000000000	1
33	0	3	16	0.000000	0.000000	0.000000	0.000000	30.57721310342858	-96.35087099000003	200.00000000000000	1
34	0	3	16	0.000000	0.000000	0.000000	0.000000	30.57708411914286	-96.35104849000000	200.00000000000000	1
35	0	3	16	0.000000	0.000000	0.000000	0.000000	30.57708872400001	-96.35096783999995	200.00000000000000	1
36	0	3	16	0.000000	0.000000	0.000000	0.000000	30.57705649000000	-96.35153239000000	200.00000000000000	1
37	0	3	16	0.000000	0.000000	0.000000	0.000000	30.57795938000000	-96.35028989000000	200.00000000000000	1
38	0	3	16	0.000000	0.000000	0.000000	0.000000	30.57794273000000	-96.35086595000000	200.00000000000000	1
39	0	3	16	0.000000	0.000000	0.000000	0.000000	30.57714168666667	-96.35144148809525	200.00000000000000	1
40	0	3	16	0.000000	0.000000	0.000000	0.000000	30.57791559238095	-96.35037648809524	200.00000000000000	1
41	0	3	16	0.000000	0.000000	0.000000	0.000000	30.57790132095238	-96.35087025380952	200.00000000000000	1
42	0	3	16	0.000000	0.000000	0.000000	0.000000	30.57722688333333	-96.35135058619049	200.00000000000000	1
43	0	3	16	0.000000	0.000000	0.000000	0.000000	30.57787180476190	-96.35046308619047	200.00000000000000	1
44	0	3	16	0.000000	0.000000	0.000000	0.000000	30.57785991190476	-96.35087455761904	200.00000000000000	1
45	0	3	16	0.000000	0.000000	0.000000	0.000000	30.57731208000000	-96.35125968428574	200.00000000000000	1
46	0	3	16	0.000000	0.000000	0.000000	0.000000	30.57782801714285	-96.35054968428571	200.00000000000000	1
47	0	3	16	0.000000	0.000000	0.000000	0.000000	30.57781850285714	-96.35087886142855	200.00000000000000	1
48	0	3	16	0.000000	0.000000	0.000000	0.000000	30.57739727666667	-96.35116878238098	200.00000000000000	1
49	0	3	16	0.000000	0.000000	0.000000	0.000000	30.57778422952380	-96.35063628238095	200.00000000000000	1
50	0	3	16	0.000000	0.000000	0.000000	0.000000	30.57777709380953	-96.35088316523807	200.00000000000000	1
51	0	3	16	0.000000	0.000000	0.000000	0.000000	30.57748247333334	-96.35107788047623	200.00000000000000	1
52	0	3	16	0.000000	0.000000	0.000000	0.000000	30.57774044190475	-96.35072288047618	200.00000000000000	1
53	0	3	16	0.000000	0.000000	0.000000	0.000000	30.57773568476191	-96.35088746904759	200.00000000000000	1
54	0	3	16	0.000000	0.000000	0.000000	0.000000	30.57756767000000	-96.35098697857147	200.00000000000000	1
55	0	3	16	0.000000	0.000000	0.000000	0.000000	30.57769665428571	-96.35080947857142	200.00000000000000	1
56	0	3	16	0.000000	0.000000	0.000000	0.000000	30.57769427571429	-96.35089177285711	200.00000000000000	1
57	0	3	16	0.000000	0.000000	0.000000	0.000000	30.57765286666667	-96.35089607666671	200.00000000000000	1
58	0	3	16	0.000000	0.000000	0.000000	0.000000	30.57705649000000	-96.35153239000000	200.00000000000000	1
59	0	3	16	0.000000	0.000000	0.000000	0.000000	30.57798762000000	-96.35118706000000	200.00000000000000	1
60	0	3	16	0.000000	0.000000	0.000000	0.000000	30.57748630000000	-96.35146949999999	200.00000000000000	1
61	0	3	16	0.000000	0.000000	0.000000	0.000000	30.57652444000000	-96.35196141999999	200.00000000000000	1
62	0	3	16	0.000000	0.000000	0.000000	0.000000	30.57708609321429	-96.35153313321429	200.00000000000000	1
63	0	3	16	0.000000	0.000000	0.000000	0.000000	30.57788420464286	-96.35123713607143	200.00000000000000	1
64	0	3	16	0.000000	0.000000	0.000000	0.000000	30.57745450178572	-96.35147922749999	200.00000000000000	1
65	0	3	16	0.000000	0.000000	0.000000	0.000000	30.57663005035714	-96.35190087321428	200.00000000000000	1
66	0	3	16	0.000000	0.000000	0.000000	0.000000	30.57711569642857	-96.35153387642858	200.00000000000000	1
67	0	3	16	0.000000	0.000000	0.000000	0.000000	30.57778078928571	-96.35128721214286	200.00000000000000	1
68	0	3	16	0.000000	0.000000	0.000000	0.000000	30.57742270357143	-96.35148895499999	200.00000000000000	1
69	0	3	16	0.000000	0.000000	0.000000	0.000000	30.57673566071428	-96.35184032642856	200.00000000000000	1
70	0	3	16	0.000000	0.000000	0.000000	0.000000	30.57714529964286	-96.35153461964286	200.00000000000000	1
71	0	3	16	0.000000	0.000000	0.000000	0.000000	30.57767737392857	-96.35133728821430	200.00000000000000	1
72	0	3	16	0.000000	0.000000	0.000000	0.000000	30.57739090535715	-96.35149868249999	200.00000000000000	1
73	0	3	16	0.000000	0.000000	0.000000	0.000000	30.57684127107143	-96.35177977964284	200.00000000000000	1
74	0	3	16	0.000000	0.000000	0.000000	0.000000	30.57717490285715	-96.35153536285715	200.00000000000000	1
75	0	3	16	0.000000	0.000000	0.000000	0.000000	30.57757395857143	-96.35138736428573	200.00000000000000	1
76	0	3	16	0.000000	0.000000	0.000000	0.000000	30.57735910714286	-96.35150840999999	200.00000000000000	1
77	0	3	16	0.000000	0.000000	0.000000	0.000000	30.57694688142857	-96.35171923285712	200.00000000000000	1
78	0	3	16	0.000000	0.000000	0.000000	0.000000	30.57720450607144	-96.35153610607144	200.00000000000000	1
79	0	3	16	0.000000	0.000000	0.000000	0.000000	30.57747054321429	-96.35143744035716	200.00000000000000	1
80	0	3	16	0.000000	0.000000	0.000000	0.000000	30.57732730892858	-96.35151813749999	200.00000000000000	1
81	0	3	16	0.000000	0.000000	0.000000	0.000000	30.57705249178571	-96.35165868607140	200.00000000000000	1
82	0	3	16	0.000000	0.000000	0.000000	0.000000	30.57723410928572	-96.35153684928572	200.00000000000000	1
83	0	3	16	0.000000	0.000000	0.000000	0.000000	30.57736712785715	-96.35148751642859	200.00000000000000	1
84	0	3	16	0.000000	0.000000	0.000000	0.000000	30.57729551071430	-96.35152786499999	200.00000000000000	1
85	0	3	16	0.000000	0.000000	0.000000	0.000000	30.57715810214285	-96.35159813928568	200.00000000000000	1
86	0	3	16	0.000000	0.000000	0.000000	0.000000	30.57726371250001	-96.35153759250001	200.00000000000000	1
87	0	3	16	0.000000	0.000000	0.000000	0.000000	30.57748630000000	-96.35146949999999	200.00000000000000	1
88	0	3	16	0.000000	0.000000	0.000000	0.000000	30.57806186000000	-96.35159957000000	200.00000000000000	1
89	0	3	16	0.000000	0.000000	0.000000	0.000000	30.57705670000000	-96.35184664000001	200.00000000000000	1
90	0	3	16	0.000000	0.000000	0.000000	0.000000	30.57652444000000	-96.35196141999999	200.00000000000000	1
91	0	3	16	0.000000	0.000000	0.000000	0.000000	30.57745716071429	-96.35150518321429	200.00000000000000	1
92	0	3	16	0.000000	0.000000	0.000000	0.000000	30.57795049785714	-96.35161667178572	200.00000000000000	1
93	0	3	16	0.000000	0.000000	0.000000	0.000000	30.57708893214286	-96.35182844607144	200.00000000000000	1
94	0	3	16	0.000000	0.000000	0.000000	0.000000	30.57663270928571	-96.35192682892857	200.00000000000000	1
95	0	3	16	0.000000	0.000000	0.000000	0.000000	30.57742802142857	-96.35154086642858	200.00000000000000	1
96	0	3	16	0.000000	0.000000	0.000000	0.000000	30.57783913571429	-96.35163377357144	200.00000000000000	1
97	0	3	16	0.000000	0.000000	0.000000	0.000000	30.57712116428571	-96.35181025214287	200.00000000000000	1
98	0	3	16	0.000000	0.000000	0.000000	0.000000	30.57674097857143	-96.35189223785714	200.00000000000000	1
99	0	3	16	0.000000	0.000000	0.000000	0.000000	30.57739888214286	-96.35157654964287	200.00000000000000	1
100	0	3	16	0.000000	0.000000	0.000000	0.000000	30.57772777357143	-96.35165087535715	200.00000000000000	1
101	0	3	16	0.000000	0.000000	0.000000	0.000000	30.57715339642857	-96.35179205821430	200.00000000000000	1
102	0	3	16	0.000000	0.000000	0.000000	0.000000	30.57684924785714	-96.35185764678572	200.00000000000000	1
103	0	3	16	0.000000	0.000000	0.000000	0.000000	30.57736974285714	-96.35161223285716	200.00000000000000	1
104	0	3	16	0.000000	0.000000	0.000000	0.000000	30.57761641142857	-96.35166797714287	200.00000000000000	1
105	0	3	16	0.000000	0.000000	0.000000	0.000000	30.57718562857143	-96.35177386428573	200.00000000000000	1
106	0	3	16	0.000000	0.000000	0.000000	0.000000	30.57695751714286	-96.35182305571429	200.00000000000000	1
107	0	3	16	0.000000	0.000000	0.000000	0.000000	30.57734060357143	-96.35164791607146	200.00000000000000	1
108	0	3	16	0.000000	0.000000	0.000000	0.000000	30.57750504928572	-96.35168507892858	200.00000000000000	1
109	0	3	16	0.000000	0.000000	0.000000	0.000000	30.57721786071428	-96.35175567035716	200.00000000000000	1
110	0	3	16	0.000000	0.000000	0.000000	0.000000	30.57706578642857	-96.35178846464287	200.00000000000000	1
111	0	3	16	0.000000	0.000000	0.000000	0.000000	30.57731146428571	-96.35168359928575	200.00000000000000	1
112	0	3	16	0.000000	0.000000	0.000000	0.000000	30.57739368714286	-96.35170218071430	200.00000000000000	1
113	0	3	16	0.000000	0.000000	0.000000	0.000000	30.57725009285714	-96.35173747642860	200.00000000000000	1
114	0	3	16	0.000000	0.000000	0.000000	0.000000	30.57717405571429	-96.35175387357144	200.00000000000000	1
115	0	3	16	0.000000	0.000000	0.000000	0.000000	30.57728232500000	-96.35171928250004	200.00000000000000	1
