QGC WPL 110
0	0	0	16	0.000000	0.000000	0.000000	0.000000	30.57823791000000	-96.35155370000000	200.00000000000000	1
1	0	3	16	0.000000	0.000000	0.000000	0.000000	30.57659089000000	-96.35189505000000	200.00000000000000	1
2	0	3	16	0.000000	0.000000	0.000000	0.000000	30.57662536000000	-96.35157393000000	200.00000000000000	1
3	0	3	16	0.000000	0.000000	0.000000	0.000000	30.57717764000000	-96.35140838000000	200.00000000000000	1
4	0	3	16	0.000000	0.000000	0.000000	0.000000	30.57808363000000	-96.35156142357143	200.00000000000000	1
5	0	3	16	0.000000	0.000000	0.000000	0.000000	30.57667189857143	-96.35185400928572	200.00000000000000	1
6	0	3	16	0.000000	0.000000	0.000000	0.000000	30.57670144428571	-96.35157876357142	200.00000000000000	1
7	0	3	16	0.000000	0.000000	0.000000	0.000000	30.57717482714285	-96.35143686357142	200.00000000000000	1
8	0	3	16	0.000000	0.000000	0.000000	0.000000	30.57792935000000	-96.35156914714285	200.00000000000000	1
9	0	3	16	0.000000	0.000000	0.000000	0.000000	30.57675290714285	-96.35181296857144	200.00000000000000	1
10	0	3	16	0.000000	0.000000	0.000000	0.000000	30.57677752857143	-96.35158359714285	200.00000000000000	1
11	0	3	16	0.000000	0.000000	0.000000	0.000000	30.57717201428571	-96.35146534714285	200.00000000000000	1
12	0	3	16	0.000000	0.000000	0.000000	0.000000	30.57777507000000	-96.35157687071428	200.00000000000000	1
13	0	3	16	0.000000	0.000000	0.000000	0.000000	30.57683391571428	-96.35177192785716	200.00000000000000	1
14	0	3	16	0.000000	0.000000	0.000000	0.000000	30.57685361285714	-96.35158843071427	200.00000000000000	1
15	0	3	16	0.000000	0.000000	0.000000	0.000000	30.57716920142857	-96.35149383071428	200.00000000000000	1
16	0	3	16	0.000000	0.000000	0.000000	0.000000	30.57762079000000	-96.35158459428571	200.00000000000000	1
17	0	3	16	0.000000	0.000000	0.000000	0.000000	30.57691492428571	-96.35173088714288	200.00000000000000	1
18	0	3	16	0.000000	0.000000	0.000000	0.000000	30.57692969714285	-96.35159326428570	200.00000000000000	1
19	0	3	16	0.000000	0.000000	0.000000	0.000000	30.57716638857142	-96.35152231428570	200.00000000000000	1
20	0	3	16	0.000000	0.000000	0.000000	0.000000	30.57746651000000	-96.35159231785714	200.00000000000000	1
21	0	3	16	0.000000	0.000000	0.000000	0.000000	30.57699593285714	-96.35168984642860	200.00000000000000	1
22	0	3	16	0.000000	0.000000	0.000000	0.000000	30.57700578142856	-96.35159809785712	200.00000000000000	1
23	0	3	16	0.000000	0.000000	0.000000	0.000000	30.57716357571428	-96.35155079785713	200.00000000000000	1
24	0	3	16	0.000000	0.000000	0.000000	0.000000	30.57731223000000	-96.35160004142857	200.00000000000000	1
25	0	3	16	0.000000	0.000000	0.000000	0.000000	30.57707694142857	-96.35164880571432	200.00000000000000	1
26	0	3	16	0.000000	0.000000	0.000000	0.000000	30.57708186571428	-96.35160293142854	200.00000000000000	1
27	0	3	16	0.000000	0.000000	0.000000	0.000000	30.57716076285714	-96.35157928142856	200.00000000000000	1
28	0	3	16	0.000000	0.000000	0.000000	0.000000	30.57715795000000	-96.35160776500000	200.00000000000000	1
29	0	3	16	0.000000	0.000000	0.000000	0.000000	30.57717764000000	-96.35140838000000	200.00000000000000	1
30	0	3	16	0.000000	0.000000	0.000000	0.000000	30.57662536000000	-96.35157393000000	200.00000000000000	1
31	0	3	16	0.000000	0.000000	0.000000	0.000000	30.57653286000000	-96.35158149000000	200.00000000000000	1
32	0	3	16	0.000000	0.000000	0.000000	0.000000	30.57689213000000	-96.35113280000000	200.00000000000000	1
33	0	3	16	0.000000	0.000000	0.000000	0.000000	30.57826816000000	-96.35015645000000	200.00000000000000	1
34	0	3	16	0.000000	0.000000	0.000000	0.000000	30.57716643857143	-96.35137441285714	200.00000000000000	1
35	0	3	16	0.000000	0.000000	0.000000	0.000000	30.57669305571429	-96.35151631285714	200.00000000000000	1
36	0	3	16	0.000000	0.000000	0.000000	0.000000	30.57661377000000	-96.35152279285714	200.00000000000000	1
37	0	3	16	0.000000	0.000000	0.000000	0.000000	30.57692171571428	-96.35113820142857	200.00000000000000	1
38	0	3	16	0.000000	0.000000	0.000000	0.000000	30.57810117000000	-96.35030132999999	200.00000000000000	1
39	0	3	16	0.000000	0.000000	0.000000	0.000000	30.57715523714286	-96.35134044571429	200.00000000000000	1
40	0	3	16	0.000000	0.000000	0.000000	0.000000	30.57676075142857	-96.35145869571429	200.00000000000000	1
41	0	3	16	0.000000	0.000000	0.000000	0.000000	30.57669468000000	-96.35146409571428	200.00000000000000	1
42	0	3	16	0.000000	0.000000	0.000000	0.000000	30.57695130142857	-96.35114360285714	200.00000000000000	1
43	0	3	16	0.000000	0.000000	0.000000	0.000000	30.57793418000000	-96.35044620999999	200.00000000000000	1
44	0	3	16	0.000000	0.000000	0.000000	0.000000	30.57714403571429	-96.35130647857143	200.00000000000000	1
45	0	3	16	0.000000	0.000000	0.000000	0.000000	30.57682844714286	-96.35140107857143	200.00000000000000	1
46	0	3	16	0.000000	0.000000	0.000000	0.000000	30.57677559000000	-96.35140539857142	200.00000000000000	1
47	0	3	16	0.000000	0.000000	0.000000	0.000000	30.57698088714285	-96.35114900428570	200.00000000000000	1
48	0	3	16	0.000000	0.000000	0.000000	0.000000	30.57776719000000	-96.35059108999998	200.00000000000000	1
49	0	3	16	0.000000	0.000000	0.000000	0.000000	30.57713283428572	-96.35127251142858	200.00000000000000	1
50	0	3	16	0.000000	0.000000	0.000000	0.000000	30.57689614285714	-96.35134346142857	200.00000000000000	1
51	0	3	16	0.000000	0.000000	0.000000	0.000000	30.57685650000001	-96.35134670142855	200.00000000000000	1
52	0	3	16	0.000000	0.000000	0.000000	0.000000	30.57701047285714	-96.35115440571427	200.00000000000000	1
53	0	3	16	0.000000	0.000000	0.000000	0.000000	30.57760020000000	-96.35073596999997	200.00000000000000	1
54	0	3	16	0.000000	0.000000	0.000000	0.000000	30.57712163285715	-96.35123854428572	200.00000000000000	1
55	0	3	16	0.000000	0.000000	0.000000	0.000000	30.57696383857143	-96.35128584428571	200.00000000000000	1
56	0	3	16	0.000000	0.000000	0.000000	0.000000	30.57693741000001	-96.35128800428569	200.00000000000000	1
57	0	3	16	0.000000	0.000000	0.000000	0.000000	30.57704005857142	-96.35115980714284	200.00000000000000	1
58	0	3	16	0.000000	0.000000	0.000000	0.000000	30.57743321000000	-96.35088084999997	200.00000000000000	1
59	0	3	16	0.000000	0.000000	0.000000	0.000000	30.57711043142858	-96.35120457714287	200.00000000000000	1
60	0	3	16	0.000000	0.000000	0.000000	0.000000	30.57703153428572	-96.35122822714285	200.00000000000000	1
61	0	3	16	0.000000	0.000000	0.000000	0.000000	30.57701832000001	-96.35122930714283	200.00000000000000	1
62	0	3	16	0.000000	0.000000	0.000000	0.000000	30.57706964428570	-96.35116520857140	200.00000000000000	1
63	0	3	16	0.000000	0.000000	0.000000	0.000000	30.57726622000000	-96.35102572999996	200.00000000000000	1
64	0	3	16	0.000000	0.000000	0.000000	0.000000	30.57709923000001	-96.35117061000001	200.00000000000000	1
65	0	3	16	0.000000	0.000000	0.000000	0.000000	30.57717764000000	-96.35140838000000	200.00000000000000	1
66	0	3	16	0.000000	0.000000	0.000000	0.000000	30.57791249000000	-96.35108925999999	200.00000000000000	1
67	0	3	16	0.000000	0.000000	0.000000	0.000000	30.57841185000000	-96.35104430000000	200.00000000000000	1
68	0	3	16	0.000000	0.000000	0.000000	0.000000	30.57842499000000	-96.35114315000000	200.00000000000000	1
69	0	3	16	0.000000	0.000000	0.000000	0.000000	30.57823791000000	-96.35155370000000	200.00000000000000	1
70	0	3	16	0.000000	0.000000	0.000000	0.000000	30.57729983085714	-96.35138543399999	200.00000000000000	1
71	0	3	16	0.000000	0.000000	0.000000	0.000000	30.57792970228571	-96.35111190257142	200.00000000000000	1
72	0	3	16	0.000000	0.000000	0.000000	0.000000	30.57835772514285	-96.35107336542858	200.00000000000000	1
73	0	3	16	0.000000	0.000000	0.000000	0.000000	30.57836898800000	-96.35115809400000	200.00000000000000	1
74	0	3	16	0.000000	0.000000	0.000000	0.000000	30.57820863371428	-96.35150999400000	200.00000000000000	1
75	0	3	16	0.000000	0.000000	0.000000	0.000000	30.57742202171428	-96.35136248799999	200.00000000000000	1
76	0	3	16	0.000000	0.000000	0.000000	0.000000	30.57794691457142	-96.35113454514284	200.00000000000000	1
77	0	3	16	0.000000	0.000000	0.000000	0.000000	30.57830360028571	-96.35110243085715	200.00000000000000	1
78	0	3	16	0.000000	0.000000	0.000000	0.000000	30.57831298600000	-96.35117303800000	200.00000000000000	1
79	0	3	16	0.000000	0.000000	0.000000	0.000000	30.57817935742857	-96.35146628800000	200.00000000000000	1
80	0	3	16	0.000000	0.000000	0.000000	0.000000	30.57754421257142	-96.35133954199999	200.00000000000000	1
81	0	3	16	0.000000	0.000000	0.000000	0.000000	30.57796412685714	-96.35115718771426	200.00000000000000	1
82	0	3	16	0.000000	0.000000	0.000000	0.000000	30.57824947542857	-96.35113149628573	200.00000000000000	1
83	0	3	16	0.000000	0.000000	0.000000	0.000000	30.57825698400000	-96.35118798200000	200.00000000000000	1
84	0	3	16	0.000000	0.000000	0.000000	0.000000	30.57815008114285	-96.35142258200000	200.00000000000000	1
85	0	3	16	0.000000	0.000000	0.000000	0.000000	30.57766640342856	-96.35131659599999	200.00000000000000	1
86	0	3	16	0.000000	0.000000	0.000000	0.000000	30.57798133914285	-96.35117983028569	200.00000000000000	1
87	0	3	16	0.000000	0.000000	0.000000	0.000000	30.57819535057142	-96.35116056171431	200.00000000000000	1
88	0	3	16	0.000000	0.000000	0.000000	0.000000	30.57820098199999	-96.35120292600000	200.00000000000000	1
89	0	3	16	0.000000	0.000000	0.000000	0.000000	30.57812080485714	-96.35137887600000	200.00000000000000	1
90	0	3	16	0.000000	0.000000	0.000000	0.000000	30.57778859428570	-96.35129364999999	200.00000000000000	1
91	0	3	16	0.000000	0.000000	0.000000	0.000000	30.57799855142856	-96.35120247285711	200.00000000000000	1
92	0	3	16	0.000000	0.000000	0.000000	0.000000	30.57814122571428	-96.35118962714289	200.00000000000000	1
93	0	3	16	0.000000	0.000000	0.000000	0.000000	30.57814497999999	-96.35121787000000	200.00000000000000	1
94	0	3	16	0.000000	0.000000	0.000000	0.000000	30.57809152857142	-96.35133517000000	200.00000000000000	1
95	0	3	16	0.000000	0.000000	0.000000	0.000000	30.57791078514284	-96.35127070399999	200.00000000000000	1
96	0	3	16	0.000000	0.000000	0.000000	0.000000	30.57801576371427	-96.35122511542853	200.00000000000000	1
97	0	3	16	0.000000	0.000000	0.000000	0.000000	30.57808710085714	-96.35121869257146	200.00000000000000	1
98	0	3	16	0.000000	0.000000	0.000000	0.000000	30.57808897799999	-96.35123281400000	200.00000000000000	1
99	0	3	16	0.000000	0.000000	0.000000	0.000000	30.57806225228570	-96.35129146400000	200.00000000000000	1
100	0	3	16	0.000000	0.000000	0.000000	0.000000	30.57803297599999	-96.35124775799999	200.00000000000000	1
