QGC WPL 110
0	0	0	16	0.000000	0.000000	0.000000	0.000000	30.57796522000000	-96.35081353000000	200.00000000000000	1
1	0	3	16	0.000000	0.000000	0.000000	0.000000	30.57850240000000	-96.35137647000001	200.00000000000000	1
2	0	3	16	0.000000	0.000000	0.000000	0.000000	30.57822886000000	-96.35184920000000	200.00000000000000	1
3	0	3	16	0.000000	0.000000	0.000000	0.000000	30.57756266000000	-96.35137473000000	200.00000000000000	1
4	0	3	16	0.000000	0.000000	0.000000	0.000000	30.57797944357143	-96.35089066607142	200.00000000000000	1
5	0	3	16	0.000000	0.000000	0.000000	0.000000	30.57843988357143	-96.35137318607143	200.00000000000000	1
6	0	3	16	0.000000	0.000000	0.000000	0.000000	30.57820542071428	-96.35177838321430	200.00000000000000	1
7	0	3	16	0.000000	0.000000	0.000000	0.000000	30.57763439214286	-96.35137169464286	200.00000000000000	1
8	0	3	16	0.000000	0.000000	0.000000	0.000000	30.57799366714286	-96.35096780214285	200.00000000000000	1
9	0	3	16	0.000000	0.000000	0.000000	0.000000	30.57837736714286	-96.35136990214285	200.00000000000000	1
10	0	3	16	0.000000	0.000000	0.000000	0.000000	30.57818198142857	-96.35170756642859	200.00000000000000	1
11	0	3	16	0.000000	0.000000	0.000000	0.000000	30.57770612428572	-96.35136865928573	200.00000000000000	1
12	0	3	16	0.000000	0.000000	0.000000	0.000000	30.57800789071429	-96.35104493821427	200.00000000000000	1
13	0	3	16	0.000000	0.000000	0.000000	0.000000	30.57831485071429	-96.35136661821427	200.00000000000000	1
14	0	3	16	0.000000	0.000000	0.000000	0.000000	30.57815854214285	-96.35163674964288	200.00000000000000	1
15	0	3	16	0.000000	0.000000	0.000000	0.000000	30.57777785642857	-96.35136562392859	200.00000000000000	1
16	0	3	16	0.000000	0.000000	0.000000	0.000000	30.57802211428572	-96.35112207428570	200.00000000000000	1
17	0	3	16	0.000000	0.000000	0.000000	0.000000	30.57825233428572	-96.35136333428569	200.00000000000000	1
18	0	3	16	0.000000	0.000000	0.000000	0.000000	30.57813510285714	-96.35156593285717	200.00000000000000	1
19	0	3	16	0.000000	0.000000	0.000000	0.000000	30.57784958857143	-96.35136258857145	200.00000000000000	1
20	0	3	16	0.000000	0.000000	0.000000	0.000000	30.57803633785715	-96.35119921035712	200.00000000000000	1
21	0	3	16	0.000000	0.000000	0.000000	0.000000	30.57818981785715	-96.35136005035712	200.00000000000000	1
22	0	3	16	0.000000	0.000000	0.000000	0.000000	30.57811166357142	-96.35149511607146	200.00000000000000	1
23	0	3	16	0.000000	0.000000	0.000000	0.000000	30.57792132071429	-96.35135955321431	200.00000000000000	1
24	0	3	16	0.000000	0.000000	0.000000	0.000000	30.57805056142858	-96.35127634642855	200.00000000000000	1
25	0	3	16	0.000000	0.000000	0.000000	0.000000	30.57812730142858	-96.35135676642854	200.00000000000000	1
26	0	3	16	0.000000	0.000000	0.000000	0.000000	30.57808822428570	-96.35142429928575	200.00000000000000	1
27	0	3	16	0.000000	0.000000	0.000000	0.000000	30.57799305285714	-96.35135651785717	200.00000000000000	1
28	0	3	16	0.000000	0.000000	0.000000	0.000000	30.57806478500001	-96.35135348249997	200.00000000000000	1
29	0	3	16	0.000000	0.000000	0.000000	0.000000	30.57756266000000	-96.35137473000000	200.00000000000000	1
30	0	3	16	0.000000	0.000000	0.000000	0.000000	30.57656800000000	-96.35168317000000	200.00000000000000	1
31	0	3	16	0.000000	0.000000	0.000000	0.000000	30.57750056000000	-96.35108504999999	200.00000000000000	1
32	0	3	16	0.000000	0.000000	0.000000	0.000000	30.57796522000000	-96.35081353000000	200.00000000000000	1
33	0	3	16	0.000000	0.000000	0.000000	0.000000	30.57753929571429	-96.35135535714286	200.00000000000000	1
34	0	3	16	0.000000	0.000000	0.000000	0.000000	30.57668673000000	-96.35161973428572	200.00000000000000	1
35	0	3	16	0.000000	0.000000	0.000000	0.000000	30.57748606714286	-96.35110705999999	200.00000000000000	1
36	0	3	16	0.000000	0.000000	0.000000	0.000000	30.57788434714286	-96.35087432857142	200.00000000000000	1
37	0	3	16	0.000000	0.000000	0.000000	0.000000	30.57751593142858	-96.35133598428573	200.00000000000000	1
38	0	3	16	0.000000	0.000000	0.000000	0.000000	30.57680546000000	-96.35155629857144	200.00000000000000	1
39	0	3	16	0.000000	0.000000	0.000000	0.000000	30.57747157428571	-96.35112906999998	200.00000000000000	1
40	0	3	16	0.000000	0.000000	0.000000	0.000000	30.57780347428571	-96.35093512714285	200.00000000000000	1
41	0	3	16	0.000000	0.000000	0.000000	0.000000	30.57749256714286	-96.35131661142859	200.00000000000000	1
42	0	3	16	0.000000	0.000000	0.000000	0.000000	30.57692419000000	-96.35149286285716	200.00000000000000	1
43	0	3	16	0.000000	0.000000	0.000000	0.000000	30.57745708142857	-96.35115107999998	200.00000000000000	1
44	0	3	16	0.000000	0.000000	0.000000	0.000000	30.57772260142857	-96.35099592571427	200.00000000000000	1
45	0	3	16	0.000000	0.000000	0.000000	0.000000	30.57746920285715	-96.35129723857145	200.00000000000000	1
46	0	3	16	0.000000	0.000000	0.000000	0.000000	30.57704292000000	-96.35142942714288	200.00000000000000	1
47	0	3	16	0.000000	0.000000	0.000000	0.000000	30.57744258857143	-96.35117308999997	200.00000000000000	1
48	0	3	16	0.000000	0.000000	0.000000	0.000000	30.57764172857143	-96.35105672428570	200.00000000000000	1
49	0	3	16	0.000000	0.000000	0.000000	0.000000	30.57744583857144	-96.35127786571431	200.00000000000000	1
50	0	3	16	0.000000	0.000000	0.000000	0.000000	30.57716165000000	-96.35136599142859	200.00000000000000	1
51	0	3	16	0.000000	0.000000	0.000000	0.000000	30.57742809571428	-96.35119509999997	200.00000000000000	1
52	0	3	16	0.000000	0.000000	0.000000	0.000000	30.57756085571428	-96.35111752285712	200.00000000000000	1
53	0	3	16	0.000000	0.000000	0.000000	0.000000	30.57742247428572	-96.35125849285717	200.00000000000000	1
54	0	3	16	0.000000	0.000000	0.000000	0.000000	30.57728038000000	-96.35130255571431	200.00000000000000	1
55	0	3	16	0.000000	0.000000	0.000000	0.000000	30.57741360285714	-96.35121710999996	200.00000000000000	1
56	0	3	16	0.000000	0.000000	0.000000	0.000000	30.57747998285714	-96.35117832142855	200.00000000000000	1
57	0	3	16	0.000000	0.000000	0.000000	0.000000	30.57739911000001	-96.35123912000003	200.00000000000000	1
58	0	3	16	0.000000	0.000000	0.000000	0.000000	30.57750056000000	-96.35108504999999	200.00000000000000	1
59	0	3	16	0.000000	0.000000	0.000000	0.000000	30.57656800000000	-96.35168317000000	200.00000000000000	1
60	0	3	16	0.000000	0.000000	0.000000	0.000000	30.57697378000000	-96.35064461000000	200.00000000000000	1
61	0	3	16	0.000000	0.000000	0.000000	0.000000	30.57743106761905	-96.35109255857142	200.00000000000000	1
62	0	3	16	0.000000	0.000000	0.000000	0.000000	30.57663173047619	-96.35160523285714	200.00000000000000	1
63	0	3	16	0.000000	0.000000	0.000000	0.000000	30.57697954190476	-96.35071503857144	200.00000000000000	1
64	0	3	16	0.000000	0.000000	0.000000	0.000000	30.57736157523810	-96.35110006714285	200.00000000000000	1
65	0	3	16	0.000000	0.000000	0.000000	0.000000	30.57669546095238	-96.35152729571428	200.00000000000000	1
66	0	3	16	0.000000	0.000000	0.000000	0.000000	30.57698530380953	-96.35078546714287	200.00000000000000	1
67	0	3	16	0.000000	0.000000	0.000000	0.000000	30.57729208285715	-96.35110757571428	200.00000000000000	1
68	0	3	16	0.000000	0.000000	0.000000	0.000000	30.57675919142857	-96.35144935857141	200.00000000000000	1
69	0	3	16	0.000000	0.000000	0.000000	0.000000	30.57699106571429	-96.35085589571430	200.00000000000000	1
70	0	3	16	0.000000	0.000000	0.000000	0.000000	30.57722259047619	-96.35111508428571	200.00000000000000	1
71	0	3	16	0.000000	0.000000	0.000000	0.000000	30.57682292190476	-96.35137142142855	200.00000000000000	1
72	0	3	16	0.000000	0.000000	0.000000	0.000000	30.57699682761905	-96.35092632428574	200.00000000000000	1
73	0	3	16	0.000000	0.000000	0.000000	0.000000	30.57715309809524	-96.35112259285714	200.00000000000000	1
74	0	3	16	0.000000	0.000000	0.000000	0.000000	30.57688665238095	-96.35129348428569	200.00000000000000	1
75	0	3	16	0.000000	0.000000	0.000000	0.000000	30.57700258952381	-96.35099675285717	200.00000000000000	1
76	0	3	16	0.000000	0.000000	0.000000	0.000000	30.57708360571429	-96.35113010142857	200.00000000000000	1
77	0	3	16	0.000000	0.000000	0.000000	0.000000	30.57695038285713	-96.35121554714283	200.00000000000000	1
78	0	3	16	0.000000	0.000000	0.000000	0.000000	30.57700835142858	-96.35106718142860	200.00000000000000	1
79	0	3	16	0.000000	0.000000	0.000000	0.000000	30.57701411333334	-96.35113760999999	200.00000000000000	1
80	0	3	16	0.000000	0.000000	0.000000	0.000000	30.57697378000000	-96.35064461000000	200.00000000000000	1
81	0	3	16	0.000000	0.000000	0.000000	0.000000	30.57656800000000	-96.35168317000000	200.00000000000000	1
82	0	3	16	0.000000	0.000000	0.000000	0.000000	30.57663720000000	-96.35055975000000	200.00000000000000	1
83	0	3	16	0.000000	0.000000	0.000000	0.000000	30.57706896000000	-96.35031361999999	200.00000000000000	1
84	0	3	16	0.000000	0.000000	0.000000	0.000000	30.57695066642857	-96.35066684964286	200.00000000000000	1
85	0	3	16	0.000000	0.000000	0.000000	0.000000	30.57660285500000	-96.35155704392858	200.00000000000000	1
86	0	3	16	0.000000	0.000000	0.000000	0.000000	30.57666216928572	-96.35059411250000	200.00000000000000	1
87	0	3	16	0.000000	0.000000	0.000000	0.000000	30.57703224928571	-96.35038314392857	200.00000000000000	1
88	0	3	16	0.000000	0.000000	0.000000	0.000000	30.57692755285714	-96.35068908928572	200.00000000000000	1
89	0	3	16	0.000000	0.000000	0.000000	0.000000	30.57663771000000	-96.35143091785716	200.00000000000000	1
90	0	3	16	0.000000	0.000000	0.000000	0.000000	30.57668713857143	-96.35062847500001	200.00000000000000	1
91	0	3	16	0.000000	0.000000	0.000000	0.000000	30.57699553857142	-96.35045266785714	200.00000000000000	1
92	0	3	16	0.000000	0.000000	0.000000	0.000000	30.57690443928571	-96.35071132892858	200.00000000000000	1
93	0	3	16	0.000000	0.000000	0.000000	0.000000	30.57667256500000	-96.35130479178574	200.00000000000000	1
94	0	3	16	0.000000	0.000000	0.000000	0.000000	30.57671210785714	-96.35066283750001	200.00000000000000	1
95	0	3	16	0.000000	0.000000	0.000000	0.000000	30.57695882785714	-96.35052219178571	200.00000000000000	1
96	0	3	16	0.000000	0.000000	0.000000	0.000000	30.57688132571428	-96.35073356857144	200.00000000000000	1
97	0	3	16	0.000000	0.000000	0.000000	0.000000	30.57670742000000	-96.35117866571431	200.00000000000000	1
98	0	3	16	0.000000	0.000000	0.000000	0.000000	30.57673707714286	-96.35069720000001	200.00000000000000	1
99	0	3	16	0.000000	0.000000	0.000000	0.000000	30.57692211714285	-96.35059171571429	200.00000000000000	1
100	0	3	16	0.000000	0.000000	0.000000	0.000000	30.57685821214285	-96.35075580821430	200.00000000000000	1
101	0	3	16	0.000000	0.000000	0.000000	0.000000	30.57674227500000	-96.35105253964289	200.00000000000000	1
102	0	3	16	0.000000	0.000000	0.000000	0.000000	30.57676204642857	-96.35073156250002	200.00000000000000	1
103	0	3	16	0.000000	0.000000	0.000000	0.000000	30.57688540642856	-96.35066123964286	200.00000000000000	1
104	0	3	16	0.000000	0.000000	0.000000	0.000000	30.57683509857142	-96.35077804785716	200.00000000000000	1
105	0	3	16	0.000000	0.000000	0.000000	0.000000	30.57677713000000	-96.35092641357147	200.00000000000000	1
106	0	3	16	0.000000	0.000000	0.000000	0.000000	30.57678701571429	-96.35076592500002	200.00000000000000	1
107	0	3	16	0.000000	0.000000	0.000000	0.000000	30.57684869571428	-96.35073076357143	200.00000000000000	1
108	0	3	16	0.000000	0.000000	0.000000	0.000000	30.57681198499999	-96.35080028750002	200.00000000000000	1
109	0	3	16	0.000000	0.000000	0.000000	0.000000	30.57663720000000	-96.35055975000000	200.00000000000000	1
110	0	3	16	0.000000	0.000000	0.000000	0.000000	30.57654112000000	-96.35045396000000	200.00000000000000	1
111	0	3	16	0.000000	0.000000	0.000000	0.000000	30.57706896000000	-96.35031361999999	200.00000000000000	1
112	0	3	16	0.000000	0.000000	0.000000	0.000000	30.57665318476191	-96.35054299190476	200.00000000000000	1
113	0	3	16	0.000000	0.000000	0.000000	0.000000	30.57657083047619	-96.35045231476190	200.00000000000000	1
114	0	3	16	0.000000	0.000000	0.000000	0.000000	30.57702326476190	-96.35033202333332	200.00000000000000	1
115	0	3	16	0.000000	0.000000	0.000000	0.000000	30.57666916952381	-96.35052623380952	200.00000000000000	1
116	0	3	16	0.000000	0.000000	0.000000	0.000000	30.57660054095238	-96.35045066952379	200.00000000000000	1
117	0	3	16	0.000000	0.000000	0.000000	0.000000	30.57697756952381	-96.35035042666665	200.00000000000000	1
118	0	3	16	0.000000	0.000000	0.000000	0.000000	30.57668515428572	-96.35050947571428	200.00000000000000	1
119	0	3	16	0.000000	0.000000	0.000000	0.000000	30.57663025142858	-96.35044902428569	200.00000000000000	1
120	0	3	16	0.000000	0.000000	0.000000	0.000000	30.57693187428571	-96.35036882999998	200.00000000000000	1
121	0	3	16	0.000000	0.000000	0.000000	0.000000	30.57670113904762	-96.35049271761903	200.00000000000000	1
122	0	3	16	0.000000	0.000000	0.000000	0.000000	30.57665996190477	-96.35044737904759	200.00000000000000	1
123	0	3	16	0.000000	0.000000	0.000000	0.000000	30.57688617904761	-96.35038723333331	200.00000000000000	1
124	0	3	16	0.000000	0.000000	0.000000	0.000000	30.57671712380953	-96.35047595952379	200.00000000000000	1
125	0	3	16	0.000000	0.000000	0.000000	0.000000	30.57668967238096	-96.35044573380949	200.00000000000000	1
126	0	3	16	0.000000	0.000000	0.000000	0.000000	30.57684048380952	-96.35040563666664	200.00000000000000	1
127	0	3	16	0.000000	0.000000	0.000000	0.000000	30.57673310857143	-96.35045920142855	200.00000000000000	1
128	0	3	16	0.000000	0.000000	0.000000	0.000000	30.57671938285715	-96.35044408857139	200.00000000000000	1
129	0	3	16	0.000000	0.000000	0.000000	0.000000	30.57679478857142	-96.35042403999996	200.00000000000000	1
130	0	3	16	0.000000	0.000000	0.000000	0.000000	30.57674909333334	-96.35044244333331	200.00000000000000	1
