QGC WPL 110
0	0	0	16	0.000000	0.000000	0.000000	0.000000	30.57726915000000	-96.35146005999999	200.00000000000000	1
1	0	3	16	0.000000	0.000000	0.000000	0.000000	30.57786527000000	-96.35156384000000	200.00000000000000	1
2	0	3	16	0.000000	0.000000	0.000000	0.000000	30.57826217000000	-96.35192204000001	200.00000000000000	1
3	0	3	16	0.000000	0.000000	0.000000	0.000000	30.57706200000000	-96.35184488000000	200.00000000000000	1
4	0	3	16	0.000000	0.000000	0.000000	0.000000	30.57731850678571	-96.35149400928572	200.00000000000000	1
5	0	3	16	0.000000	0.000000	0.000000	0.000000	30.57782946678572	-96.35158296357143	200.00000000000000	1
6	0	3	16	0.000000	0.000000	0.000000	0.000000	30.57816966678571	-96.35188999214286	200.00000000000000	1
7	0	3	16	0.000000	0.000000	0.000000	0.000000	30.57714094964286	-96.35182385500001	200.00000000000000	1
8	0	3	16	0.000000	0.000000	0.000000	0.000000	30.57736786357142	-96.35152795857144	200.00000000000000	1
9	0	3	16	0.000000	0.000000	0.000000	0.000000	30.57779366357143	-96.35160208714287	200.00000000000000	1
10	0	3	16	0.000000	0.000000	0.000000	0.000000	30.57807716357143	-96.35185794428571	200.00000000000000	1
11	0	3	16	0.000000	0.000000	0.000000	0.000000	30.57721989928571	-96.35180283000001	200.00000000000000	1
12	0	3	16	0.000000	0.000000	0.000000	0.000000	30.57741722035714	-96.35156190785716	200.00000000000000	1
13	0	3	16	0.000000	0.000000	0.000000	0.000000	30.57775786035715	-96.35162121071430	200.00000000000000	1
14	0	3	16	0.000000	0.000000	0.000000	0.000000	30.57798466035714	-96.35182589642856	200.00000000000000	1
15	0	3	16	0.000000	0.000000	0.000000	0.000000	30.57729884892857	-96.35178180500002	200.00000000000000	1
16	0	3	16	0.000000	0.000000	0.000000	0.000000	30.57746657714285	-96.35159585714288	200.00000000000000	1
17	0	3	16	0.000000	0.000000	0.000000	0.000000	30.57772205714286	-96.35164033428573	200.00000000000000	1
18	0	3	16	0.000000	0.000000	0.000000	0.000000	30.57789215714285	-96.35179384857142	200.00000000000000	1
19	0	3	16	0.000000	0.000000	0.000000	0.000000	30.57737779857142	-96.35176078000002	200.00000000000000	1
20	0	3	16	0.000000	0.000000	0.000000	0.000000	30.57751593392856	-96.35162980642860	200.00000000000000	1
21	0	3	16	0.000000	0.000000	0.000000	0.000000	30.57768625392858	-96.35165945785717	200.00000000000000	1
22	0	3	16	0.000000	0.000000	0.000000	0.000000	30.57779965392857	-96.35176180071427	200.00000000000000	1
23	0	3	16	0.000000	0.000000	0.000000	0.000000	30.57745674821428	-96.35173975500003	200.00000000000000	1
24	0	3	16	0.000000	0.000000	0.000000	0.000000	30.57756529071428	-96.35166375571433	200.00000000000000	1
25	0	3	16	0.000000	0.000000	0.000000	0.000000	30.57765045071429	-96.35167858142860	200.00000000000000	1
26	0	3	16	0.000000	0.000000	0.000000	0.000000	30.57770715071428	-96.35172975285712	200.00000000000000	1
27	0	3	16	0.000000	0.000000	0.000000	0.000000	30.57753569785713	-96.35171873000003	200.00000000000000	1
28	0	3	16	0.000000	0.000000	0.000000	0.000000	30.57761464749999	-96.35169770500005	200.00000000000000	1
29	0	3	16	0.000000	0.000000	0.000000	0.000000	30.57726915000000	-96.35146005999999	200.00000000000000	1
30	0	3	16	0.000000	0.000000	0.000000	0.000000	30.57706200000000	-96.35184488000000	200.00000000000000	1
31	0	3	16	0.000000	0.000000	0.000000	0.000000	30.57651260000000	-96.35159597000001	200.00000000000000	1
32	0	3	16	0.000000	0.000000	0.000000	0.000000	30.57668855000000	-96.35093062000000	200.00000000000000	1
33	0	3	16	0.000000	0.000000	0.000000	0.000000	30.57692859000000	-96.35084197000000	200.00000000000000	1
34	0	3	16	0.000000	0.000000	0.000000	0.000000	30.57721529685714	-96.35144215142857	200.00000000000000	1
35	0	3	16	0.000000	0.000000	0.000000	0.000000	30.57703773971429	-96.35177199714286	200.00000000000000	1
36	0	3	16	0.000000	0.000000	0.000000	0.000000	30.57656682542857	-96.35155864571429	200.00000000000000	1
37	0	3	16	0.000000	0.000000	0.000000	0.000000	30.57671763971429	-96.35098834571428	200.00000000000000	1
38	0	3	16	0.000000	0.000000	0.000000	0.000000	30.57692338828572	-96.35091236000001	200.00000000000000	1
39	0	3	16	0.000000	0.000000	0.000000	0.000000	30.57716144371429	-96.35142424285715	200.00000000000000	1
40	0	3	16	0.000000	0.000000	0.000000	0.000000	30.57701347942858	-96.35169911428572	200.00000000000000	1
41	0	3	16	0.000000	0.000000	0.000000	0.000000	30.57662105085714	-96.35152132142858	200.00000000000000	1
42	0	3	16	0.000000	0.000000	0.000000	0.000000	30.57674672942857	-96.35104607142857	200.00000000000000	1
43	0	3	16	0.000000	0.000000	0.000000	0.000000	30.57691818657143	-96.35098275000001	200.00000000000000	1
44	0	3	16	0.000000	0.000000	0.000000	0.000000	30.57710759057143	-96.35140633428573	200.00000000000000	1
45	0	3	16	0.000000	0.000000	0.000000	0.000000	30.57698921914286	-96.35162623142858	200.00000000000000	1
46	0	3	16	0.000000	0.000000	0.000000	0.000000	30.57667527628571	-96.35148399714286	200.00000000000000	1
47	0	3	16	0.000000	0.000000	0.000000	0.000000	30.57677581914286	-96.35110379714286	200.00000000000000	1
48	0	3	16	0.000000	0.000000	0.000000	0.000000	30.57691298485715	-96.35105314000002	200.00000000000000	1
49	0	3	16	0.000000	0.000000	0.000000	0.000000	30.57705373742858	-96.35138842571430	200.00000000000000	1
50	0	3	16	0.000000	0.000000	0.000000	0.000000	30.57696495885715	-96.35155334857144	200.00000000000000	1
51	0	3	16	0.000000	0.000000	0.000000	0.000000	30.57672950171428	-96.35144667285715	200.00000000000000	1
52	0	3	16	0.000000	0.000000	0.000000	0.000000	30.57680490885714	-96.35116152285714	200.00000000000000	1
53	0	3	16	0.000000	0.000000	0.000000	0.000000	30.57690778314286	-96.35112353000002	200.00000000000000	1
54	0	3	16	0.000000	0.000000	0.000000	0.000000	30.57699988428572	-96.35137051714288	200.00000000000000	1
55	0	3	16	0.000000	0.000000	0.000000	0.000000	30.57694069857144	-96.35148046571430	200.00000000000000	1
56	0	3	16	0.000000	0.000000	0.000000	0.000000	30.57678372714285	-96.35140934857144	200.00000000000000	1
57	0	3	16	0.000000	0.000000	0.000000	0.000000	30.57683399857143	-96.35121924857143	200.00000000000000	1
58	0	3	16	0.000000	0.000000	0.000000	0.000000	30.57690258142858	-96.35119392000003	200.00000000000000	1
59	0	3	16	0.000000	0.000000	0.000000	0.000000	30.57694603114287	-96.35135260857146	200.00000000000000	1
60	0	3	16	0.000000	0.000000	0.000000	0.000000	30.57691643828572	-96.35140758285716	200.00000000000000	1
61	0	3	16	0.000000	0.000000	0.000000	0.000000	30.57683795257142	-96.35137202428572	200.00000000000000	1
62	0	3	16	0.000000	0.000000	0.000000	0.000000	30.57686308828571	-96.35127697428571	200.00000000000000	1
63	0	3	16	0.000000	0.000000	0.000000	0.000000	30.57689737971430	-96.35126431000003	200.00000000000000	1
64	0	3	16	0.000000	0.000000	0.000000	0.000000	30.57689217800001	-96.35133470000004	200.00000000000000	1
65	0	3	16	0.000000	0.000000	0.000000	0.000000	30.57668855000000	-96.35093062000000	200.00000000000000	1
66	0	3	16	0.000000	0.000000	0.000000	0.000000	30.57729971000000	-96.35032587000001	200.00000000000000	1
67	0	3	16	0.000000	0.000000	0.000000	0.000000	30.57692859000000	-96.35084197000000	200.00000000000000	1
68	0	3	16	0.000000	0.000000	0.000000	0.000000	30.57672908333333	-96.35089760095238	200.00000000000000	1
69	0	3	16	0.000000	0.000000	0.000000	0.000000	30.57725293476190	-96.35037924380953	200.00000000000000	1
70	0	3	16	0.000000	0.000000	0.000000	0.000000	30.57693483190476	-96.35082161523810	200.00000000000000	1
71	0	3	16	0.000000	0.000000	0.000000	0.000000	30.57676961666667	-96.35086458190476	200.00000000000000	1
72	0	3	16	0.000000	0.000000	0.000000	0.000000	30.57720615952381	-96.35043261761905	200.00000000000000	1
73	0	3	16	0.000000	0.000000	0.000000	0.000000	30.57694107380952	-96.35080126047620	200.00000000000000	1
74	0	3	16	0.000000	0.000000	0.000000	0.000000	30.57681015000000	-96.35083156285714	200.00000000000000	1
75	0	3	16	0.000000	0.000000	0.000000	0.000000	30.57715938428572	-96.35048599142857	200.00000000000000	1
76	0	3	16	0.000000	0.000000	0.000000	0.000000	30.57694731571428	-96.35078090571430	200.00000000000000	1
77	0	3	16	0.000000	0.000000	0.000000	0.000000	30.57685068333333	-96.35079854380952	200.00000000000000	1
78	0	3	16	0.000000	0.000000	0.000000	0.000000	30.57711260904762	-96.35053936523809	200.00000000000000	1
79	0	3	16	0.000000	0.000000	0.000000	0.000000	30.57695355761904	-96.35076055095240	200.00000000000000	1
80	0	3	16	0.000000	0.000000	0.000000	0.000000	30.57689121666667	-96.35076552476190	200.00000000000000	1
81	0	3	16	0.000000	0.000000	0.000000	0.000000	30.57706583380953	-96.35059273904761	200.00000000000000	1
82	0	3	16	0.000000	0.000000	0.000000	0.000000	30.57695979952380	-96.35074019619050	200.00000000000000	1
83	0	3	16	0.000000	0.000000	0.000000	0.000000	30.57693175000000	-96.35073250571428	200.00000000000000	1
84	0	3	16	0.000000	0.000000	0.000000	0.000000	30.57701905857144	-96.35064611285713	200.00000000000000	1
85	0	3	16	0.000000	0.000000	0.000000	0.000000	30.57696604142856	-96.35071984142860	200.00000000000000	1
86	0	3	16	0.000000	0.000000	0.000000	0.000000	30.57697228333333	-96.35069948666666	200.00000000000000	1
87	0	3	16	0.000000	0.000000	0.000000	0.000000	30.57692859000000	-96.35084197000000	200.00000000000000	1
88	0	3	16	0.000000	0.000000	0.000000	0.000000	30.57729971000000	-96.35032587000001	200.00000000000000	1
89	0	3	16	0.000000	0.000000	0.000000	0.000000	30.57779169000000	-96.35110390000000	200.00000000000000	1
90	0	3	16	0.000000	0.000000	0.000000	0.000000	30.57742602000000	-96.35112217000000	200.00000000000000	1
91	0	3	16	0.000000	0.000000	0.000000	0.000000	30.57699043464286	-96.35084289964286	200.00000000000000	1
92	0	3	16	0.000000	0.000000	0.000000	0.000000	30.57730853750000	-96.35040052821429	200.00000000000000	1
93	0	3	16	0.000000	0.000000	0.000000	0.000000	30.57773023464286	-96.35106741107143	200.00000000000000	1
94	0	3	16	0.000000	0.000000	0.000000	0.000000	30.57741680321429	-96.35108307107143	200.00000000000000	1
95	0	3	16	0.000000	0.000000	0.000000	0.000000	30.57705227928572	-96.35084382928571	200.00000000000000	1
96	0	3	16	0.000000	0.000000	0.000000	0.000000	30.57731736500000	-96.35047518642858	200.00000000000000	1
97	0	3	16	0.000000	0.000000	0.000000	0.000000	30.57766877928572	-96.35103092214285	200.00000000000000	1
98	0	3	16	0.000000	0.000000	0.000000	0.000000	30.57740758642857	-96.35104397214286	200.00000000000000	1
99	0	3	16	0.000000	0.000000	0.000000	0.000000	30.57711412392857	-96.35084475892856	200.00000000000000	1
100	0	3	16	0.000000	0.000000	0.000000	0.000000	30.57732619250000	-96.35054984464287	200.00000000000000	1
101	0	3	16	0.000000	0.000000	0.000000	0.000000	30.57760732392858	-96.35099443321428	200.00000000000000	1
102	0	3	16	0.000000	0.000000	0.000000	0.000000	30.57739836964286	-96.35100487321429	200.00000000000000	1
103	0	3	16	0.000000	0.000000	0.000000	0.000000	30.57717596857143	-96.35084568857141	200.00000000000000	1
104	0	3	16	0.000000	0.000000	0.000000	0.000000	30.57733502000000	-96.35062450285716	200.00000000000000	1
105	0	3	16	0.000000	0.000000	0.000000	0.000000	30.57754586857144	-96.35095794428571	200.00000000000000	1
106	0	3	16	0.000000	0.000000	0.000000	0.000000	30.57738915285715	-96.35096577428573	200.00000000000000	1
107	0	3	16	0.000000	0.000000	0.000000	0.000000	30.57723781321429	-96.35084661821426	200.00000000000000	1
108	0	3	16	0.000000	0.000000	0.000000	0.000000	30.57734384750000	-96.35069916107145	200.00000000000000	1
109	0	3	16	0.000000	0.000000	0.000000	0.000000	30.57748441321430	-96.35092145535714	200.00000000000000	1
110	0	3	16	0.000000	0.000000	0.000000	0.000000	30.57737993607143	-96.35092667535716	200.00000000000000	1
111	0	3	16	0.000000	0.000000	0.000000	0.000000	30.57729965785715	-96.35084754785711	200.00000000000000	1
112	0	3	16	0.000000	0.000000	0.000000	0.000000	30.57735267500000	-96.35077381928573	200.00000000000000	1
113	0	3	16	0.000000	0.000000	0.000000	0.000000	30.57742295785716	-96.35088496642857	200.00000000000000	1
114	0	3	16	0.000000	0.000000	0.000000	0.000000	30.57737071928572	-96.35088757642859	200.00000000000000	1
115	0	3	16	0.000000	0.000000	0.000000	0.000000	30.57736150250000	-96.35084847749997	200.00000000000000	1
