QGC WPL 110
0	0	0	16	0.000000	0.000000	0.000000	0.000000	30.57750850000000	-96.35042996000000	200.00000000000000	1
1	0	3	16	0.000000	0.000000	0.000000	0.000000	30.57836176000000	-96.35074568000000	200.00000000000000	1
2	0	3	16	0.000000	0.000000	0.000000	0.000000	30.57836063000000	-96.35209230000000	200.00000000000000	1
3	0	3	16	0.000000	0.000000	0.000000	0.000000	30.57771657000000	-96.35084731000001	200.00000000000000	1
4	0	3	16	0.000000	0.000000	0.000000	0.000000	30.57757683785714	-96.35051551035714	200.00000000000000	1
5	0	3	16	0.000000	0.000000	0.000000	0.000000	30.57830820357143	-96.35078612750000	200.00000000000000	1
6	0	3	16	0.000000	0.000000	0.000000	0.000000	30.57830723500000	-96.35194037321428	200.00000000000000	1
7	0	3	16	0.000000	0.000000	0.000000	0.000000	30.57775518357143	-96.35087323892857	200.00000000000000	1
8	0	3	16	0.000000	0.000000	0.000000	0.000000	30.57764517571429	-96.35060106071428	200.00000000000000	1
9	0	3	16	0.000000	0.000000	0.000000	0.000000	30.57825464714286	-96.35082657500000	200.00000000000000	1
10	0	3	16	0.000000	0.000000	0.000000	0.000000	30.57825384000000	-96.35178844642856	200.00000000000000	1
11	0	3	16	0.000000	0.000000	0.000000	0.000000	30.57779379714286	-96.35089916785714	200.00000000000000	1
12	0	3	16	0.000000	0.000000	0.000000	0.000000	30.57771351357143	-96.35068661107142	200.00000000000000	1
13	0	3	16	0.000000	0.000000	0.000000	0.000000	30.57820109071428	-96.35086702250000	200.00000000000000	1
14	0	3	16	0.000000	0.000000	0.000000	0.000000	30.57820044500000	-96.35163651964284	200.00000000000000	1
15	0	3	16	0.000000	0.000000	0.000000	0.000000	30.57783241071429	-96.35092509678570	200.00000000000000	1
16	0	3	16	0.000000	0.000000	0.000000	0.000000	30.57778185142858	-96.35077216142857	200.00000000000000	1
17	0	3	16	0.000000	0.000000	0.000000	0.000000	30.57814753428571	-96.35090747000000	200.00000000000000	1
18	0	3	16	0.000000	0.000000	0.000000	0.000000	30.57814705000001	-96.35148459285712	200.00000000000000	1
19	0	3	16	0.000000	0.000000	0.000000	0.000000	30.57787102428572	-96.35095102571427	200.00000000000000	1
20	0	3	16	0.000000	0.000000	0.000000	0.000000	30.57785018928572	-96.35085771178571	200.00000000000000	1
21	0	3	16	0.000000	0.000000	0.000000	0.000000	30.57809397785714	-96.35094791749999	200.00000000000000	1
22	0	3	16	0.000000	0.000000	0.000000	0.000000	30.57809365500001	-96.35133266607140	200.00000000000000	1
23	0	3	16	0.000000	0.000000	0.000000	0.000000	30.57790963785715	-96.35097695464283	200.00000000000000	1
24	0	3	16	0.000000	0.000000	0.000000	0.000000	30.57791852714286	-96.35094326214285	200.00000000000000	1
25	0	3	16	0.000000	0.000000	0.000000	0.000000	30.57804042142857	-96.35098836499999	200.00000000000000	1
26	0	3	16	0.000000	0.000000	0.000000	0.000000	30.57804026000001	-96.35118073928568	200.00000000000000	1
27	0	3	16	0.000000	0.000000	0.000000	0.000000	30.57794825142858	-96.35100288357140	200.00000000000000	1
28	0	3	16	0.000000	0.000000	0.000000	0.000000	30.57798686500001	-96.35102881249999	200.00000000000000	1
29	0	3	16	0.000000	0.000000	0.000000	0.000000	30.57771657000000	-96.35084731000001	200.00000000000000	1
30	0	3	16	0.000000	0.000000	0.000000	0.000000	30.57773410000000	-96.35151386000000	200.00000000000000	1
31	0	3	16	0.000000	0.000000	0.000000	0.000000	30.57711890000000	-96.35040148000000	200.00000000000000	1
32	0	3	16	0.000000	0.000000	0.000000	0.000000	30.57750850000000	-96.35042996000000	200.00000000000000	1
33	0	3	16	0.000000	0.000000	0.000000	0.000000	30.57768841964286	-96.35084028750001	200.00000000000000	1
34	0	3	16	0.000000	0.000000	0.000000	0.000000	30.57770344535714	-96.35141161607143	200.00000000000000	1
35	0	3	16	0.000000	0.000000	0.000000	0.000000	30.57717613107143	-96.35045814750001	200.00000000000000	1
36	0	3	16	0.000000	0.000000	0.000000	0.000000	30.57751007392857	-96.35048255892858	200.00000000000000	1
37	0	3	16	0.000000	0.000000	0.000000	0.000000	30.57766026928572	-96.35083326500001	200.00000000000000	1
38	0	3	16	0.000000	0.000000	0.000000	0.000000	30.57767279071429	-96.35130937214286	200.00000000000000	1
39	0	3	16	0.000000	0.000000	0.000000	0.000000	30.57723336214285	-96.35051481500001	200.00000000000000	1
40	0	3	16	0.000000	0.000000	0.000000	0.000000	30.57751164785714	-96.35053515785715	200.00000000000000	1
41	0	3	16	0.000000	0.000000	0.000000	0.000000	30.57763211892857	-96.35082624250001	200.00000000000000	1
42	0	3	16	0.000000	0.000000	0.000000	0.000000	30.57764213607143	-96.35120712821430	200.00000000000000	1
43	0	3	16	0.000000	0.000000	0.000000	0.000000	30.57729059321428	-96.35057148250002	200.00000000000000	1
44	0	3	16	0.000000	0.000000	0.000000	0.000000	30.57751322178571	-96.35058775678573	200.00000000000000	1
45	0	3	16	0.000000	0.000000	0.000000	0.000000	30.57760396857143	-96.35081922000001	200.00000000000000	1
46	0	3	16	0.000000	0.000000	0.000000	0.000000	30.57761148142858	-96.35110488428573	200.00000000000000	1
47	0	3	16	0.000000	0.000000	0.000000	0.000000	30.57734782428571	-96.35062815000002	200.00000000000000	1
48	0	3	16	0.000000	0.000000	0.000000	0.000000	30.57751479571429	-96.35064035571430	200.00000000000000	1
49	0	3	16	0.000000	0.000000	0.000000	0.000000	30.57757581821429	-96.35081219750001	200.00000000000000	1
50	0	3	16	0.000000	0.000000	0.000000	0.000000	30.57758082678572	-96.35100264035717	200.00000000000000	1
51	0	3	16	0.000000	0.000000	0.000000	0.000000	30.57740505535713	-96.35068481750002	200.00000000000000	1
52	0	3	16	0.000000	0.000000	0.000000	0.000000	30.57751636964286	-96.35069295464288	200.00000000000000	1
53	0	3	16	0.000000	0.000000	0.000000	0.000000	30.57754766785715	-96.35080517500000	200.00000000000000	1
54	0	3	16	0.000000	0.000000	0.000000	0.000000	30.57755017214286	-96.35090039642860	200.00000000000000	1
55	0	3	16	0.000000	0.000000	0.000000	0.000000	30.57746228642856	-96.35074148500003	200.00000000000000	1
56	0	3	16	0.000000	0.000000	0.000000	0.000000	30.57751794357143	-96.35074555357146	200.00000000000000	1
57	0	3	16	0.000000	0.000000	0.000000	0.000000	30.57751951750000	-96.35079815250000	200.00000000000000	1
58	0	3	16	0.000000	0.000000	0.000000	0.000000	30.57750850000000	-96.35042996000000	200.00000000000000	1
59	0	3	16	0.000000	0.000000	0.000000	0.000000	30.57711890000000	-96.35040148000000	200.00000000000000	1
60	0	3	16	0.000000	0.000000	0.000000	0.000000	30.57681684000000	-96.35019988000001	200.00000000000000	1
61	0	3	16	0.000000	0.000000	0.000000	0.000000	30.57745701142857	-96.35041764761905	200.00000000000000	1
62	0	3	16	0.000000	0.000000	0.000000	0.000000	30.57712306857143	-96.35039323619048	200.00000000000000	1
63	0	3	16	0.000000	0.000000	0.000000	0.000000	30.57686416000000	-96.35022043619048	200.00000000000000	1
64	0	3	16	0.000000	0.000000	0.000000	0.000000	30.57740552285714	-96.35040533523811	200.00000000000000	1
65	0	3	16	0.000000	0.000000	0.000000	0.000000	30.57712723714286	-96.35038499238097	200.00000000000000	1
66	0	3	16	0.000000	0.000000	0.000000	0.000000	30.57691148000000	-96.35024099238096	200.00000000000000	1
67	0	3	16	0.000000	0.000000	0.000000	0.000000	30.57735403428571	-96.35039302285716	200.00000000000000	1
68	0	3	16	0.000000	0.000000	0.000000	0.000000	30.57713140571429	-96.35037674857145	200.00000000000000	1
69	0	3	16	0.000000	0.000000	0.000000	0.000000	30.57695880000000	-96.35026154857144	200.00000000000000	1
70	0	3	16	0.000000	0.000000	0.000000	0.000000	30.57730254571428	-96.35038071047622	200.00000000000000	1
71	0	3	16	0.000000	0.000000	0.000000	0.000000	30.57713557428572	-96.35036850476193	200.00000000000000	1
72	0	3	16	0.000000	0.000000	0.000000	0.000000	30.57700612000000	-96.35028210476192	200.00000000000000	1
73	0	3	16	0.000000	0.000000	0.000000	0.000000	30.57725105714285	-96.35036839809527	200.00000000000000	1
74	0	3	16	0.000000	0.000000	0.000000	0.000000	30.57713974285715	-96.35036026095241	200.00000000000000	1
75	0	3	16	0.000000	0.000000	0.000000	0.000000	30.57705344000000	-96.35030266095239	200.00000000000000	1
76	0	3	16	0.000000	0.000000	0.000000	0.000000	30.57719956857142	-96.35035608571432	200.00000000000000	1
77	0	3	16	0.000000	0.000000	0.000000	0.000000	30.57714391142857	-96.35035201714290	200.00000000000000	1
78	0	3	16	0.000000	0.000000	0.000000	0.000000	30.57710076000000	-96.35032321714287	200.00000000000000	1
79	0	3	16	0.000000	0.000000	0.000000	0.000000	30.57714807999999	-96.35034377333338	200.00000000000000	1
80	0	3	16	0.000000	0.000000	0.000000	0.000000	30.57711890000000	-96.35040148000000	200.00000000000000	1
81	0	3	16	0.000000	0.000000	0.000000	0.000000	30.57740596000000	-96.35106618000000	200.00000000000000	1
82	0	3	16	0.000000	0.000000	0.000000	0.000000	30.57766024000000	-96.35188139000000	200.00000000000000	1
83	0	3	16	0.000000	0.000000	0.000000	0.000000	30.57672851000000	-96.35101314000001	200.00000000000000	1
84	0	3	16	0.000000	0.000000	0.000000	0.000000	30.57681684000000	-96.35019988000001	200.00000000000000	1
85	0	3	16	0.000000	0.000000	0.000000	0.000000	30.57712278428571	-96.35047447057143	200.00000000000000	1
86	0	3	16	0.000000	0.000000	0.000000	0.000000	30.57736883571429	-96.35104421342858	200.00000000000000	1
87	0	3	16	0.000000	0.000000	0.000000	0.000000	30.57758679000000	-96.35174296485715	200.00000000000000	1
88	0	3	16	0.000000	0.000000	0.000000	0.000000	30.57678816428571	-96.35099875057143	200.00000000000000	1
89	0	3	16	0.000000	0.000000	0.000000	0.000000	30.57686387571428	-96.35030167057144	200.00000000000000	1
90	0	3	16	0.000000	0.000000	0.000000	0.000000	30.57712666857143	-96.35054746114285	200.00000000000000	1
91	0	3	16	0.000000	0.000000	0.000000	0.000000	30.57733171142857	-96.35102224685716	200.00000000000000	1
92	0	3	16	0.000000	0.000000	0.000000	0.000000	30.57751334000000	-96.35160453971430	200.00000000000000	1
93	0	3	16	0.000000	0.000000	0.000000	0.000000	30.57684781857143	-96.35098436114286	200.00000000000000	1
94	0	3	16	0.000000	0.000000	0.000000	0.000000	30.57691091142857	-96.35040346114288	200.00000000000000	1
95	0	3	16	0.000000	0.000000	0.000000	0.000000	30.57713055285714	-96.35062045171428	200.00000000000000	1
96	0	3	16	0.000000	0.000000	0.000000	0.000000	30.57729458714286	-96.35100028028573	200.00000000000000	1
97	0	3	16	0.000000	0.000000	0.000000	0.000000	30.57743988999999	-96.35146611457145	200.00000000000000	1
98	0	3	16	0.000000	0.000000	0.000000	0.000000	30.57690747285714	-96.35096997171429	200.00000000000000	1
99	0	3	16	0.000000	0.000000	0.000000	0.000000	30.57695794714285	-96.35050525171431	200.00000000000000	1
100	0	3	16	0.000000	0.000000	0.000000	0.000000	30.57713443714286	-96.35069344228570	200.00000000000000	1
101	0	3	16	0.000000	0.000000	0.000000	0.000000	30.57725746285714	-96.35097831371431	200.00000000000000	1
102	0	3	16	0.000000	0.000000	0.000000	0.000000	30.57736643999999	-96.35132768942860	200.00000000000000	1
103	0	3	16	0.000000	0.000000	0.000000	0.000000	30.57696712714285	-96.35095558228572	200.00000000000000	1
104	0	3	16	0.000000	0.000000	0.000000	0.000000	30.57700498285714	-96.35060704228574	200.00000000000000	1
105	0	3	16	0.000000	0.000000	0.000000	0.000000	30.57713832142857	-96.35076643285713	200.00000000000000	1
106	0	3	16	0.000000	0.000000	0.000000	0.000000	30.57722033857143	-96.35095634714288	200.00000000000000	1
107	0	3	16	0.000000	0.000000	0.000000	0.000000	30.57729298999999	-96.35118926428575	200.00000000000000	1
108	0	3	16	0.000000	0.000000	0.000000	0.000000	30.57702678142857	-96.35094119285715	200.00000000000000	1
109	0	3	16	0.000000	0.000000	0.000000	0.000000	30.57705201857143	-96.35070883285718	200.00000000000000	1
110	0	3	16	0.000000	0.000000	0.000000	0.000000	30.57714220571428	-96.35083942342855	200.00000000000000	1
111	0	3	16	0.000000	0.000000	0.000000	0.000000	30.57718321428571	-96.35093438057146	200.00000000000000	1
112	0	3	16	0.000000	0.000000	0.000000	0.000000	30.57721953999999	-96.35105083914290	200.00000000000000	1
113	0	3	16	0.000000	0.000000	0.000000	0.000000	30.57708643571428	-96.35092680342858	200.00000000000000	1
114	0	3	16	0.000000	0.000000	0.000000	0.000000	30.57709905428571	-96.35081062342861	200.00000000000000	1
115	0	3	16	0.000000	0.000000	0.000000	0.000000	30.57714609000000	-96.35091241399998	200.00000000000000	1
