QGC WPL 110
0	0	0	16	0.000000	0.000000	0.000000	0.000000	30.57656009000000	-96.35162643000000	200.00000000000000	1
1	0	3	16	0.000000	0.000000	0.000000	0.000000	30.57694832000000	-96.35146868000000	200.00000000000000	1
2	0	3	16	0.000000	0.000000	0.000000	0.000000	30.57747317000000	-96.35139158000000	200.00000000000000	1
3	0	3	16	0.000000	0.000000	0.000000	0.000000	30.57662205714286	-96.35160773476190	200.00000000000000	1
4	0	3	16	0.000000	0.000000	0.000000	0.000000	30.57695482571429	-96.35147252047619	200.00000000000000	1
5	0	3	16	0.000000	0.000000	0.000000	0.000000	30.57740469714286	-96.35140643476190	200.00000000000000	1
6	0	3	16	0.000000	0.000000	0.000000	0.000000	30.57668402428572	-96.35158903952380	200.00000000000000	1
7	0	3	16	0.000000	0.000000	0.000000	0.000000	30.57696133142857	-96.35147636095239	200.00000000000000	1
8	0	3	16	0.000000	0.000000	0.000000	0.000000	30.57733622428571	-96.35142128952380	200.00000000000000	1
9	0	3	16	0.000000	0.000000	0.000000	0.000000	30.57674599142858	-96.35157034428570	200.00000000000000	1
10	0	3	16	0.000000	0.000000	0.000000	0.000000	30.57696783714286	-96.35148020142859	200.00000000000000	1
11	0	3	16	0.000000	0.000000	0.000000	0.000000	30.57726775142857	-96.35143614428570	200.00000000000000	1
12	0	3	16	0.000000	0.000000	0.000000	0.000000	30.57680795857144	-96.35155164904761	200.00000000000000	1
13	0	3	16	0.000000	0.000000	0.000000	0.000000	30.57697434285714	-96.35148404190478	200.00000000000000	1
14	0	3	16	0.000000	0.000000	0.000000	0.000000	30.57719927857142	-96.35145099904760	200.00000000000000	1
15	0	3	16	0.000000	0.000000	0.000000	0.000000	30.57686992571429	-96.35153295380951	200.00000000000000	1
16	0	3	16	0.000000	0.000000	0.000000	0.000000	30.57698084857143	-96.35148788238098	200.00000000000000	1
17	0	3	16	0.000000	0.000000	0.000000	0.000000	30.57713080571428	-96.35146585380950	200.00000000000000	1
18	0	3	16	0.000000	0.000000	0.000000	0.000000	30.57693189285715	-96.35151425857141	200.00000000000000	1
19	0	3	16	0.000000	0.000000	0.000000	0.000000	30.57698735428571	-96.35149172285718	200.00000000000000	1
20	0	3	16	0.000000	0.000000	0.000000	0.000000	30.57706233285714	-96.35148070857140	200.00000000000000	1
21	0	3	16	0.000000	0.000000	0.000000	0.000000	30.57699386000001	-96.35149556333332	200.00000000000000	1
22	0	3	16	0.000000	0.000000	0.000000	0.000000	30.57694832000000	-96.35146868000000	200.00000000000000	1
23	0	3	16	0.000000	0.000000	0.000000	0.000000	30.57772360000000	-96.35038020000000	200.00000000000000	1
24	0	3	16	0.000000	0.000000	0.000000	0.000000	30.57773489000000	-96.35046057000000	200.00000000000000	1
25	0	3	16	0.000000	0.000000	0.000000	0.000000	30.57747317000000	-96.35139158000000	200.00000000000000	1
26	0	3	16	0.000000	0.000000	0.000000	0.000000	30.57702284500000	-96.35139104821428	200.00000000000000	1
27	0	3	16	0.000000	0.000000	0.000000	0.000000	30.57768737071428	-96.35045806535715	200.00000000000000	1
28	0	3	16	0.000000	0.000000	0.000000	0.000000	30.57769704785714	-96.35052695392856	200.00000000000000	1
29	0	3	16	0.000000	0.000000	0.000000	0.000000	30.57747271642857	-96.35132496250000	200.00000000000000	1
30	0	3	16	0.000000	0.000000	0.000000	0.000000	30.57709737000000	-96.35131341642857	200.00000000000000	1
31	0	3	16	0.000000	0.000000	0.000000	0.000000	30.57765114142857	-96.35053593071429	200.00000000000000	1
32	0	3	16	0.000000	0.000000	0.000000	0.000000	30.57765920571429	-96.35059333785713	200.00000000000000	1
33	0	3	16	0.000000	0.000000	0.000000	0.000000	30.57747226285715	-96.35125834500001	200.00000000000000	1
34	0	3	16	0.000000	0.000000	0.000000	0.000000	30.57717189500000	-96.35123578464285	200.00000000000000	1
35	0	3	16	0.000000	0.000000	0.000000	0.000000	30.57761491214285	-96.35061379607143	200.00000000000000	1
36	0	3	16	0.000000	0.000000	0.000000	0.000000	30.57762136357143	-96.35065972178570	200.00000000000000	1
37	0	3	16	0.000000	0.000000	0.000000	0.000000	30.57747180928572	-96.35119172750001	200.00000000000000	1
38	0	3	16	0.000000	0.000000	0.000000	0.000000	30.57724641999999	-96.35115815285714	200.00000000000000	1
39	0	3	16	0.000000	0.000000	0.000000	0.000000	30.57757868285714	-96.35069166142857	200.00000000000000	1
40	0	3	16	0.000000	0.000000	0.000000	0.000000	30.57758352142858	-96.35072610571427	200.00000000000000	1
41	0	3	16	0.000000	0.000000	0.000000	0.000000	30.57747135571429	-96.35112511000001	200.00000000000000	1
42	0	3	16	0.000000	0.000000	0.000000	0.000000	30.57732094499999	-96.35108052107142	200.00000000000000	1
43	0	3	16	0.000000	0.000000	0.000000	0.000000	30.57754245357142	-96.35076952678571	200.00000000000000	1
44	0	3	16	0.000000	0.000000	0.000000	0.000000	30.57754567928572	-96.35079248964284	200.00000000000000	1
45	0	3	16	0.000000	0.000000	0.000000	0.000000	30.57747090214286	-96.35105849250002	200.00000000000000	1
46	0	3	16	0.000000	0.000000	0.000000	0.000000	30.57739546999999	-96.35100288928571	200.00000000000000	1
47	0	3	16	0.000000	0.000000	0.000000	0.000000	30.57750622428571	-96.35084739214285	200.00000000000000	1
48	0	3	16	0.000000	0.000000	0.000000	0.000000	30.57750783714286	-96.35085887357141	200.00000000000000	1
49	0	3	16	0.000000	0.000000	0.000000	0.000000	30.57747044857144	-96.35099187500002	200.00000000000000	1
50	0	3	16	0.000000	0.000000	0.000000	0.000000	30.57746999499999	-96.35092525749999	200.00000000000000	1
51	0	3	16	0.000000	0.000000	0.000000	0.000000	30.57773489000000	-96.35046057000000	200.00000000000000	1
52	0	3	16	0.000000	0.000000	0.000000	0.000000	30.57772360000000	-96.35038020000000	200.00000000000000	1
53	0	3	16	0.000000	0.000000	0.000000	0.000000	30.57841335000000	-96.35031734000000	200.00000000000000	1
54	0	3	16	0.000000	0.000000	0.000000	0.000000	30.57776666000000	-96.35044992238095	200.00000000000000	1
55	0	3	16	0.000000	0.000000	0.000000	0.000000	30.57775698285714	-96.35038103380953	200.00000000000000	1
56	0	3	16	0.000000	0.000000	0.000000	0.000000	30.57834819714286	-96.35032715380953	200.00000000000000	1
57	0	3	16	0.000000	0.000000	0.000000	0.000000	30.57779843000000	-96.35043927476190	200.00000000000000	1
58	0	3	16	0.000000	0.000000	0.000000	0.000000	30.57779036571429	-96.35038186761905	200.00000000000000	1
59	0	3	16	0.000000	0.000000	0.000000	0.000000	30.57828304428572	-96.35033696761906	200.00000000000000	1
60	0	3	16	0.000000	0.000000	0.000000	0.000000	30.57783020000000	-96.35042862714285	200.00000000000000	1
61	0	3	16	0.000000	0.000000	0.000000	0.000000	30.57782374857143	-96.35038270142857	200.00000000000000	1
62	0	3	16	0.000000	0.000000	0.000000	0.000000	30.57821789142857	-96.35034678142858	200.00000000000000	1
63	0	3	16	0.000000	0.000000	0.000000	0.000000	30.57786197000000	-96.35041797952380	200.00000000000000	1
64	0	3	16	0.000000	0.000000	0.000000	0.000000	30.57785713142857	-96.35038353523809	200.00000000000000	1
65	0	3	16	0.000000	0.000000	0.000000	0.000000	30.57815273857143	-96.35035659523811	200.00000000000000	1
66	0	3	16	0.000000	0.000000	0.000000	0.000000	30.57789374000000	-96.35040733190475	200.00000000000000	1
67	0	3	16	0.000000	0.000000	0.000000	0.000000	30.57789051428572	-96.35038436904762	200.00000000000000	1
68	0	3	16	0.000000	0.000000	0.000000	0.000000	30.57808758571429	-96.35036640904764	200.00000000000000	1
69	0	3	16	0.000000	0.000000	0.000000	0.000000	30.57792551000000	-96.35039668428570	200.00000000000000	1
70	0	3	16	0.000000	0.000000	0.000000	0.000000	30.57792389714286	-96.35038520285714	200.00000000000000	1
71	0	3	16	0.000000	0.000000	0.000000	0.000000	30.57802243285714	-96.35037622285716	200.00000000000000	1
72	0	3	16	0.000000	0.000000	0.000000	0.000000	30.57795728000000	-96.35038603666665	200.00000000000000	1
73	0	3	16	0.000000	0.000000	0.000000	0.000000	30.57772360000000	-96.35038020000000	200.00000000000000	1
74	0	3	16	0.000000	0.000000	0.000000	0.000000	30.57743176000000	-96.35018307999999	200.00000000000000	1
75	0	3	16	0.000000	0.000000	0.000000	0.000000	30.57841335000000	-96.35031734000000	200.00000000000000	1
76	0	3	16	0.000000	0.000000	0.000000	0.000000	30.57774254809524	-96.35036782000000	200.00000000000000	1
77	0	3	16	0.000000	0.000000	0.000000	0.000000	30.57749239952381	-96.35019885999999	200.00000000000000	1
78	0	3	16	0.000000	0.000000	0.000000	0.000000	30.57833376238095	-96.35031394000001	200.00000000000000	1
79	0	3	16	0.000000	0.000000	0.000000	0.000000	30.57776149619048	-96.35035544000000	200.00000000000000	1
80	0	3	16	0.000000	0.000000	0.000000	0.000000	30.57755303904762	-96.35021463999999	200.00000000000000	1
81	0	3	16	0.000000	0.000000	0.000000	0.000000	30.57825417476191	-96.35031054000001	200.00000000000000	1
82	0	3	16	0.000000	0.000000	0.000000	0.000000	30.57778044428571	-96.35034306000000	200.00000000000000	1
83	0	3	16	0.000000	0.000000	0.000000	0.000000	30.57761367857143	-96.35023041999999	200.00000000000000	1
84	0	3	16	0.000000	0.000000	0.000000	0.000000	30.57817458714286	-96.35030714000001	200.00000000000000	1
85	0	3	16	0.000000	0.000000	0.000000	0.000000	30.57779939238095	-96.35033068000000	200.00000000000000	1
86	0	3	16	0.000000	0.000000	0.000000	0.000000	30.57767431809524	-96.35024619999999	200.00000000000000	1
87	0	3	16	0.000000	0.000000	0.000000	0.000000	30.57809499952381	-96.35030374000002	200.00000000000000	1
88	0	3	16	0.000000	0.000000	0.000000	0.000000	30.57781834047619	-96.35031830000000	200.00000000000000	1
89	0	3	16	0.000000	0.000000	0.000000	0.000000	30.57773495761905	-96.35026197999998	200.00000000000000	1
90	0	3	16	0.000000	0.000000	0.000000	0.000000	30.57801541190476	-96.35030034000002	200.00000000000000	1
91	0	3	16	0.000000	0.000000	0.000000	0.000000	30.57783728857143	-96.35030592000000	200.00000000000000	1
92	0	3	16	0.000000	0.000000	0.000000	0.000000	30.57779559714286	-96.35027775999998	200.00000000000000	1
93	0	3	16	0.000000	0.000000	0.000000	0.000000	30.57793582428571	-96.35029694000002	200.00000000000000	1
94	0	3	16	0.000000	0.000000	0.000000	0.000000	30.57785623666667	-96.35029354000000	200.00000000000000	1
95	0	3	16	0.000000	0.000000	0.000000	0.000000	30.57772360000000	-96.35038020000000	200.00000000000000	1
96	0	3	16	0.000000	0.000000	0.000000	0.000000	30.57700495000000	-96.35065065000001	200.00000000000000	1
97	0	3	16	0.000000	0.000000	0.000000	0.000000	30.57674365000000	-96.35074697000000	200.00000000000000	1
98	0	3	16	0.000000	0.000000	0.000000	0.000000	30.57743176000000	-96.35018307999999	200.00000000000000	1
99	0	3	16	0.000000	0.000000	0.000000	0.000000	30.57765251285714	-96.35039591785714	200.00000000000000	1
100	0	3	16	0.000000	0.000000	0.000000	0.000000	30.57703652714286	-96.35062773214285	200.00000000000000	1
101	0	3	16	0.000000	0.000000	0.000000	0.000000	30.57681255571429	-96.35071029214286	200.00000000000000	1
102	0	3	16	0.000000	0.000000	0.000000	0.000000	30.57740236428571	-96.35022695785713	200.00000000000000	1
103	0	3	16	0.000000	0.000000	0.000000	0.000000	30.57758142571429	-96.35041163571428	200.00000000000000	1
104	0	3	16	0.000000	0.000000	0.000000	0.000000	30.57706810428571	-96.35060481428570	200.00000000000000	1
105	0	3	16	0.000000	0.000000	0.000000	0.000000	30.57688146142857	-96.35067361428572	200.00000000000000	1
106	0	3	16	0.000000	0.000000	0.000000	0.000000	30.57737296857143	-96.35027083571427	200.00000000000000	1
107	0	3	16	0.000000	0.000000	0.000000	0.000000	30.57751033857143	-96.35042735357142	200.00000000000000	1
108	0	3	16	0.000000	0.000000	0.000000	0.000000	30.57709968142857	-96.35058189642855	200.00000000000000	1
109	0	3	16	0.000000	0.000000	0.000000	0.000000	30.57695036714286	-96.35063693642859	200.00000000000000	1
110	0	3	16	0.000000	0.000000	0.000000	0.000000	30.57734357285714	-96.35031471357141	200.00000000000000	1
111	0	3	16	0.000000	0.000000	0.000000	0.000000	30.57743925142857	-96.35044307142856	200.00000000000000	1
112	0	3	16	0.000000	0.000000	0.000000	0.000000	30.57713125857142	-96.35055897857140	200.00000000000000	1
113	0	3	16	0.000000	0.000000	0.000000	0.000000	30.57701927285715	-96.35060025857145	200.00000000000000	1
114	0	3	16	0.000000	0.000000	0.000000	0.000000	30.57731417714286	-96.35035859142855	200.00000000000000	1
115	0	3	16	0.000000	0.000000	0.000000	0.000000	30.57736816428572	-96.35045878928570	200.00000000000000	1
116	0	3	16	0.000000	0.000000	0.000000	0.000000	30.57716283571428	-96.35053606071425	200.00000000000000	1
117	0	3	16	0.000000	0.000000	0.000000	0.000000	30.57708817857143	-96.35056358071431	200.00000000000000	1
118	0	3	16	0.000000	0.000000	0.000000	0.000000	30.57728478142857	-96.35040246928568	200.00000000000000	1
119	0	3	16	0.000000	0.000000	0.000000	0.000000	30.57729707714286	-96.35047450714283	200.00000000000000	1
120	0	3	16	0.000000	0.000000	0.000000	0.000000	30.57719441285714	-96.35051314285710	200.00000000000000	1
121	0	3	16	0.000000	0.000000	0.000000	0.000000	30.57715708428572	-96.35052690285717	200.00000000000000	1
122	0	3	16	0.000000	0.000000	0.000000	0.000000	30.57725538571428	-96.35044634714282	200.00000000000000	1
123	0	3	16	0.000000	0.000000	0.000000	0.000000	30.57722599000000	-96.35049022499997	200.00000000000000	1
124	0	3	16	0.000000	0.000000	0.000000	0.000000	30.57700495000000	-96.35065065000001	200.00000000000000	1
125	0	3	16	0.000000	0.000000	0.000000	0.000000	30.57695891000000	-96.35113053000001	200.00000000000000	1
126	0	3	16	0.000000	0.000000	0.000000	0.000000	30.57674365000000	-96.35074697000000	200.00000000000000	1
127	0	3	16	0.000000	0.000000	0.000000	0.000000	30.57699031476190	-96.35067808809524	200.00000000000000	1
128	0	3	16	0.000000	0.000000	0.000000	0.000000	30.57695085190476	-96.35108941380953	200.00000000000000	1
129	0	3	16	0.000000	0.000000	0.000000	0.000000	30.57676634333333	-96.35076064809525	200.00000000000000	1
130	0	3	16	0.000000	0.000000	0.000000	0.000000	30.57697567952381	-96.35070552619047	200.00000000000000	1
131	0	3	16	0.000000	0.000000	0.000000	0.000000	30.57694279380953	-96.35104829761906	200.00000000000000	1
132	0	3	16	0.000000	0.000000	0.000000	0.000000	30.57678903666666	-96.35077432619049	200.00000000000000	1
133	0	3	16	0.000000	0.000000	0.000000	0.000000	30.57696104428571	-96.35073296428570	200.00000000000000	1
134	0	3	16	0.000000	0.000000	0.000000	0.000000	30.57693473571429	-96.35100718142859	200.00000000000000	1
135	0	3	16	0.000000	0.000000	0.000000	0.000000	30.57681173000000	-96.35078800428573	200.00000000000000	1
136	0	3	16	0.000000	0.000000	0.000000	0.000000	30.57694640904762	-96.35076040238093	200.00000000000000	1
137	0	3	16	0.000000	0.000000	0.000000	0.000000	30.57692667761905	-96.35096606523811	200.00000000000000	1
138	0	3	16	0.000000	0.000000	0.000000	0.000000	30.57683442333333	-96.35080168238098	200.00000000000000	1
139	0	3	16	0.000000	0.000000	0.000000	0.000000	30.57693177380952	-96.35078784047616	200.00000000000000	1
140	0	3	16	0.000000	0.000000	0.000000	0.000000	30.57691861952382	-96.35092494904764	200.00000000000000	1
141	0	3	16	0.000000	0.000000	0.000000	0.000000	30.57685711666666	-96.35081536047622	200.00000000000000	1
142	0	3	16	0.000000	0.000000	0.000000	0.000000	30.57691713857143	-96.35081527857139	200.00000000000000	1
143	0	3	16	0.000000	0.000000	0.000000	0.000000	30.57691056142858	-96.35088383285716	200.00000000000000	1
144	0	3	16	0.000000	0.000000	0.000000	0.000000	30.57687980999999	-96.35082903857146	200.00000000000000	1
145	0	3	16	0.000000	0.000000	0.000000	0.000000	30.57690250333333	-96.35084271666662	200.00000000000000	1
