QGC WPL 110
0	0	0	16	0.000000	0.000000	0.000000	0.000000	30.57723394000000	-96.35120164000000	200.00000000000000	1
1	0	3	16	0.000000	0.000000	0.000000	0.000000	30.57773284000000	-96.35071639000000	200.00000000000000	1
2	0	3	16	0.000000	0.000000	0.000000	0.000000	30.57688036000000	-96.35201400000000	200.00000000000000	1
3	0	3	16	0.000000	0.000000	0.000000	0.000000	30.57709321000000	-96.35143427000000	200.00000000000000	1
4	0	3	16	0.000000	0.000000	0.000000	0.000000	30.57723410392857	-96.35122163071428	200.00000000000000	1
5	0	3	16	0.000000	0.000000	0.000000	0.000000	30.57766173250000	-96.35080570214286	200.00000000000000	1
6	0	3	16	0.000000	0.000000	0.000000	0.000000	30.57693103535714	-96.35191793928571	200.00000000000000	1
7	0	3	16	0.000000	0.000000	0.000000	0.000000	30.57711347821429	-96.35142102785714	200.00000000000000	1
8	0	3	16	0.000000	0.000000	0.000000	0.000000	30.57723426785714	-96.35124162142856	200.00000000000000	1
9	0	3	16	0.000000	0.000000	0.000000	0.000000	30.57759062500000	-96.35089501428573	200.00000000000000	1
10	0	3	16	0.000000	0.000000	0.000000	0.000000	30.57698171071429	-96.35182187857143	200.00000000000000	1
11	0	3	16	0.000000	0.000000	0.000000	0.000000	30.57713374642857	-96.35140778571429	200.00000000000000	1
12	0	3	16	0.000000	0.000000	0.000000	0.000000	30.57723443178572	-96.35126161214284	200.00000000000000	1
13	0	3	16	0.000000	0.000000	0.000000	0.000000	30.57751951750000	-96.35098432642859	200.00000000000000	1
14	0	3	16	0.000000	0.000000	0.000000	0.000000	30.57703238607143	-96.35172581785714	200.00000000000000	1
15	0	3	16	0.000000	0.000000	0.000000	0.000000	30.57715401464286	-96.35139454357143	200.00000000000000	1
16	0	3	16	0.000000	0.000000	0.000000	0.000000	30.57723459571429	-96.35128160285711	200.00000000000000	1
17	0	3	16	0.000000	0.000000	0.000000	0.000000	30.57744841000001	-96.35107363857145	200.00000000000000	1
18	0	3	16	0.000000	0.000000	0.000000	0.000000	30.57708306142858	-96.35162975714286	200.00000000000000	1
19	0	3	16	0.000000	0.000000	0.000000	0.000000	30.57717428285714	-96.35138130142857	200.00000000000000	1
20	0	3	16	0.000000	0.000000	0.000000	0.000000	30.57723475964286	-96.35130159357139	200.00000000000000	1
21	0	3	16	0.000000	0.000000	0.000000	0.000000	30.57737730250001	-96.35116295071431	200.00000000000000	1
22	0	3	16	0.000000	0.000000	0.000000	0.000000	30.57713373678572	-96.35153369642858	200.00000000000000	1
23	0	3	16	0.000000	0.000000	0.000000	0.000000	30.57719455107143	-96.35136805928572	200.00000000000000	1
24	0	3	16	0.000000	0.000000	0.000000	0.000000	30.57723492357143	-96.35132158428567	200.00000000000000	1
25	0	3	16	0.000000	0.000000	0.000000	0.000000	30.57730619500001	-96.35125226285717	200.00000000000000	1
26	0	3	16	0.000000	0.000000	0.000000	0.000000	30.57718441214287	-96.35143763571429	200.00000000000000	1
27	0	3	16	0.000000	0.000000	0.000000	0.000000	30.57721481928571	-96.35135481714286	200.00000000000000	1
28	0	3	16	0.000000	0.000000	0.000000	0.000000	30.57723508750000	-96.35134157499995	200.00000000000000	1
29	0	3	16	0.000000	0.000000	0.000000	0.000000	30.57723394000000	-96.35120164000000	200.00000000000000	1
30	0	3	16	0.000000	0.000000	0.000000	0.000000	30.57779007000000	-96.35065734000000	200.00000000000000	1
31	0	3	16	0.000000	0.000000	0.000000	0.000000	30.57773284000000	-96.35071639000000	200.00000000000000	1
32	0	3	16	0.000000	0.000000	0.000000	0.000000	30.57728417952381	-96.35115261380952	200.00000000000000	1
33	0	3	16	0.000000	0.000000	0.000000	0.000000	30.57776086238095	-96.35068607095238	200.00000000000000	1
34	0	3	16	0.000000	0.000000	0.000000	0.000000	30.57771180809524	-96.35073668523810	200.00000000000000	1
35	0	3	16	0.000000	0.000000	0.000000	0.000000	30.57733441904762	-96.35110358761904	200.00000000000000	1
36	0	3	16	0.000000	0.000000	0.000000	0.000000	30.57773165476191	-96.35071480190476	200.00000000000000	1
37	0	3	16	0.000000	0.000000	0.000000	0.000000	30.57769077619048	-96.35075698047621	200.00000000000000	1
38	0	3	16	0.000000	0.000000	0.000000	0.000000	30.57738465857143	-96.35105456142855	200.00000000000000	1
39	0	3	16	0.000000	0.000000	0.000000	0.000000	30.57770244714286	-96.35074353285714	200.00000000000000	1
40	0	3	16	0.000000	0.000000	0.000000	0.000000	30.57766974428571	-96.35077727571431	200.00000000000000	1
41	0	3	16	0.000000	0.000000	0.000000	0.000000	30.57743489809523	-96.35100553523807	200.00000000000000	1
42	0	3	16	0.000000	0.000000	0.000000	0.000000	30.57767323952381	-96.35077226380952	200.00000000000000	1
43	0	3	16	0.000000	0.000000	0.000000	0.000000	30.57764871238095	-96.35079757095241	200.00000000000000	1
44	0	3	16	0.000000	0.000000	0.000000	0.000000	30.57748513761904	-96.35095650904759	200.00000000000000	1
45	0	3	16	0.000000	0.000000	0.000000	0.000000	30.57764403190476	-96.35080099476190	200.00000000000000	1
46	0	3	16	0.000000	0.000000	0.000000	0.000000	30.57762768047619	-96.35081786619051	200.00000000000000	1
47	0	3	16	0.000000	0.000000	0.000000	0.000000	30.57753537714285	-96.35090748285711	200.00000000000000	1
48	0	3	16	0.000000	0.000000	0.000000	0.000000	30.57761482428572	-96.35082972571428	200.00000000000000	1
49	0	3	16	0.000000	0.000000	0.000000	0.000000	30.57760664857143	-96.35083816142861	200.00000000000000	1
50	0	3	16	0.000000	0.000000	0.000000	0.000000	30.57758561666666	-96.35085845666663	200.00000000000000	1
51	0	3	16	0.000000	0.000000	0.000000	0.000000	30.57773284000000	-96.35071639000000	200.00000000000000	1
52	0	3	16	0.000000	0.000000	0.000000	0.000000	30.57779007000000	-96.35065734000000	200.00000000000000	1
53	0	3	16	0.000000	0.000000	0.000000	0.000000	30.57822643000000	-96.35051525000000	200.00000000000000	1
54	0	3	16	0.000000	0.000000	0.000000	0.000000	30.57820375000000	-96.35121014000001	200.00000000000000	1
55	0	3	16	0.000000	0.000000	0.000000	0.000000	30.57736950000000	-96.35147032000000	200.00000000000000	1
56	0	3	16	0.000000	0.000000	0.000000	0.000000	30.57775165114286	-96.35074460400000	200.00000000000000	1
57	0	3	16	0.000000	0.000000	0.000000	0.000000	30.57780070542857	-96.35069398971429	200.00000000000000	1
58	0	3	16	0.000000	0.000000	0.000000	0.000000	30.57817472828572	-96.35057219828572	200.00000000000000	1
59	0	3	16	0.000000	0.000000	0.000000	0.000000	30.57815528828571	-96.35116781828572	200.00000000000000	1
60	0	3	16	0.000000	0.000000	0.000000	0.000000	30.57744021685714	-96.35139082971429	200.00000000000000	1
61	0	3	16	0.000000	0.000000	0.000000	0.000000	30.57777046228572	-96.35077281800000	200.00000000000000	1
62	0	3	16	0.000000	0.000000	0.000000	0.000000	30.57781134085715	-96.35073063942858	200.00000000000000	1
63	0	3	16	0.000000	0.000000	0.000000	0.000000	30.57812302657143	-96.35062914657144	200.00000000000000	1
64	0	3	16	0.000000	0.000000	0.000000	0.000000	30.57810682657143	-96.35112549657143	200.00000000000000	1
65	0	3	16	0.000000	0.000000	0.000000	0.000000	30.57751093371428	-96.35131133942858	200.00000000000000	1
66	0	3	16	0.000000	0.000000	0.000000	0.000000	30.57778927342858	-96.35080103199999	200.00000000000000	1
67	0	3	16	0.000000	0.000000	0.000000	0.000000	30.57782197628572	-96.35076728914287	200.00000000000000	1
68	0	3	16	0.000000	0.000000	0.000000	0.000000	30.57807132485715	-96.35068609485715	200.00000000000000	1
69	0	3	16	0.000000	0.000000	0.000000	0.000000	30.57805836485714	-96.35108317485714	200.00000000000000	1
70	0	3	16	0.000000	0.000000	0.000000	0.000000	30.57758165057142	-96.35123184914286	200.00000000000000	1
71	0	3	16	0.000000	0.000000	0.000000	0.000000	30.57780808457143	-96.35082924599999	200.00000000000000	1
72	0	3	16	0.000000	0.000000	0.000000	0.000000	30.57783261171429	-96.35080393885715	200.00000000000000	1
73	0	3	16	0.000000	0.000000	0.000000	0.000000	30.57801962314286	-96.35074304314287	200.00000000000000	1
74	0	3	16	0.000000	0.000000	0.000000	0.000000	30.57800990314286	-96.35104085314285	200.00000000000000	1
75	0	3	16	0.000000	0.000000	0.000000	0.000000	30.57765236742857	-96.35115235885715	200.00000000000000	1
76	0	3	16	0.000000	0.000000	0.000000	0.000000	30.57782689571429	-96.35085745999999	200.00000000000000	1
77	0	3	16	0.000000	0.000000	0.000000	0.000000	30.57784324714287	-96.35084058857144	200.00000000000000	1
78	0	3	16	0.000000	0.000000	0.000000	0.000000	30.57796792142858	-96.35079999142859	200.00000000000000	1
79	0	3	16	0.000000	0.000000	0.000000	0.000000	30.57796144142857	-96.35099853142856	200.00000000000000	1
80	0	3	16	0.000000	0.000000	0.000000	0.000000	30.57772308428571	-96.35107286857144	200.00000000000000	1
81	0	3	16	0.000000	0.000000	0.000000	0.000000	30.57784570685715	-96.35088567399998	200.00000000000000	1
82	0	3	16	0.000000	0.000000	0.000000	0.000000	30.57785388257144	-96.35087723828573	200.00000000000000	1
83	0	3	16	0.000000	0.000000	0.000000	0.000000	30.57791621971430	-96.35085693971430	200.00000000000000	1
84	0	3	16	0.000000	0.000000	0.000000	0.000000	30.57791297971428	-96.35095620971427	200.00000000000000	1
85	0	3	16	0.000000	0.000000	0.000000	0.000000	30.57779380114285	-96.35099337828572	200.00000000000000	1
86	0	3	16	0.000000	0.000000	0.000000	0.000000	30.57786451800001	-96.35091388799998	200.00000000000000	1
87	0	3	16	0.000000	0.000000	0.000000	0.000000	30.57820375000000	-96.35121014000001	200.00000000000000	1
88	0	3	16	0.000000	0.000000	0.000000	0.000000	30.57824039000000	-96.35192449000000	200.00000000000000	1
89	0	3	16	0.000000	0.000000	0.000000	0.000000	30.57792382000000	-96.35187053999999	200.00000000000000	1
90	0	3	16	0.000000	0.000000	0.000000	0.000000	30.57736950000000	-96.35147032000000	200.00000000000000	1
91	0	3	16	0.000000	0.000000	0.000000	0.000000	30.57816526642857	-96.35126853035715	200.00000000000000	1
92	0	3	16	0.000000	0.000000	0.000000	0.000000	30.57819667214286	-96.35188083035715	200.00000000000000	1
93	0	3	16	0.000000	0.000000	0.000000	0.000000	30.57792532642857	-96.35183458749999	200.00000000000000	1
94	0	3	16	0.000000	0.000000	0.000000	0.000000	30.57745019500000	-96.35149154178572	200.00000000000000	1
95	0	3	16	0.000000	0.000000	0.000000	0.000000	30.57812678285714	-96.35132692071429	200.00000000000000	1
96	0	3	16	0.000000	0.000000	0.000000	0.000000	30.57815295428572	-96.35183717071429	200.00000000000000	1
97	0	3	16	0.000000	0.000000	0.000000	0.000000	30.57792683285714	-96.35179863499999	200.00000000000000	1
98	0	3	16	0.000000	0.000000	0.000000	0.000000	30.57753089000000	-96.35151276357144	200.00000000000000	1
99	0	3	16	0.000000	0.000000	0.000000	0.000000	30.57808829928571	-96.35138531107143	200.00000000000000	1
100	0	3	16	0.000000	0.000000	0.000000	0.000000	30.57810923642857	-96.35179351107143	200.00000000000000	1
101	0	3	16	0.000000	0.000000	0.000000	0.000000	30.57792833928571	-96.35176268250000	200.00000000000000	1
102	0	3	16	0.000000	0.000000	0.000000	0.000000	30.57761158500000	-96.35153398535715	200.00000000000000	1
103	0	3	16	0.000000	0.000000	0.000000	0.000000	30.57804981571428	-96.35144370142856	200.00000000000000	1
104	0	3	16	0.000000	0.000000	0.000000	0.000000	30.57806551857143	-96.35174985142858	200.00000000000000	1
105	0	3	16	0.000000	0.000000	0.000000	0.000000	30.57792984571428	-96.35172673000000	200.00000000000000	1
106	0	3	16	0.000000	0.000000	0.000000	0.000000	30.57769228000000	-96.35155520714287	200.00000000000000	1
107	0	3	16	0.000000	0.000000	0.000000	0.000000	30.57801133214285	-96.35150209178570	200.00000000000000	1
108	0	3	16	0.000000	0.000000	0.000000	0.000000	30.57802180071429	-96.35170619178572	200.00000000000000	1
109	0	3	16	0.000000	0.000000	0.000000	0.000000	30.57793135214285	-96.35169077750000	200.00000000000000	1
110	0	3	16	0.000000	0.000000	0.000000	0.000000	30.57777297500001	-96.35157642892858	200.00000000000000	1
111	0	3	16	0.000000	0.000000	0.000000	0.000000	30.57797284857142	-96.35156048214284	200.00000000000000	1
112	0	3	16	0.000000	0.000000	0.000000	0.000000	30.57797808285715	-96.35166253214287	200.00000000000000	1
113	0	3	16	0.000000	0.000000	0.000000	0.000000	30.57793285857143	-96.35165482500000	200.00000000000000	1
114	0	3	16	0.000000	0.000000	0.000000	0.000000	30.57785367000001	-96.35159765071430	200.00000000000000	1
115	0	3	16	0.000000	0.000000	0.000000	0.000000	30.57793436499999	-96.35161887249998	200.00000000000000	1
