QGC WPL 110
0	0	0	16	0.000000	0.000000	0.000000	0.000000	30.57814762000000	-96.35185992000000	200.00000000000000	1
1	0	3	16	0.000000	0.000000	0.000000	0.000000	30.57835194000000	-96.35205747000001	200.00000000000000	1
2	0	3	16	0.000000	0.000000	0.000000	0.000000	30.57699732000000	-96.35197531999999	200.00000000000000	1
3	0	3	16	0.000000	0.000000	0.000000	0.000000	30.57810257333333	-96.35187482238095	200.00000000000000	1
4	0	3	16	0.000000	0.000000	0.000000	0.000000	30.57827770476191	-96.35204415095238	200.00000000000000	1
5	0	3	16	0.000000	0.000000	0.000000	0.000000	30.57711660190476	-96.35197373666666	200.00000000000000	1
6	0	3	16	0.000000	0.000000	0.000000	0.000000	30.57805752666667	-96.35188972476190	200.00000000000000	1
7	0	3	16	0.000000	0.000000	0.000000	0.000000	30.57820346952381	-96.35203083190476	200.00000000000000	1
8	0	3	16	0.000000	0.000000	0.000000	0.000000	30.57723588380953	-96.35197215333334	200.00000000000000	1
9	0	3	16	0.000000	0.000000	0.000000	0.000000	30.57801248000000	-96.35190462714286	200.00000000000000	1
10	0	3	16	0.000000	0.000000	0.000000	0.000000	30.57812923428571	-96.35201751285713	200.00000000000000	1
11	0	3	16	0.000000	0.000000	0.000000	0.000000	30.57735516571429	-96.35197057000001	200.00000000000000	1
12	0	3	16	0.000000	0.000000	0.000000	0.000000	30.57796743333333	-96.35191952952381	200.00000000000000	1
13	0	3	16	0.000000	0.000000	0.000000	0.000000	30.57805499904762	-96.35200419380951	200.00000000000000	1
14	0	3	16	0.000000	0.000000	0.000000	0.000000	30.57747444761905	-96.35196898666668	200.00000000000000	1
15	0	3	16	0.000000	0.000000	0.000000	0.000000	30.57792238666666	-96.35193443190477	200.00000000000000	1
16	0	3	16	0.000000	0.000000	0.000000	0.000000	30.57798076380952	-96.35199087476188	200.00000000000000	1
17	0	3	16	0.000000	0.000000	0.000000	0.000000	30.57759372952381	-96.35196740333335	200.00000000000000	1
18	0	3	16	0.000000	0.000000	0.000000	0.000000	30.57787734000000	-96.35194933428572	200.00000000000000	1
19	0	3	16	0.000000	0.000000	0.000000	0.000000	30.57790652857143	-96.35197755571426	200.00000000000000	1
20	0	3	16	0.000000	0.000000	0.000000	0.000000	30.57771301142857	-96.35196582000002	200.00000000000000	1
21	0	3	16	0.000000	0.000000	0.000000	0.000000	30.57783229333333	-96.35196423666667	200.00000000000000	1
22	0	3	16	0.000000	0.000000	0.000000	0.000000	30.57814762000000	-96.35185992000000	200.00000000000000	1
23	0	3	16	0.000000	0.000000	0.000000	0.000000	30.57699732000000	-96.35197531999999	200.00000000000000	1
24	0	3	16	0.000000	0.000000	0.000000	0.000000	30.57765377000000	-96.35115116000000	200.00000000000000	1
25	0	3	16	0.000000	0.000000	0.000000	0.000000	30.57806932714286	-96.35183166476190	200.00000000000000	1
26	0	3	16	0.000000	0.000000	0.000000	0.000000	30.57708335571429	-96.35193057904762	200.00000000000000	1
27	0	3	16	0.000000	0.000000	0.000000	0.000000	30.57764602714286	-96.35122415619048	200.00000000000000	1
28	0	3	16	0.000000	0.000000	0.000000	0.000000	30.57799103428571	-96.35180340952381	200.00000000000000	1
29	0	3	16	0.000000	0.000000	0.000000	0.000000	30.57716939142857	-96.35188583809524	200.00000000000000	1
30	0	3	16	0.000000	0.000000	0.000000	0.000000	30.57763828428572	-96.35129715238097	200.00000000000000	1
31	0	3	16	0.000000	0.000000	0.000000	0.000000	30.57791274142857	-96.35177515428572	200.00000000000000	1
32	0	3	16	0.000000	0.000000	0.000000	0.000000	30.57725542714286	-96.35184109714287	200.00000000000000	1
33	0	3	16	0.000000	0.000000	0.000000	0.000000	30.57763054142857	-96.35137014857145	200.00000000000000	1
34	0	3	16	0.000000	0.000000	0.000000	0.000000	30.57783444857143	-96.35174689904763	200.00000000000000	1
35	0	3	16	0.000000	0.000000	0.000000	0.000000	30.57734146285715	-96.35179635619049	200.00000000000000	1
36	0	3	16	0.000000	0.000000	0.000000	0.000000	30.57762279857143	-96.35144314476193	200.00000000000000	1
37	0	3	16	0.000000	0.000000	0.000000	0.000000	30.57775615571428	-96.35171864380953	200.00000000000000	1
38	0	3	16	0.000000	0.000000	0.000000	0.000000	30.57742749857143	-96.35175161523811	200.00000000000000	1
39	0	3	16	0.000000	0.000000	0.000000	0.000000	30.57761505571429	-96.35151614095241	200.00000000000000	1
40	0	3	16	0.000000	0.000000	0.000000	0.000000	30.57767786285714	-96.35169038857144	200.00000000000000	1
41	0	3	16	0.000000	0.000000	0.000000	0.000000	30.57751353428572	-96.35170687428574	200.00000000000000	1
42	0	3	16	0.000000	0.000000	0.000000	0.000000	30.57760731285714	-96.35158913714289	200.00000000000000	1
43	0	3	16	0.000000	0.000000	0.000000	0.000000	30.57759957000000	-96.35166213333335	200.00000000000000	1
44	0	3	16	0.000000	0.000000	0.000000	0.000000	30.57765377000000	-96.35115116000000	200.00000000000000	1
45	0	3	16	0.000000	0.000000	0.000000	0.000000	30.57699732000000	-96.35197531999999	200.00000000000000	1
46	0	3	16	0.000000	0.000000	0.000000	0.000000	30.57715847000000	-96.35017704000001	200.00000000000000	1
47	0	3	16	0.000000	0.000000	0.000000	0.000000	30.57755242000000	-96.35094903000000	200.00000000000000	1
48	0	3	16	0.000000	0.000000	0.000000	0.000000	30.57760901642857	-96.35113858535715	200.00000000000000	1
49	0	3	16	0.000000	0.000000	0.000000	0.000000	30.57704634500000	-96.35184500821428	200.00000000000000	1
50	0	3	16	0.000000	0.000000	0.000000	0.000000	30.57718447357143	-96.35030362535714	200.00000000000000	1
51	0	3	16	0.000000	0.000000	0.000000	0.000000	30.57752214500000	-96.35096533107142	200.00000000000000	1
52	0	3	16	0.000000	0.000000	0.000000	0.000000	30.57756426285714	-96.35112601071430	200.00000000000000	1
53	0	3	16	0.000000	0.000000	0.000000	0.000000	30.57709537000000	-96.35171469642857	200.00000000000000	1
54	0	3	16	0.000000	0.000000	0.000000	0.000000	30.57721047714286	-96.35043021071428	200.00000000000000	1
55	0	3	16	0.000000	0.000000	0.000000	0.000000	30.57749187000000	-96.35098163214285	200.00000000000000	1
56	0	3	16	0.000000	0.000000	0.000000	0.000000	30.57751950928571	-96.35111343607144	200.00000000000000	1
57	0	3	16	0.000000	0.000000	0.000000	0.000000	30.57714439500000	-96.35158438464286	200.00000000000000	1
58	0	3	16	0.000000	0.000000	0.000000	0.000000	30.57723648071428	-96.35055679607142	200.00000000000000	1
59	0	3	16	0.000000	0.000000	0.000000	0.000000	30.57746159500000	-96.35099793321427	200.00000000000000	1
60	0	3	16	0.000000	0.000000	0.000000	0.000000	30.57747475571428	-96.35110086142859	200.00000000000000	1
61	0	3	16	0.000000	0.000000	0.000000	0.000000	30.57719342000000	-96.35145407285715	200.00000000000000	1
62	0	3	16	0.000000	0.000000	0.000000	0.000000	30.57726248428571	-96.35068338142855	200.00000000000000	1
63	0	3	16	0.000000	0.000000	0.000000	0.000000	30.57743132000000	-96.35101423428570	200.00000000000000	1
64	0	3	16	0.000000	0.000000	0.000000	0.000000	30.57743000214285	-96.35108828678574	200.00000000000000	1
65	0	3	16	0.000000	0.000000	0.000000	0.000000	30.57724244500000	-96.35132376107144	200.00000000000000	1
66	0	3	16	0.000000	0.000000	0.000000	0.000000	30.57728848785714	-96.35080996678569	200.00000000000000	1
67	0	3	16	0.000000	0.000000	0.000000	0.000000	30.57740104500000	-96.35103053535713	200.00000000000000	1
68	0	3	16	0.000000	0.000000	0.000000	0.000000	30.57738524857142	-96.35107571214289	200.00000000000000	1
69	0	3	16	0.000000	0.000000	0.000000	0.000000	30.57729147000000	-96.35119344928573	200.00000000000000	1
70	0	3	16	0.000000	0.000000	0.000000	0.000000	30.57731449142857	-96.35093655214283	200.00000000000000	1
71	0	3	16	0.000000	0.000000	0.000000	0.000000	30.57737077000000	-96.35104683642855	200.00000000000000	1
72	0	3	16	0.000000	0.000000	0.000000	0.000000	30.57734049499999	-96.35106313750003	200.00000000000000	1
73	0	3	16	0.000000	0.000000	0.000000	0.000000	30.57755242000000	-96.35094903000000	200.00000000000000	1
74	0	3	16	0.000000	0.000000	0.000000	0.000000	30.57715847000000	-96.35017704000001	200.00000000000000	1
75	0	3	16	0.000000	0.000000	0.000000	0.000000	30.57776925000000	-96.35096358000000	200.00000000000000	1
76	0	3	16	0.000000	0.000000	0.000000	0.000000	30.57827777000000	-96.35161864000000	200.00000000000000	1
77	0	3	16	0.000000	0.000000	0.000000	0.000000	30.57757199964286	-96.35094589321429	200.00000000000000	1
78	0	3	16	0.000000	0.000000	0.000000	0.000000	30.57723432821428	-96.35028418750001	200.00000000000000	1
79	0	3	16	0.000000	0.000000	0.000000	0.000000	30.57775785392857	-96.35095836464285	200.00000000000000	1
80	0	3	16	0.000000	0.000000	0.000000	0.000000	30.57819372821428	-96.35151984464285	200.00000000000000	1
81	0	3	16	0.000000	0.000000	0.000000	0.000000	30.57759157928571	-96.35094275642858	200.00000000000000	1
82	0	3	16	0.000000	0.000000	0.000000	0.000000	30.57731018642857	-96.35039133500001	200.00000000000000	1
83	0	3	16	0.000000	0.000000	0.000000	0.000000	30.57774645785714	-96.35095314928570	200.00000000000000	1
84	0	3	16	0.000000	0.000000	0.000000	0.000000	30.57810968642857	-96.35142104928570	200.00000000000000	1
85	0	3	16	0.000000	0.000000	0.000000	0.000000	30.57761115892857	-96.35093961964287	200.00000000000000	1
86	0	3	16	0.000000	0.000000	0.000000	0.000000	30.57738604464285	-96.35049848250002	200.00000000000000	1
87	0	3	16	0.000000	0.000000	0.000000	0.000000	30.57773506178571	-96.35094793392855	200.00000000000000	1
88	0	3	16	0.000000	0.000000	0.000000	0.000000	30.57802564464285	-96.35132225392856	200.00000000000000	1
89	0	3	16	0.000000	0.000000	0.000000	0.000000	30.57763073857143	-96.35093648285716	200.00000000000000	1
90	0	3	16	0.000000	0.000000	0.000000	0.000000	30.57746190285714	-96.35060563000002	200.00000000000000	1
91	0	3	16	0.000000	0.000000	0.000000	0.000000	30.57772366571428	-96.35094271857140	200.00000000000000	1
92	0	3	16	0.000000	0.000000	0.000000	0.000000	30.57794160285714	-96.35122345857141	200.00000000000000	1
93	0	3	16	0.000000	0.000000	0.000000	0.000000	30.57765031821428	-96.35093334607146	200.00000000000000	1
94	0	3	16	0.000000	0.000000	0.000000	0.000000	30.57753776107142	-96.35071277750002	200.00000000000000	1
95	0	3	16	0.000000	0.000000	0.000000	0.000000	30.57771226964286	-96.35093750321425	200.00000000000000	1
96	0	3	16	0.000000	0.000000	0.000000	0.000000	30.57785756107142	-96.35112466321426	200.00000000000000	1
97	0	3	16	0.000000	0.000000	0.000000	0.000000	30.57766989785714	-96.35093020928575	200.00000000000000	1
98	0	3	16	0.000000	0.000000	0.000000	0.000000	30.57761361928571	-96.35081992500002	200.00000000000000	1
99	0	3	16	0.000000	0.000000	0.000000	0.000000	30.57770087357143	-96.35093228785711	200.00000000000000	1
100	0	3	16	0.000000	0.000000	0.000000	0.000000	30.57777351928571	-96.35102586785712	200.00000000000000	1
101	0	3	16	0.000000	0.000000	0.000000	0.000000	30.57768947749999	-96.35092707250004	200.00000000000000	1
102	0	3	16	0.000000	0.000000	0.000000	0.000000	30.57776925000000	-96.35096358000000	200.00000000000000	1
103	0	3	16	0.000000	0.000000	0.000000	0.000000	30.57811807000000	-96.35137209000000	200.00000000000000	1
104	0	3	16	0.000000	0.000000	0.000000	0.000000	30.57827777000000	-96.35161864000000	200.00000000000000	1
105	0	3	16	0.000000	0.000000	0.000000	0.000000	30.57781007571429	-96.35101422619047	200.00000000000000	1
106	0	3	16	0.000000	0.000000	0.000000	0.000000	30.57810906428571	-96.35136437761905	200.00000000000000	1
107	0	3	16	0.000000	0.000000	0.000000	0.000000	30.57824595000000	-96.35157570619047	200.00000000000000	1
108	0	3	16	0.000000	0.000000	0.000000	0.000000	30.57785090142857	-96.35106487238095	200.00000000000000	1
109	0	3	16	0.000000	0.000000	0.000000	0.000000	30.57810005857143	-96.35135666523810	200.00000000000000	1
110	0	3	16	0.000000	0.000000	0.000000	0.000000	30.57821413000000	-96.35153277238095	200.00000000000000	1
111	0	3	16	0.000000	0.000000	0.000000	0.000000	30.57789172714286	-96.35111551857142	200.00000000000000	1
112	0	3	16	0.000000	0.000000	0.000000	0.000000	30.57809105285714	-96.35134895285715	200.00000000000000	1
113	0	3	16	0.000000	0.000000	0.000000	0.000000	30.57818231000000	-96.35148983857142	200.00000000000000	1
114	0	3	16	0.000000	0.000000	0.000000	0.000000	30.57793255285715	-96.35116616476189	200.00000000000000	1
115	0	3	16	0.000000	0.000000	0.000000	0.000000	30.57808204714285	-96.35134124047620	200.00000000000000	1
116	0	3	16	0.000000	0.000000	0.000000	0.000000	30.57815049000000	-96.35144690476190	200.00000000000000	1
117	0	3	16	0.000000	0.000000	0.000000	0.000000	30.57797337857143	-96.35121681095237	200.00000000000000	1
118	0	3	16	0.000000	0.000000	0.000000	0.000000	30.57807304142857	-96.35133352809525	200.00000000000000	1
119	0	3	16	0.000000	0.000000	0.000000	0.000000	30.57811867000000	-96.35140397095238	200.00000000000000	1
120	0	3	16	0.000000	0.000000	0.000000	0.000000	30.57801420428572	-96.35126745714284	200.00000000000000	1
121	0	3	16	0.000000	0.000000	0.000000	0.000000	30.57806403571428	-96.35132581571430	200.00000000000000	1
122	0	3	16	0.000000	0.000000	0.000000	0.000000	30.57808685000000	-96.35136103714285	200.00000000000000	1
123	0	3	16	0.000000	0.000000	0.000000	0.000000	30.57805503000001	-96.35131810333331	200.00000000000000	1
124	0	3	16	0.000000	0.000000	0.000000	0.000000	30.57811807000000	-96.35137209000000	200.00000000000000	1
125	0	3	16	0.000000	0.000000	0.000000	0.000000	30.57776925000000	-96.35096358000000	200.00000000000000	1
126	0	3	16	0.000000	0.000000	0.000000	0.000000	30.57798922000000	-96.35075832000000	200.00000000000000	1
127	0	3	16	0.000000	0.000000	0.000000	0.000000	30.57809532380952	-96.35132340999999	200.00000000000000	1
128	0	3	16	0.000000	0.000000	0.000000	0.000000	30.57779633523809	-96.35097325857143	200.00000000000000	1
129	0	3	16	0.000000	0.000000	0.000000	0.000000	30.57798488095238	-96.35079732142857	200.00000000000000	1
130	0	3	16	0.000000	0.000000	0.000000	0.000000	30.57807257761904	-96.35127472999999	200.00000000000000	1
131	0	3	16	0.000000	0.000000	0.000000	0.000000	30.57782342047619	-96.35098293714286	200.00000000000000	1
132	0	3	16	0.000000	0.000000	0.000000	0.000000	30.57798054190476	-96.35083632285715	200.00000000000000	1
133	0	3	16	0.000000	0.000000	0.000000	0.000000	30.57804983142857	-96.35122604999998	200.00000000000000	1
134	0	3	16	0.000000	0.000000	0.000000	0.000000	30.57785050571428	-96.35099261571429	200.00000000000000	1
135	0	3	16	0.000000	0.000000	0.000000	0.000000	30.57797620285714	-96.35087532428572	200.00000000000000	1
136	0	3	16	0.000000	0.000000	0.000000	0.000000	30.57802708523809	-96.35117736999997	200.00000000000000	1
137	0	3	16	0.000000	0.000000	0.000000	0.000000	30.57787759095238	-96.35100229428572	200.00000000000000	1
138	0	3	16	0.000000	0.000000	0.000000	0.000000	30.57797186380952	-96.35091432571430	200.00000000000000	1
139	0	3	16	0.000000	0.000000	0.000000	0.000000	30.57800433904761	-96.35112868999997	200.00000000000000	1
140	0	3	16	0.000000	0.000000	0.000000	0.000000	30.57790467619047	-96.35101197285715	200.00000000000000	1
141	0	3	16	0.000000	0.000000	0.000000	0.000000	30.57796752476190	-96.35095332714288	200.00000000000000	1
142	0	3	16	0.000000	0.000000	0.000000	0.000000	30.57798159285713	-96.35108000999996	200.00000000000000	1
143	0	3	16	0.000000	0.000000	0.000000	0.000000	30.57793176142857	-96.35102165142858	200.00000000000000	1
144	0	3	16	0.000000	0.000000	0.000000	0.000000	30.57796318571427	-96.35099232857145	200.00000000000000	1
145	0	3	16	0.000000	0.000000	0.000000	0.000000	30.57795884666665	-96.35103132999996	200.00000000000000	1
