QGC WPL 110
0	0	0	16	0.000000	0.000000	0.000000	0.000000	30.57695799000000	-96.35083090000001	200.00000000000000	1
1	0	3	16	0.000000	0.000000	0.000000	0.000000	30.57772458000000	-96.35110005000000	200.00000000000000	1
2	0	3	16	0.000000	0.000000	0.000000	0.000000	30.57831225000000	-96.35209888000000	200.00000000000000	1
3	0	3	16	0.000000	0.000000	0.000000	0.000000	30.57708331000000	-96.35179753000000	200.00000000000000	1
4	0	3	16	0.000000	0.000000	0.000000	0.000000	30.57657023000000	-96.35085599999999	200.00000000000000	1
5	0	3	16	0.000000	0.000000	0.000000	0.000000	30.57701108742857	-96.35090315314287	200.00000000000000	1
6	0	3	16	0.000000	0.000000	0.000000	0.000000	30.57766816457143	-96.35113385314285	200.00000000000000	1
7	0	3	16	0.000000	0.000000	0.000000	0.000000	30.57817188171429	-96.35198999314285	200.00000000000000	1
8	0	3	16	0.000000	0.000000	0.000000	0.000000	30.57711850457143	-96.35173169314285	200.00000000000000	1
9	0	3	16	0.000000	0.000000	0.000000	0.000000	30.57667872171429	-96.35092466742857	200.00000000000000	1
10	0	3	16	0.000000	0.000000	0.000000	0.000000	30.57706418485714	-96.35097540628573	200.00000000000000	1
11	0	3	16	0.000000	0.000000	0.000000	0.000000	30.57761174914286	-96.35116765628571	200.00000000000000	1
12	0	3	16	0.000000	0.000000	0.000000	0.000000	30.57803151342857	-96.35188110628570	200.00000000000000	1
13	0	3	16	0.000000	0.000000	0.000000	0.000000	30.57715369914285	-96.35166585628571	200.00000000000000	1
14	0	3	16	0.000000	0.000000	0.000000	0.000000	30.57678721342857	-96.35099333485715	200.00000000000000	1
15	0	3	16	0.000000	0.000000	0.000000	0.000000	30.57711728228571	-96.35104765942859	200.00000000000000	1
16	0	3	16	0.000000	0.000000	0.000000	0.000000	30.57755533371429	-96.35120145942857	200.00000000000000	1
17	0	3	16	0.000000	0.000000	0.000000	0.000000	30.57789114514286	-96.35177221942855	200.00000000000000	1
18	0	3	16	0.000000	0.000000	0.000000	0.000000	30.57718889371428	-96.35160001942856	200.00000000000000	1
19	0	3	16	0.000000	0.000000	0.000000	0.000000	30.57689570514286	-96.35106200228573	200.00000000000000	1
20	0	3	16	0.000000	0.000000	0.000000	0.000000	30.57717037971428	-96.35111991257145	200.00000000000000	1
21	0	3	16	0.000000	0.000000	0.000000	0.000000	30.57749891828572	-96.35123526257142	200.00000000000000	1
22	0	3	16	0.000000	0.000000	0.000000	0.000000	30.57775077685715	-96.35166333257141	200.00000000000000	1
23	0	3	16	0.000000	0.000000	0.000000	0.000000	30.57722408828571	-96.35153418257141	200.00000000000000	1
24	0	3	16	0.000000	0.000000	0.000000	0.000000	30.57700419685715	-96.35113066971431	200.00000000000000	1
25	0	3	16	0.000000	0.000000	0.000000	0.000000	30.57722347714285	-96.35119216571431	200.00000000000000	1
26	0	3	16	0.000000	0.000000	0.000000	0.000000	30.57744250285715	-96.35126906571428	200.00000000000000	1
27	0	3	16	0.000000	0.000000	0.000000	0.000000	30.57761040857143	-96.35155444571426	200.00000000000000	1
28	0	3	16	0.000000	0.000000	0.000000	0.000000	30.57725928285714	-96.35146834571427	200.00000000000000	1
29	0	3	16	0.000000	0.000000	0.000000	0.000000	30.57711268857143	-96.35119933714289	200.00000000000000	1
30	0	3	16	0.000000	0.000000	0.000000	0.000000	30.57727657457142	-96.35126441885717	200.00000000000000	1
31	0	3	16	0.000000	0.000000	0.000000	0.000000	30.57738608742858	-96.35130286885713	200.00000000000000	1
32	0	3	16	0.000000	0.000000	0.000000	0.000000	30.57747004028572	-96.35144555885711	200.00000000000000	1
33	0	3	16	0.000000	0.000000	0.000000	0.000000	30.57729447742857	-96.35140250885712	200.00000000000000	1
34	0	3	16	0.000000	0.000000	0.000000	0.000000	30.57722118028572	-96.35126800457147	200.00000000000000	1
35	0	3	16	0.000000	0.000000	0.000000	0.000000	30.57732967199999	-96.35133667200003	200.00000000000000	1
36	0	3	16	0.000000	0.000000	0.000000	0.000000	30.57772458000000	-96.35110005000000	200.00000000000000	1
37	0	3	16	0.000000	0.000000	0.000000	0.000000	30.57695799000000	-96.35083090000001	200.00000000000000	1
38	0	3	16	0.000000	0.000000	0.000000	0.000000	30.57749328000000	-96.35090176999999	200.00000000000000	1
39	0	3	16	0.000000	0.000000	0.000000	0.000000	30.57808806000000	-96.35102906000000	200.00000000000000	1
40	0	3	16	0.000000	0.000000	0.000000	0.000000	30.57770192250000	-96.35108082071429	200.00000000000000	1
41	0	3	16	0.000000	0.000000	0.000000	0.000000	30.57704484535714	-96.35085012071430	200.00000000000000	1
42	0	3	16	0.000000	0.000000	0.000000	0.000000	30.57750366535714	-96.35091086642856	200.00000000000000	1
43	0	3	16	0.000000	0.000000	0.000000	0.000000	30.57801347678571	-96.35101997214286	200.00000000000000	1
44	0	3	16	0.000000	0.000000	0.000000	0.000000	30.57767926500000	-96.35106159142858	200.00000000000000	1
45	0	3	16	0.000000	0.000000	0.000000	0.000000	30.57713170071429	-96.35086934142859	200.00000000000000	1
46	0	3	16	0.000000	0.000000	0.000000	0.000000	30.57751405071429	-96.35091996285713	200.00000000000000	1
47	0	3	16	0.000000	0.000000	0.000000	0.000000	30.57793889357143	-96.35101088428573	200.00000000000000	1
48	0	3	16	0.000000	0.000000	0.000000	0.000000	30.57765660750000	-96.35104236214286	200.00000000000000	1
49	0	3	16	0.000000	0.000000	0.000000	0.000000	30.57721855607143	-96.35088856214288	200.00000000000000	1
50	0	3	16	0.000000	0.000000	0.000000	0.000000	30.57752443607143	-96.35092905928570	200.00000000000000	1
51	0	3	16	0.000000	0.000000	0.000000	0.000000	30.57786431035714	-96.35100179642859	200.00000000000000	1
52	0	3	16	0.000000	0.000000	0.000000	0.000000	30.57763395000000	-96.35102313285715	200.00000000000000	1
53	0	3	16	0.000000	0.000000	0.000000	0.000000	30.57730541142857	-96.35090778285718	200.00000000000000	1
54	0	3	16	0.000000	0.000000	0.000000	0.000000	30.57753482142857	-96.35093815571427	200.00000000000000	1
55	0	3	16	0.000000	0.000000	0.000000	0.000000	30.57778972714286	-96.35099270857145	200.00000000000000	1
56	0	3	16	0.000000	0.000000	0.000000	0.000000	30.57761129250000	-96.35100390357144	200.00000000000000	1
57	0	3	16	0.000000	0.000000	0.000000	0.000000	30.57739226678571	-96.35092700357147	200.00000000000000	1
58	0	3	16	0.000000	0.000000	0.000000	0.000000	30.57754520678571	-96.35094725214284	200.00000000000000	1
59	0	3	16	0.000000	0.000000	0.000000	0.000000	30.57771514392857	-96.35098362071432	200.00000000000000	1
60	0	3	16	0.000000	0.000000	0.000000	0.000000	30.57758863500000	-96.35098467428573	200.00000000000000	1
61	0	3	16	0.000000	0.000000	0.000000	0.000000	30.57747912214286	-96.35094622428576	200.00000000000000	1
62	0	3	16	0.000000	0.000000	0.000000	0.000000	30.57755559214286	-96.35095634857142	200.00000000000000	1
63	0	3	16	0.000000	0.000000	0.000000	0.000000	30.57764056071429	-96.35097453285718	200.00000000000000	1
64	0	3	16	0.000000	0.000000	0.000000	0.000000	30.57756597750000	-96.35096544500001	200.00000000000000	1
65	0	3	16	0.000000	0.000000	0.000000	0.000000	30.57772458000000	-96.35110005000000	200.00000000000000	1
66	0	3	16	0.000000	0.000000	0.000000	0.000000	30.57808806000000	-96.35102906000000	200.00000000000000	1
67	0	3	16	0.000000	0.000000	0.000000	0.000000	30.57822247000000	-96.35149846000000	200.00000000000000	1
68	0	3	16	0.000000	0.000000	0.000000	0.000000	30.57781336000000	-96.35121488999999	200.00000000000000	1
69	0	3	16	0.000000	0.000000	0.000000	0.000000	30.57775851392857	-96.35111584500000	200.00000000000000	1
70	0	3	16	0.000000	0.000000	0.000000	0.000000	30.57807006821428	-96.35105499642857	200.00000000000000	1
71	0	3	16	0.000000	0.000000	0.000000	0.000000	30.57818527678571	-96.35145733928572	200.00000000000000	1
72	0	3	16	0.000000	0.000000	0.000000	0.000000	30.57783461107143	-96.35121427928571	200.00000000000000	1
73	0	3	16	0.000000	0.000000	0.000000	0.000000	30.57779244785714	-96.35113163999999	200.00000000000000	1
74	0	3	16	0.000000	0.000000	0.000000	0.000000	30.57805207642857	-96.35108093285714	200.00000000000000	1
75	0	3	16	0.000000	0.000000	0.000000	0.000000	30.57814808357143	-96.35141621857143	200.00000000000000	1
76	0	3	16	0.000000	0.000000	0.000000	0.000000	30.57785586214285	-96.35121366857143	200.00000000000000	1
77	0	3	16	0.000000	0.000000	0.000000	0.000000	30.57782638178571	-96.35114743499999	200.00000000000000	1
78	0	3	16	0.000000	0.000000	0.000000	0.000000	30.57803408464286	-96.35110686928572	200.00000000000000	1
79	0	3	16	0.000000	0.000000	0.000000	0.000000	30.57811089035714	-96.35137509785714	200.00000000000000	1
80	0	3	16	0.000000	0.000000	0.000000	0.000000	30.57787711321428	-96.35121305785715	200.00000000000000	1
81	0	3	16	0.000000	0.000000	0.000000	0.000000	30.57786031571428	-96.35116322999998	200.00000000000000	1
82	0	3	16	0.000000	0.000000	0.000000	0.000000	30.57801609285714	-96.35113280571429	200.00000000000000	1
83	0	3	16	0.000000	0.000000	0.000000	0.000000	30.57807369714286	-96.35133397714286	200.00000000000000	1
84	0	3	16	0.000000	0.000000	0.000000	0.000000	30.57789836428571	-96.35121244714287	200.00000000000000	1
85	0	3	16	0.000000	0.000000	0.000000	0.000000	30.57789424964285	-96.35117902499998	200.00000000000000	1
86	0	3	16	0.000000	0.000000	0.000000	0.000000	30.57799810107143	-96.35115874214286	200.00000000000000	1
87	0	3	16	0.000000	0.000000	0.000000	0.000000	30.57803650392857	-96.35129285642857	200.00000000000000	1
88	0	3	16	0.000000	0.000000	0.000000	0.000000	30.57791961535714	-96.35121183642859	200.00000000000000	1
89	0	3	16	0.000000	0.000000	0.000000	0.000000	30.57792818357142	-96.35119481999998	200.00000000000000	1
90	0	3	16	0.000000	0.000000	0.000000	0.000000	30.57798010928571	-96.35118467857143	200.00000000000000	1
91	0	3	16	0.000000	0.000000	0.000000	0.000000	30.57799931071428	-96.35125173571429	200.00000000000000	1
92	0	3	16	0.000000	0.000000	0.000000	0.000000	30.57794086642856	-96.35121122571431	200.00000000000000	1
93	0	3	16	0.000000	0.000000	0.000000	0.000000	30.57796211749999	-96.35121061499997	200.00000000000000	1
94	0	3	16	0.000000	0.000000	0.000000	0.000000	30.57808806000000	-96.35102906000000	200.00000000000000	1
95	0	3	16	0.000000	0.000000	0.000000	0.000000	30.57840655000000	-96.35191943000000	200.00000000000000	1
96	0	3	16	0.000000	0.000000	0.000000	0.000000	30.57822247000000	-96.35149846000000	200.00000000000000	1
97	0	3	16	0.000000	0.000000	0.000000	0.000000	30.57810962666667	-96.35109381095238	200.00000000000000	1
98	0	3	16	0.000000	0.000000	0.000000	0.000000	30.57838261809524	-96.35185698523809	200.00000000000000	1
99	0	3	16	0.000000	0.000000	0.000000	0.000000	30.57822483523810	-96.35149615380952	200.00000000000000	1
100	0	3	16	0.000000	0.000000	0.000000	0.000000	30.57813119333333	-96.35115856190475	200.00000000000000	1
101	0	3	16	0.000000	0.000000	0.000000	0.000000	30.57835868619047	-96.35179454047618	200.00000000000000	1
102	0	3	16	0.000000	0.000000	0.000000	0.000000	30.57822720047619	-96.35149384761904	200.00000000000000	1
103	0	3	16	0.000000	0.000000	0.000000	0.000000	30.57815276000000	-96.35122331285713	200.00000000000000	1
104	0	3	16	0.000000	0.000000	0.000000	0.000000	30.57833475428571	-96.35173209571427	200.00000000000000	1
105	0	3	16	0.000000	0.000000	0.000000	0.000000	30.57822956571429	-96.35149154142856	200.00000000000000	1
106	0	3	16	0.000000	0.000000	0.000000	0.000000	30.57817432666667	-96.35128806380951	200.00000000000000	1
107	0	3	16	0.000000	0.000000	0.000000	0.000000	30.57831082238095	-96.35166965095236	200.00000000000000	1
108	0	3	16	0.000000	0.000000	0.000000	0.000000	30.57823193095238	-96.35148923523808	200.00000000000000	1
109	0	3	16	0.000000	0.000000	0.000000	0.000000	30.57819589333334	-96.35135281476188	200.00000000000000	1
110	0	3	16	0.000000	0.000000	0.000000	0.000000	30.57828689047618	-96.35160720619045	200.00000000000000	1
111	0	3	16	0.000000	0.000000	0.000000	0.000000	30.57823429619048	-96.35148692904760	200.00000000000000	1
112	0	3	16	0.000000	0.000000	0.000000	0.000000	30.57821746000000	-96.35141756571426	200.00000000000000	1
113	0	3	16	0.000000	0.000000	0.000000	0.000000	30.57826295857142	-96.35154476142854	200.00000000000000	1
114	0	3	16	0.000000	0.000000	0.000000	0.000000	30.57823666142858	-96.35148462285711	200.00000000000000	1
115	0	3	16	0.000000	0.000000	0.000000	0.000000	30.57823902666667	-96.35148231666663	200.00000000000000	1
