QGC WPL 110
0	0	0	16	0.000000	0.000000	0.000000	0.000000	30.57676759000000	-96.35152250000000	200.00000000000000	1
1	0	3	16	0.000000	0.000000	0.000000	0.000000	30.57678822000000	-96.35203496000000	200.00000000000000	1
2	0	3	16	0.000000	0.000000	0.000000	0.000000	30.57668836000000	-96.35148194999999	200.00000000000000	1
3	0	3	16	0.000000	0.000000	0.000000	0.000000	30.57676479952381	-96.35154497190476	200.00000000000000	1
4	0	3	16	0.000000	0.000000	0.000000	0.000000	30.57678248238095	-96.35198422333333	200.00000000000000	1
5	0	3	16	0.000000	0.000000	0.000000	0.000000	30.57669688809523	-96.35151021476190	200.00000000000000	1
6	0	3	16	0.000000	0.000000	0.000000	0.000000	30.57676200904762	-96.35156744380951	200.00000000000000	1
7	0	3	16	0.000000	0.000000	0.000000	0.000000	30.57677674476190	-96.35193348666667	200.00000000000000	1
8	0	3	16	0.000000	0.000000	0.000000	0.000000	30.57670541619047	-96.35153847952381	200.00000000000000	1
9	0	3	16	0.000000	0.000000	0.000000	0.000000	30.57675921857142	-96.35158991571427	200.00000000000000	1
10	0	3	16	0.000000	0.000000	0.000000	0.000000	30.57677100714286	-96.35188275000000	200.00000000000000	1
11	0	3	16	0.000000	0.000000	0.000000	0.000000	30.57671394428571	-96.35156674428572	200.00000000000000	1
12	0	3	16	0.000000	0.000000	0.000000	0.000000	30.57675642809523	-96.35161238761903	200.00000000000000	1
13	0	3	16	0.000000	0.000000	0.000000	0.000000	30.57676526952381	-96.35183201333334	200.00000000000000	1
14	0	3	16	0.000000	0.000000	0.000000	0.000000	30.57672247238094	-96.35159500904763	200.00000000000000	1
15	0	3	16	0.000000	0.000000	0.000000	0.000000	30.57675363761904	-96.35163485952378	200.00000000000000	1
16	0	3	16	0.000000	0.000000	0.000000	0.000000	30.57675953190476	-96.35178127666667	200.00000000000000	1
17	0	3	16	0.000000	0.000000	0.000000	0.000000	30.57673100047618	-96.35162327380954	200.00000000000000	1
18	0	3	16	0.000000	0.000000	0.000000	0.000000	30.57675084714285	-96.35165733142854	200.00000000000000	1
19	0	3	16	0.000000	0.000000	0.000000	0.000000	30.57675379428571	-96.35173054000001	200.00000000000000	1
20	0	3	16	0.000000	0.000000	0.000000	0.000000	30.57673952857142	-96.35165153857145	200.00000000000000	1
21	0	3	16	0.000000	0.000000	0.000000	0.000000	30.57674805666666	-96.35167980333330	200.00000000000000	1
22	0	3	16	0.000000	0.000000	0.000000	0.000000	30.57676759000000	-96.35152250000000	200.00000000000000	1
23	0	3	16	0.000000	0.000000	0.000000	0.000000	30.57668836000000	-96.35148194999999	200.00000000000000	1
24	0	3	16	0.000000	0.000000	0.000000	0.000000	30.57829689000000	-96.35065896000000	200.00000000000000	1
25	0	3	16	0.000000	0.000000	0.000000	0.000000	30.57839032000000	-96.35063074999999	200.00000000000000	1
26	0	3	16	0.000000	0.000000	0.000000	0.000000	30.57759952000000	-96.35107796000000	200.00000000000000	1
27	0	3	16	0.000000	0.000000	0.000000	0.000000	30.57687915371428	-96.35145848914286	200.00000000000000	1
28	0	3	16	0.000000	0.000000	0.000000	0.000000	30.57681124228571	-96.35142373199999	200.00000000000000	1
29	0	3	16	0.000000	0.000000	0.000000	0.000000	30.57818998228571	-96.35071831200000	200.00000000000000	1
30	0	3	16	0.000000	0.000000	0.000000	0.000000	30.57827006514286	-96.35069413199999	200.00000000000000	1
31	0	3	16	0.000000	0.000000	0.000000	0.000000	30.57759223657143	-96.35107745485713	200.00000000000000	1
32	0	3	16	0.000000	0.000000	0.000000	0.000000	30.57699071742857	-96.35139447828571	200.00000000000000	1
33	0	3	16	0.000000	0.000000	0.000000	0.000000	30.57693412457143	-96.35136551399998	200.00000000000000	1
34	0	3	16	0.000000	0.000000	0.000000	0.000000	30.57808307457143	-96.35077766399999	200.00000000000000	1
35	0	3	16	0.000000	0.000000	0.000000	0.000000	30.57814981028571	-96.35075751399998	200.00000000000000	1
36	0	3	16	0.000000	0.000000	0.000000	0.000000	30.57758495314286	-96.35107694971427	200.00000000000000	1
37	0	3	16	0.000000	0.000000	0.000000	0.000000	30.57710228114285	-96.35133046742857	200.00000000000000	1
38	0	3	16	0.000000	0.000000	0.000000	0.000000	30.57705700685715	-96.35130729599997	200.00000000000000	1
39	0	3	16	0.000000	0.000000	0.000000	0.000000	30.57797616685714	-96.35083701599999	200.00000000000000	1
40	0	3	16	0.000000	0.000000	0.000000	0.000000	30.57802955542857	-96.35082089599997	200.00000000000000	1
41	0	3	16	0.000000	0.000000	0.000000	0.000000	30.57757766971429	-96.35107644457140	200.00000000000000	1
42	0	3	16	0.000000	0.000000	0.000000	0.000000	30.57721384485714	-96.35126645657142	200.00000000000000	1
43	0	3	16	0.000000	0.000000	0.000000	0.000000	30.57717988914286	-96.35124907799997	200.00000000000000	1
44	0	3	16	0.000000	0.000000	0.000000	0.000000	30.57786925914285	-96.35089636799998	200.00000000000000	1
45	0	3	16	0.000000	0.000000	0.000000	0.000000	30.57790930057142	-96.35088427799997	200.00000000000000	1
46	0	3	16	0.000000	0.000000	0.000000	0.000000	30.57757038628572	-96.35107593942854	200.00000000000000	1
47	0	3	16	0.000000	0.000000	0.000000	0.000000	30.57732540857142	-96.35120244571428	200.00000000000000	1
48	0	3	16	0.000000	0.000000	0.000000	0.000000	30.57730277142858	-96.35119085999996	200.00000000000000	1
49	0	3	16	0.000000	0.000000	0.000000	0.000000	30.57776235142857	-96.35095571999997	200.00000000000000	1
50	0	3	16	0.000000	0.000000	0.000000	0.000000	30.57778904571428	-96.35094765999996	200.00000000000000	1
51	0	3	16	0.000000	0.000000	0.000000	0.000000	30.57756310285715	-96.35107543428568	200.00000000000000	1
52	0	3	16	0.000000	0.000000	0.000000	0.000000	30.57743697228571	-96.35113843485713	200.00000000000000	1
53	0	3	16	0.000000	0.000000	0.000000	0.000000	30.57742565371429	-96.35113264199995	200.00000000000000	1
54	0	3	16	0.000000	0.000000	0.000000	0.000000	30.57765544371428	-96.35101507199997	200.00000000000000	1
55	0	3	16	0.000000	0.000000	0.000000	0.000000	30.57766879085714	-96.35101104199995	200.00000000000000	1
56	0	3	16	0.000000	0.000000	0.000000	0.000000	30.57755581942858	-96.35107492914281	200.00000000000000	1
57	0	3	16	0.000000	0.000000	0.000000	0.000000	30.57754853599999	-96.35107442399999	200.00000000000000	1
58	0	3	16	0.000000	0.000000	0.000000	0.000000	30.57759952000000	-96.35107796000000	200.00000000000000	1
59	0	3	16	0.000000	0.000000	0.000000	0.000000	30.57839032000000	-96.35063074999999	200.00000000000000	1
60	0	3	16	0.000000	0.000000	0.000000	0.000000	30.57775864000000	-96.35151286000000	200.00000000000000	1
61	0	3	16	0.000000	0.000000	0.000000	0.000000	30.57764475428571	-96.35107737380952	200.00000000000000	1
62	0	3	16	0.000000	0.000000	0.000000	0.000000	30.57832258285714	-96.35069405095237	200.00000000000000	1
63	0	3	16	0.000000	0.000000	0.000000	0.000000	30.57778114285714	-96.35145014523809	200.00000000000000	1
64	0	3	16	0.000000	0.000000	0.000000	0.000000	30.57768998857143	-96.35107678761904	200.00000000000000	1
65	0	3	16	0.000000	0.000000	0.000000	0.000000	30.57825484571429	-96.35075735190475	200.00000000000000	1
66	0	3	16	0.000000	0.000000	0.000000	0.000000	30.57780364571428	-96.35138743047618	200.00000000000000	1
67	0	3	16	0.000000	0.000000	0.000000	0.000000	30.57773522285714	-96.35107620142855	200.00000000000000	1
68	0	3	16	0.000000	0.000000	0.000000	0.000000	30.57818710857143	-96.35082065285712	200.00000000000000	1
69	0	3	16	0.000000	0.000000	0.000000	0.000000	30.57782614857143	-96.35132471571427	200.00000000000000	1
70	0	3	16	0.000000	0.000000	0.000000	0.000000	30.57778045714286	-96.35107561523807	200.00000000000000	1
71	0	3	16	0.000000	0.000000	0.000000	0.000000	30.57811937142857	-96.35088395380950	200.00000000000000	1
72	0	3	16	0.000000	0.000000	0.000000	0.000000	30.57784865142857	-96.35126200095236	200.00000000000000	1
73	0	3	16	0.000000	0.000000	0.000000	0.000000	30.57782569142857	-96.35107502904759	200.00000000000000	1
74	0	3	16	0.000000	0.000000	0.000000	0.000000	30.57805163428572	-96.35094725476188	200.00000000000000	1
75	0	3	16	0.000000	0.000000	0.000000	0.000000	30.57787115428571	-96.35119928619045	200.00000000000000	1
76	0	3	16	0.000000	0.000000	0.000000	0.000000	30.57787092571429	-96.35107444285711	200.00000000000000	1
77	0	3	16	0.000000	0.000000	0.000000	0.000000	30.57798389714286	-96.35101055571425	200.00000000000000	1
78	0	3	16	0.000000	0.000000	0.000000	0.000000	30.57789365714285	-96.35113657142854	200.00000000000000	1
79	0	3	16	0.000000	0.000000	0.000000	0.000000	30.57791616000000	-96.35107385666663	200.00000000000000	1
80	0	3	16	0.000000	0.000000	0.000000	0.000000	30.57839032000000	-96.35063074999999	200.00000000000000	1
81	0	3	16	0.000000	0.000000	0.000000	0.000000	30.57829689000000	-96.35065896000000	200.00000000000000	1
82	0	3	16	0.000000	0.000000	0.000000	0.000000	30.57784660000000	-96.35069561000000	200.00000000000000	1
83	0	3	16	0.000000	0.000000	0.000000	0.000000	30.57793162000000	-96.35021135000000	200.00000000000000	1
84	0	3	16	0.000000	0.000000	0.000000	0.000000	30.57831881000000	-96.35025438000000	200.00000000000000	1
85	0	3	16	0.000000	0.000000	0.000000	0.000000	30.57835696685714	-96.35061067285714	200.00000000000000	1
86	0	3	16	0.000000	0.000000	0.000000	0.000000	30.57827688400000	-96.35063485285714	200.00000000000000	1
87	0	3	16	0.000000	0.000000	0.000000	0.000000	30.57789092114286	-96.35066626714286	200.00000000000000	1
88	0	3	16	0.000000	0.000000	0.000000	0.000000	30.57796379542857	-96.35025118714286	200.00000000000000	1
89	0	3	16	0.000000	0.000000	0.000000	0.000000	30.57829567257143	-96.35028806999999	200.00000000000000	1
90	0	3	16	0.000000	0.000000	0.000000	0.000000	30.57832361371429	-96.35059059571429	200.00000000000000	1
91	0	3	16	0.000000	0.000000	0.000000	0.000000	30.57825687800000	-96.35061074571428	200.00000000000000	1
92	0	3	16	0.000000	0.000000	0.000000	0.000000	30.57793524228572	-96.35063692428571	200.00000000000000	1
93	0	3	16	0.000000	0.000000	0.000000	0.000000	30.57799597085715	-96.35029102428572	200.00000000000000	1
94	0	3	16	0.000000	0.000000	0.000000	0.000000	30.57827253514286	-96.35032175999999	200.00000000000000	1
95	0	3	16	0.000000	0.000000	0.000000	0.000000	30.57829026057143	-96.35057051857144	200.00000000000000	1
96	0	3	16	0.000000	0.000000	0.000000	0.000000	30.57823687200000	-96.35058663857141	200.00000000000000	1
97	0	3	16	0.000000	0.000000	0.000000	0.000000	30.57797956342858	-96.35060758142856	200.00000000000000	1
98	0	3	16	0.000000	0.000000	0.000000	0.000000	30.57802814628572	-96.35033086142859	200.00000000000000	1
99	0	3	16	0.000000	0.000000	0.000000	0.000000	30.57824939771429	-96.35035544999998	200.00000000000000	1
100	0	3	16	0.000000	0.000000	0.000000	0.000000	30.57825690742857	-96.35055044142860	200.00000000000000	1
101	0	3	16	0.000000	0.000000	0.000000	0.000000	30.57821686600000	-96.35056253142855	200.00000000000000	1
102	0	3	16	0.000000	0.000000	0.000000	0.000000	30.57802388457144	-96.35057823857142	200.00000000000000	1
103	0	3	16	0.000000	0.000000	0.000000	0.000000	30.57806032171429	-96.35037069857145	200.00000000000000	1
104	0	3	16	0.000000	0.000000	0.000000	0.000000	30.57822626028572	-96.35038913999998	200.00000000000000	1
105	0	3	16	0.000000	0.000000	0.000000	0.000000	30.57822355428571	-96.35053036428575	200.00000000000000	1
106	0	3	16	0.000000	0.000000	0.000000	0.000000	30.57819686000000	-96.35053842428569	200.00000000000000	1
107	0	3	16	0.000000	0.000000	0.000000	0.000000	30.57806820571430	-96.35054889571427	200.00000000000000	1
108	0	3	16	0.000000	0.000000	0.000000	0.000000	30.57809249714286	-96.35041053571432	200.00000000000000	1
109	0	3	16	0.000000	0.000000	0.000000	0.000000	30.57820312285715	-96.35042282999997	200.00000000000000	1
110	0	3	16	0.000000	0.000000	0.000000	0.000000	30.57819020114286	-96.35051028714290	200.00000000000000	1
111	0	3	16	0.000000	0.000000	0.000000	0.000000	30.57817685400000	-96.35051431714282	200.00000000000000	1
112	0	3	16	0.000000	0.000000	0.000000	0.000000	30.57811252685715	-96.35051955285712	200.00000000000000	1
113	0	3	16	0.000000	0.000000	0.000000	0.000000	30.57812467257143	-96.35045037285718	200.00000000000000	1
114	0	3	16	0.000000	0.000000	0.000000	0.000000	30.57817998542858	-96.35045651999997	200.00000000000000	1
115	0	3	16	0.000000	0.000000	0.000000	0.000000	30.57815684800000	-96.35049021000005	200.00000000000000	1
