QGC WPL 110
0	0	0	16	0.000000	0.000000	0.000000	0.000000	30.57679272000000	-96.35052999000000	200.00000000000000	1
1	0	3	16	0.000000	0.000000	0.000000	0.000000	30.57725800000000	-96.35074287000000	200.00000000000000	1
2	0	3	16	0.000000	0.000000	0.000000	0.000000	30.57695805000000	-96.35145003000000	200.00000000000000	1
3	0	3	16	0.000000	0.000000	0.000000	0.000000	30.57665438000000	-96.35109864000000	200.00000000000000	1
4	0	3	16	0.000000	0.000000	0.000000	0.000000	30.57681030107143	-96.35059076035715	200.00000000000000	1
5	0	3	16	0.000000	0.000000	0.000000	0.000000	30.57720911250000	-96.35077322892857	200.00000000000000	1
6	0	3	16	0.000000	0.000000	0.000000	0.000000	30.57695201250000	-96.35137936607143	200.00000000000000	1
7	0	3	16	0.000000	0.000000	0.000000	0.000000	30.57669172392857	-96.35107817464286	200.00000000000000	1
8	0	3	16	0.000000	0.000000	0.000000	0.000000	30.57682788214286	-96.35065153071430	200.00000000000000	1
9	0	3	16	0.000000	0.000000	0.000000	0.000000	30.57716022500000	-96.35080358785714	200.00000000000000	1
10	0	3	16	0.000000	0.000000	0.000000	0.000000	30.57694597500000	-96.35130870214286	200.00000000000000	1
11	0	3	16	0.000000	0.000000	0.000000	0.000000	30.57672906785714	-96.35105770928573	200.00000000000000	1
12	0	3	16	0.000000	0.000000	0.000000	0.000000	30.57684546321429	-96.35071230107145	200.00000000000000	1
13	0	3	16	0.000000	0.000000	0.000000	0.000000	30.57711133750000	-96.35083394678571	200.00000000000000	1
14	0	3	16	0.000000	0.000000	0.000000	0.000000	30.57693993750000	-96.35123803821429	200.00000000000000	1
15	0	3	16	0.000000	0.000000	0.000000	0.000000	30.57676641178572	-96.35103724392859	200.00000000000000	1
16	0	3	16	0.000000	0.000000	0.000000	0.000000	30.57686304428572	-96.35077307142861	200.00000000000000	1
17	0	3	16	0.000000	0.000000	0.000000	0.000000	30.57706245000000	-96.35086430571428	200.00000000000000	1
18	0	3	16	0.000000	0.000000	0.000000	0.000000	30.57693390000000	-96.35116737428572	200.00000000000000	1
19	0	3	16	0.000000	0.000000	0.000000	0.000000	30.57680375571429	-96.35101677857145	200.00000000000000	1
20	0	3	16	0.000000	0.000000	0.000000	0.000000	30.57688062535714	-96.35083384178576	200.00000000000000	1
21	0	3	16	0.000000	0.000000	0.000000	0.000000	30.57701356250000	-96.35089466464285	200.00000000000000	1
22	0	3	16	0.000000	0.000000	0.000000	0.000000	30.57692786250000	-96.35109671035715	200.00000000000000	1
23	0	3	16	0.000000	0.000000	0.000000	0.000000	30.57684109964286	-96.35099631321431	200.00000000000000	1
24	0	3	16	0.000000	0.000000	0.000000	0.000000	30.57689820642857	-96.35089461214291	200.00000000000000	1
25	0	3	16	0.000000	0.000000	0.000000	0.000000	30.57696467500000	-96.35092502357142	200.00000000000000	1
26	0	3	16	0.000000	0.000000	0.000000	0.000000	30.57692182500000	-96.35102604642859	200.00000000000000	1
27	0	3	16	0.000000	0.000000	0.000000	0.000000	30.57687844357143	-96.35097584785717	200.00000000000000	1
28	0	3	16	0.000000	0.000000	0.000000	0.000000	30.57691578750000	-96.35095538250006	200.00000000000000	1
29	0	3	16	0.000000	0.000000	0.000000	0.000000	30.57725800000000	-96.35074287000000	200.00000000000000	1
30	0	3	16	0.000000	0.000000	0.000000	0.000000	30.57679272000000	-96.35052999000000	200.00000000000000	1
31	0	3	16	0.000000	0.000000	0.000000	0.000000	30.57759453000000	-96.35063422000000	200.00000000000000	1
32	0	3	16	0.000000	0.000000	0.000000	0.000000	30.57725186904762	-96.35072755904763	200.00000000000000	1
33	0	3	16	0.000000	0.000000	0.000000	0.000000	30.57685305761905	-96.35054509047619	200.00000000000000	1
34	0	3	16	0.000000	0.000000	0.000000	0.000000	30.57754032333333	-96.35063443047619	200.00000000000000	1
35	0	3	16	0.000000	0.000000	0.000000	0.000000	30.57724573809524	-96.35071224809525	200.00000000000000	1
36	0	3	16	0.000000	0.000000	0.000000	0.000000	30.57691339523809	-96.35056019095238	200.00000000000000	1
37	0	3	16	0.000000	0.000000	0.000000	0.000000	30.57748611666666	-96.35063464095238	200.00000000000000	1
38	0	3	16	0.000000	0.000000	0.000000	0.000000	30.57723960714285	-96.35069693714287	200.00000000000000	1
39	0	3	16	0.000000	0.000000	0.000000	0.000000	30.57697373285714	-96.35057529142857	200.00000000000000	1
40	0	3	16	0.000000	0.000000	0.000000	0.000000	30.57743190999999	-96.35063485142857	200.00000000000000	1
41	0	3	16	0.000000	0.000000	0.000000	0.000000	30.57723347619047	-96.35068162619049	200.00000000000000	1
42	0	3	16	0.000000	0.000000	0.000000	0.000000	30.57703407047619	-96.35059039190476	200.00000000000000	1
43	0	3	16	0.000000	0.000000	0.000000	0.000000	30.57737770333333	-96.35063506190475	200.00000000000000	1
44	0	3	16	0.000000	0.000000	0.000000	0.000000	30.57722734523809	-96.35066631523812	200.00000000000000	1
45	0	3	16	0.000000	0.000000	0.000000	0.000000	30.57709440809523	-96.35060549238095	200.00000000000000	1
46	0	3	16	0.000000	0.000000	0.000000	0.000000	30.57732349666666	-96.35063527238094	200.00000000000000	1
47	0	3	16	0.000000	0.000000	0.000000	0.000000	30.57722121428571	-96.35065100428574	200.00000000000000	1
48	0	3	16	0.000000	0.000000	0.000000	0.000000	30.57715474571428	-96.35062059285714	200.00000000000000	1
49	0	3	16	0.000000	0.000000	0.000000	0.000000	30.57726928999999	-96.35063548285713	200.00000000000000	1
50	0	3	16	0.000000	0.000000	0.000000	0.000000	30.57721508333332	-96.35063569333336	200.00000000000000	1
51	0	3	16	0.000000	0.000000	0.000000	0.000000	30.57759453000000	-96.35063422000000	200.00000000000000	1
52	0	3	16	0.000000	0.000000	0.000000	0.000000	30.57679272000000	-96.35052999000000	200.00000000000000	1
53	0	3	16	0.000000	0.000000	0.000000	0.000000	30.57763094000000	-96.35017666000000	200.00000000000000	1
54	0	3	16	0.000000	0.000000	0.000000	0.000000	30.57820589000000	-96.35044249000001	200.00000000000000	1
55	0	3	16	0.000000	0.000000	0.000000	0.000000	30.57758902857143	-96.35060730857143	200.00000000000000	1
56	0	3	16	0.000000	0.000000	0.000000	0.000000	30.57690176285714	-96.35051796857142	200.00000000000000	1
57	0	3	16	0.000000	0.000000	0.000000	0.000000	30.57762023714286	-96.35021511428572	200.00000000000000	1
58	0	3	16	0.000000	0.000000	0.000000	0.000000	30.57811305142857	-96.35044296857143	200.00000000000000	1
59	0	3	16	0.000000	0.000000	0.000000	0.000000	30.57758352714286	-96.35058039714285	200.00000000000000	1
60	0	3	16	0.000000	0.000000	0.000000	0.000000	30.57701080571429	-96.35050594714285	200.00000000000000	1
61	0	3	16	0.000000	0.000000	0.000000	0.000000	30.57760953428571	-96.35025356857143	200.00000000000000	1
62	0	3	16	0.000000	0.000000	0.000000	0.000000	30.57802021285714	-96.35044344714285	200.00000000000000	1
63	0	3	16	0.000000	0.000000	0.000000	0.000000	30.57757802571428	-96.35055348571427	200.00000000000000	1
64	0	3	16	0.000000	0.000000	0.000000	0.000000	30.57711984857143	-96.35049392571428	200.00000000000000	1
65	0	3	16	0.000000	0.000000	0.000000	0.000000	30.57759883142857	-96.35029202285715	200.00000000000000	1
66	0	3	16	0.000000	0.000000	0.000000	0.000000	30.57792737428571	-96.35044392571427	200.00000000000000	1
67	0	3	16	0.000000	0.000000	0.000000	0.000000	30.57757252428571	-96.35052657428569	200.00000000000000	1
68	0	3	16	0.000000	0.000000	0.000000	0.000000	30.57722889142858	-96.35048190428570	200.00000000000000	1
69	0	3	16	0.000000	0.000000	0.000000	0.000000	30.57758812857143	-96.35033047714286	200.00000000000000	1
70	0	3	16	0.000000	0.000000	0.000000	0.000000	30.57783453571428	-96.35044440428570	200.00000000000000	1
71	0	3	16	0.000000	0.000000	0.000000	0.000000	30.57756702285714	-96.35049966285712	200.00000000000000	1
72	0	3	16	0.000000	0.000000	0.000000	0.000000	30.57733793428572	-96.35046988285713	200.00000000000000	1
73	0	3	16	0.000000	0.000000	0.000000	0.000000	30.57757742571428	-96.35036893142858	200.00000000000000	1
74	0	3	16	0.000000	0.000000	0.000000	0.000000	30.57774169714285	-96.35044488285712	200.00000000000000	1
75	0	3	16	0.000000	0.000000	0.000000	0.000000	30.57756152142857	-96.35047275142854	200.00000000000000	1
76	0	3	16	0.000000	0.000000	0.000000	0.000000	30.57744697714286	-96.35045786142855	200.00000000000000	1
77	0	3	16	0.000000	0.000000	0.000000	0.000000	30.57756672285714	-96.35040738571429	200.00000000000000	1
78	0	3	16	0.000000	0.000000	0.000000	0.000000	30.57764885857142	-96.35044536142854	200.00000000000000	1
79	0	3	16	0.000000	0.000000	0.000000	0.000000	30.57755602000000	-96.35044583999996	200.00000000000000	1
80	0	3	16	0.000000	0.000000	0.000000	0.000000	30.57759453000000	-96.35063422000000	200.00000000000000	1
81	0	3	16	0.000000	0.000000	0.000000	0.000000	30.57814893000000	-96.35135185999999	200.00000000000000	1
82	0	3	16	0.000000	0.000000	0.000000	0.000000	30.57752551000000	-96.35143391000000	200.00000000000000	1
83	0	3	16	0.000000	0.000000	0.000000	0.000000	30.57731917000000	-96.35126596000001	200.00000000000000	1
84	0	3	16	0.000000	0.000000	0.000000	0.000000	30.57725800000000	-96.35074287000000	200.00000000000000	1
85	0	3	16	0.000000	0.000000	0.000000	0.000000	30.57759091542857	-96.35069872628571	200.00000000000000	1
86	0	3	16	0.000000	0.000000	0.000000	0.000000	30.57806611542857	-96.35131384628571	200.00000000000000	1
87	0	3	16	0.000000	0.000000	0.000000	0.000000	30.57753175542857	-96.35138417485713	200.00000000000000	1
88	0	3	16	0.000000	0.000000	0.000000	0.000000	30.57735489257143	-96.35124021771429	200.00000000000000	1
89	0	3	16	0.000000	0.000000	0.000000	0.000000	30.57730246114286	-96.35079185485715	200.00000000000000	1
90	0	3	16	0.000000	0.000000	0.000000	0.000000	30.57758730085714	-96.35076323257142	200.00000000000000	1
91	0	3	16	0.000000	0.000000	0.000000	0.000000	30.57798330085715	-96.35127583257142	200.00000000000000	1
92	0	3	16	0.000000	0.000000	0.000000	0.000000	30.57753800085715	-96.35133443971426	200.00000000000000	1
93	0	3	16	0.000000	0.000000	0.000000	0.000000	30.57739061514286	-96.35121447542858	200.00000000000000	1
94	0	3	16	0.000000	0.000000	0.000000	0.000000	30.57734692228571	-96.35084083971429	200.00000000000000	1
95	0	3	16	0.000000	0.000000	0.000000	0.000000	30.57758368628571	-96.35082773885713	200.00000000000000	1
96	0	3	16	0.000000	0.000000	0.000000	0.000000	30.57790048628572	-96.35123781885713	200.00000000000000	1
97	0	3	16	0.000000	0.000000	0.000000	0.000000	30.57754424628572	-96.35128470457140	200.00000000000000	1
98	0	3	16	0.000000	0.000000	0.000000	0.000000	30.57742633771429	-96.35118873314286	200.00000000000000	1
99	0	3	16	0.000000	0.000000	0.000000	0.000000	30.57739138342857	-96.35088982457144	200.00000000000000	1
100	0	3	16	0.000000	0.000000	0.000000	0.000000	30.57758007171428	-96.35089224514284	200.00000000000000	1
101	0	3	16	0.000000	0.000000	0.000000	0.000000	30.57781767171429	-96.35119980514284	200.00000000000000	1
102	0	3	16	0.000000	0.000000	0.000000	0.000000	30.57755049171429	-96.35123496942853	200.00000000000000	1
103	0	3	16	0.000000	0.000000	0.000000	0.000000	30.57746206028571	-96.35116299085715	200.00000000000000	1
104	0	3	16	0.000000	0.000000	0.000000	0.000000	30.57743584457143	-96.35093880942858	200.00000000000000	1
105	0	3	16	0.000000	0.000000	0.000000	0.000000	30.57757645714285	-96.35095675142855	200.00000000000000	1
106	0	3	16	0.000000	0.000000	0.000000	0.000000	30.57773485714286	-96.35116179142855	200.00000000000000	1
107	0	3	16	0.000000	0.000000	0.000000	0.000000	30.57755673714286	-96.35118523428567	200.00000000000000	1
108	0	3	16	0.000000	0.000000	0.000000	0.000000	30.57749778285714	-96.35113724857143	200.00000000000000	1
109	0	3	16	0.000000	0.000000	0.000000	0.000000	30.57748030571428	-96.35098779428573	200.00000000000000	1
110	0	3	16	0.000000	0.000000	0.000000	0.000000	30.57757284257142	-96.35102125771427	200.00000000000000	1
111	0	3	16	0.000000	0.000000	0.000000	0.000000	30.57765204257143	-96.35112377771426	200.00000000000000	1
112	0	3	16	0.000000	0.000000	0.000000	0.000000	30.57756298257144	-96.35113549914280	200.00000000000000	1
113	0	3	16	0.000000	0.000000	0.000000	0.000000	30.57753350542857	-96.35111150628572	200.00000000000000	1
114	0	3	16	0.000000	0.000000	0.000000	0.000000	30.57752476685714	-96.35103677914287	200.00000000000000	1
115	0	3	16	0.000000	0.000000	0.000000	0.000000	30.57756922799999	-96.35108576399998	200.00000000000000	1
