QGC WPL 110
0	0	0	16	0.000000	0.000000	0.000000	0.000000	30.57682739000000	-96.35197873000000	200.00000000000000	1
1	0	3	16	0.000000	0.000000	0.000000	0.000000	30.57826619000000	-96.35044694000000	200.00000000000000	1
2	0	3	16	0.000000	0.000000	0.000000	0.000000	30.57822001000000	-96.35199335999999	200.00000000000000	1
3	0	3	16	0.000000	0.000000	0.000000	0.000000	30.57769030000000	-96.35208045000000	200.00000000000000	1
4	0	3	16	0.000000	0.000000	0.000000	0.000000	30.57695933035714	-96.35192817857143	200.00000000000000	1
5	0	3	16	0.000000	0.000000	0.000000	0.000000	30.57819258750000	-96.35061521571429	200.00000000000000	1
6	0	3	16	0.000000	0.000000	0.000000	0.000000	30.57815300464286	-96.35194071857143	200.00000000000000	1
7	0	3	16	0.000000	0.000000	0.000000	0.000000	30.57769896750000	-96.35201536714285	200.00000000000000	1
8	0	3	16	0.000000	0.000000	0.000000	0.000000	30.57709127071428	-96.35187762714285	200.00000000000000	1
9	0	3	16	0.000000	0.000000	0.000000	0.000000	30.57811898500000	-96.35078349142857	200.00000000000000	1
10	0	3	16	0.000000	0.000000	0.000000	0.000000	30.57808599928572	-96.35188807714286	200.00000000000000	1
11	0	3	16	0.000000	0.000000	0.000000	0.000000	30.57770763500000	-96.35195028428571	200.00000000000000	1
12	0	3	16	0.000000	0.000000	0.000000	0.000000	30.57722321107143	-96.35182707571428	200.00000000000000	1
13	0	3	16	0.000000	0.000000	0.000000	0.000000	30.57804538250000	-96.35095176714286	200.00000000000000	1
14	0	3	16	0.000000	0.000000	0.000000	0.000000	30.57801899392857	-96.35183543571429	200.00000000000000	1
15	0	3	16	0.000000	0.000000	0.000000	0.000000	30.57771630250000	-96.35188520142856	200.00000000000000	1
16	0	3	16	0.000000	0.000000	0.000000	0.000000	30.57735515142857	-96.35177652428571	200.00000000000000	1
17	0	3	16	0.000000	0.000000	0.000000	0.000000	30.57797178000001	-96.35112004285715	200.00000000000000	1
18	0	3	16	0.000000	0.000000	0.000000	0.000000	30.57795198857143	-96.35178279428573	200.00000000000000	1
19	0	3	16	0.000000	0.000000	0.000000	0.000000	30.57772497000001	-96.35182011857141	200.00000000000000	1
20	0	3	16	0.000000	0.000000	0.000000	0.000000	30.57748709178571	-96.35172597285714	200.00000000000000	1
21	0	3	16	0.000000	0.000000	0.000000	0.000000	30.57789817750001	-96.35128831857143	200.00000000000000	1
22	0	3	16	0.000000	0.000000	0.000000	0.000000	30.57788498321429	-96.35173015285716	200.00000000000000	1
23	0	3	16	0.000000	0.000000	0.000000	0.000000	30.57773363750001	-96.35175503571426	200.00000000000000	1
24	0	3	16	0.000000	0.000000	0.000000	0.000000	30.57761903214286	-96.35167542142857	200.00000000000000	1
25	0	3	16	0.000000	0.000000	0.000000	0.000000	30.57782457500001	-96.35145659428572	200.00000000000000	1
26	0	3	16	0.000000	0.000000	0.000000	0.000000	30.57781797785715	-96.35167751142859	200.00000000000000	1
27	0	3	16	0.000000	0.000000	0.000000	0.000000	30.57774230500001	-96.35168995285711	200.00000000000000	1
28	0	3	16	0.000000	0.000000	0.000000	0.000000	30.57775097250000	-96.35162486999999	200.00000000000000	1
29	0	3	16	0.000000	0.000000	0.000000	0.000000	30.57769030000000	-96.35208045000000	200.00000000000000	1
30	0	3	16	0.000000	0.000000	0.000000	0.000000	30.57653477000000	-96.35195317000000	200.00000000000000	1
31	0	3	16	0.000000	0.000000	0.000000	0.000000	30.57682739000000	-96.35197873000000	200.00000000000000	1
32	0	3	16	0.000000	0.000000	0.000000	0.000000	30.57759418380952	-96.35206954523809	200.00000000000000	1
33	0	3	16	0.000000	0.000000	0.000000	0.000000	30.57660372952381	-96.35196044809524	200.00000000000000	1
34	0	3	16	0.000000	0.000000	0.000000	0.000000	30.57685454666667	-96.35198235666667	200.00000000000000	1
35	0	3	16	0.000000	0.000000	0.000000	0.000000	30.57749806761905	-96.35205864047619	200.00000000000000	1
36	0	3	16	0.000000	0.000000	0.000000	0.000000	30.57667268904762	-96.35196772619048	200.00000000000000	1
37	0	3	16	0.000000	0.000000	0.000000	0.000000	30.57688170333333	-96.35198598333334	200.00000000000000	1
38	0	3	16	0.000000	0.000000	0.000000	0.000000	30.57740195142857	-96.35204773571428	200.00000000000000	1
39	0	3	16	0.000000	0.000000	0.000000	0.000000	30.57674164857142	-96.35197500428572	200.00000000000000	1
40	0	3	16	0.000000	0.000000	0.000000	0.000000	30.57690886000000	-96.35198961000000	200.00000000000000	1
41	0	3	16	0.000000	0.000000	0.000000	0.000000	30.57730583523809	-96.35203683095237	200.00000000000000	1
42	0	3	16	0.000000	0.000000	0.000000	0.000000	30.57681060809523	-96.35198228238096	200.00000000000000	1
43	0	3	16	0.000000	0.000000	0.000000	0.000000	30.57693601666667	-96.35199323666667	200.00000000000000	1
44	0	3	16	0.000000	0.000000	0.000000	0.000000	30.57720971904762	-96.35202592619046	200.00000000000000	1
45	0	3	16	0.000000	0.000000	0.000000	0.000000	30.57687956761904	-96.35198956047620	200.00000000000000	1
46	0	3	16	0.000000	0.000000	0.000000	0.000000	30.57696317333334	-96.35199686333334	200.00000000000000	1
47	0	3	16	0.000000	0.000000	0.000000	0.000000	30.57711360285714	-96.35201502142856	200.00000000000000	1
48	0	3	16	0.000000	0.000000	0.000000	0.000000	30.57694852714285	-96.35199683857144	200.00000000000000	1
49	0	3	16	0.000000	0.000000	0.000000	0.000000	30.57699033000001	-96.35200049000001	200.00000000000000	1
50	0	3	16	0.000000	0.000000	0.000000	0.000000	30.57701748666666	-96.35200411666665	200.00000000000000	1
51	0	3	16	0.000000	0.000000	0.000000	0.000000	30.57682739000000	-96.35197873000000	200.00000000000000	1
52	0	3	16	0.000000	0.000000	0.000000	0.000000	30.57653477000000	-96.35195317000000	200.00000000000000	1
53	0	3	16	0.000000	0.000000	0.000000	0.000000	30.57678570000000	-96.35123258000000	200.00000000000000	1
54	0	3	16	0.000000	0.000000	0.000000	0.000000	30.57743096000000	-96.35018562000000	200.00000000000000	1
55	0	3	16	0.000000	0.000000	0.000000	0.000000	30.57760056000000	-96.35012215000000	200.00000000000000	1
56	0	3	16	0.000000	0.000000	0.000000	0.000000	30.57787352000000	-96.35031825999999	200.00000000000000	1
57	0	3	16	0.000000	0.000000	0.000000	0.000000	30.57687711761904	-96.35183392357143	200.00000000000000	1
58	0	3	16	0.000000	0.000000	0.000000	0.000000	30.57662630047619	-96.35181201500001	200.00000000000000	1
59	0	3	16	0.000000	0.000000	0.000000	0.000000	30.57684138333333	-96.35119436642857	200.00000000000000	1
60	0	3	16	0.000000	0.000000	0.000000	0.000000	30.57739446333333	-96.35029697214286	200.00000000000000	1
61	0	3	16	0.000000	0.000000	0.000000	0.000000	30.57753983476190	-96.35024256928571	200.00000000000000	1
62	0	3	16	0.000000	0.000000	0.000000	0.000000	30.57777380047619	-96.35041066357142	200.00000000000000	1
63	0	3	16	0.000000	0.000000	0.000000	0.000000	30.57692684523809	-96.35168911714287	200.00000000000000	1
64	0	3	16	0.000000	0.000000	0.000000	0.000000	30.57671783095238	-96.35167086000001	200.00000000000000	1
65	0	3	16	0.000000	0.000000	0.000000	0.000000	30.57689706666666	-96.35115615285714	200.00000000000000	1
66	0	3	16	0.000000	0.000000	0.000000	0.000000	30.57735796666667	-96.35040832428571	200.00000000000000	1
67	0	3	16	0.000000	0.000000	0.000000	0.000000	30.57747910952381	-96.35036298857142	200.00000000000000	1
68	0	3	16	0.000000	0.000000	0.000000	0.000000	30.57767408095238	-96.35050306714285	200.00000000000000	1
69	0	3	16	0.000000	0.000000	0.000000	0.000000	30.57697657285714	-96.35154431071430	200.00000000000000	1
70	0	3	16	0.000000	0.000000	0.000000	0.000000	30.57680936142857	-96.35152970500002	200.00000000000000	1
71	0	3	16	0.000000	0.000000	0.000000	0.000000	30.57695275000000	-96.35111793928571	200.00000000000000	1
72	0	3	16	0.000000	0.000000	0.000000	0.000000	30.57732147000000	-96.35051967642856	200.00000000000000	1
73	0	3	16	0.000000	0.000000	0.000000	0.000000	30.57741838428571	-96.35048340785713	200.00000000000000	1
74	0	3	16	0.000000	0.000000	0.000000	0.000000	30.57757436142857	-96.35059547071428	200.00000000000000	1
75	0	3	16	0.000000	0.000000	0.000000	0.000000	30.57702630047618	-96.35139950428574	200.00000000000000	1
76	0	3	16	0.000000	0.000000	0.000000	0.000000	30.57690089190476	-96.35138855000002	200.00000000000000	1
77	0	3	16	0.000000	0.000000	0.000000	0.000000	30.57700843333333	-96.35107972571429	200.00000000000000	1
78	0	3	16	0.000000	0.000000	0.000000	0.000000	30.57728497333333	-96.35063102857141	200.00000000000000	1
79	0	3	16	0.000000	0.000000	0.000000	0.000000	30.57735765904761	-96.35060382714283	200.00000000000000	1
80	0	3	16	0.000000	0.000000	0.000000	0.000000	30.57747464190476	-96.35068787428571	200.00000000000000	1
81	0	3	16	0.000000	0.000000	0.000000	0.000000	30.57707602809523	-96.35125469785717	200.00000000000000	1
82	0	3	16	0.000000	0.000000	0.000000	0.000000	30.57699242238095	-96.35124739500003	200.00000000000000	1
83	0	3	16	0.000000	0.000000	0.000000	0.000000	30.57706411666666	-96.35104151214286	200.00000000000000	1
84	0	3	16	0.000000	0.000000	0.000000	0.000000	30.57724847666667	-96.35074238071427	200.00000000000000	1
85	0	3	16	0.000000	0.000000	0.000000	0.000000	30.57729693380952	-96.35072424642854	200.00000000000000	1
86	0	3	16	0.000000	0.000000	0.000000	0.000000	30.57737492238095	-96.35078027785714	200.00000000000000	1
87	0	3	16	0.000000	0.000000	0.000000	0.000000	30.57712575571428	-96.35110989142861	200.00000000000000	1
88	0	3	16	0.000000	0.000000	0.000000	0.000000	30.57708395285714	-96.35110624000004	200.00000000000000	1
89	0	3	16	0.000000	0.000000	0.000000	0.000000	30.57711979999999	-96.35100329857143	200.00000000000000	1
90	0	3	16	0.000000	0.000000	0.000000	0.000000	30.57721198000000	-96.35085373285712	200.00000000000000	1
91	0	3	16	0.000000	0.000000	0.000000	0.000000	30.57723620857142	-96.35084466571425	200.00000000000000	1
92	0	3	16	0.000000	0.000000	0.000000	0.000000	30.57727520285714	-96.35087268142857	200.00000000000000	1
93	0	3	16	0.000000	0.000000	0.000000	0.000000	30.57717548333332	-96.35096508500004	200.00000000000000	1
94	0	3	16	0.000000	0.000000	0.000000	0.000000	30.57760056000000	-96.35012215000000	200.00000000000000	1
95	0	3	16	0.000000	0.000000	0.000000	0.000000	30.57817855000000	-96.35039131000001	200.00000000000000	1
96	0	3	16	0.000000	0.000000	0.000000	0.000000	30.57787352000000	-96.35031825999999	200.00000000000000	1
97	0	3	16	0.000000	0.000000	0.000000	0.000000	30.57764108142857	-96.35014430571430	200.00000000000000	1
98	0	3	16	0.000000	0.000000	0.000000	0.000000	30.57813650142857	-96.35037501428572	200.00000000000000	1
99	0	3	16	0.000000	0.000000	0.000000	0.000000	30.57787504714286	-96.35031239999999	200.00000000000000	1
100	0	3	16	0.000000	0.000000	0.000000	0.000000	30.57768160285714	-96.35016646142859	200.00000000000000	1
101	0	3	16	0.000000	0.000000	0.000000	0.000000	30.57809445285714	-96.35035871857143	200.00000000000000	1
102	0	3	16	0.000000	0.000000	0.000000	0.000000	30.57787657428571	-96.35030653999999	200.00000000000000	1
103	0	3	16	0.000000	0.000000	0.000000	0.000000	30.57772212428571	-96.35018861714288	200.00000000000000	1
104	0	3	16	0.000000	0.000000	0.000000	0.000000	30.57805240428571	-96.35034242285714	200.00000000000000	1
105	0	3	16	0.000000	0.000000	0.000000	0.000000	30.57787810142857	-96.35030067999999	200.00000000000000	1
106	0	3	16	0.000000	0.000000	0.000000	0.000000	30.57776264571428	-96.35021077285717	200.00000000000000	1
107	0	3	16	0.000000	0.000000	0.000000	0.000000	30.57801035571428	-96.35032612714285	200.00000000000000	1
108	0	3	16	0.000000	0.000000	0.000000	0.000000	30.57787962857143	-96.35029481999999	200.00000000000000	1
109	0	3	16	0.000000	0.000000	0.000000	0.000000	30.57780316714285	-96.35023292857146	200.00000000000000	1
110	0	3	16	0.000000	0.000000	0.000000	0.000000	30.57796830714285	-96.35030983142856	200.00000000000000	1
111	0	3	16	0.000000	0.000000	0.000000	0.000000	30.57788115571428	-96.35028895999999	200.00000000000000	1
112	0	3	16	0.000000	0.000000	0.000000	0.000000	30.57784368857142	-96.35025508428575	200.00000000000000	1
113	0	3	16	0.000000	0.000000	0.000000	0.000000	30.57792625857142	-96.35029353571427	200.00000000000000	1
114	0	3	16	0.000000	0.000000	0.000000	0.000000	30.57788268285714	-96.35028309999998	200.00000000000000	1
115	0	3	16	0.000000	0.000000	0.000000	0.000000	30.57788420999999	-96.35027724000004	200.00000000000000	1
