QGC WPL 110
0	0	0	16	0.000000	0.000000	0.000000	0.000000	30.57706443000000	-96.35073112000001	200.00000000000000	1
1	0	3	16	0.000000	0.000000	0.000000	0.000000	30.57745797000000	-96.35130332999999	200.00000000000000	1
2	0	3	16	0.000000	0.000000	0.000000	0.000000	30.57706895000000	-96.35188775000000	200.00000000000000	1
3	0	3	16	0.000000	0.000000	0.000000	0.000000	30.57680369000000	-96.35098780000000	200.00000000000000	1
4	0	3	16	0.000000	0.000000	0.000000	0.000000	30.57706933428571	-96.35080203142857	200.00000000000000	1
5	0	3	16	0.000000	0.000000	0.000000	0.000000	30.57740665428571	-96.35129249714285	200.00000000000000	1
6	0	3	16	0.000000	0.000000	0.000000	0.000000	30.57707320857143	-96.35179342857143	200.00000000000000	1
7	0	3	16	0.000000	0.000000	0.000000	0.000000	30.57684584285714	-96.35102204285714	200.00000000000000	1
8	0	3	16	0.000000	0.000000	0.000000	0.000000	30.57707423857143	-96.35087294285714	200.00000000000000	1
9	0	3	16	0.000000	0.000000	0.000000	0.000000	30.57735533857143	-96.35128166428571	200.00000000000000	1
10	0	3	16	0.000000	0.000000	0.000000	0.000000	30.57707746714286	-96.35169910714285	200.00000000000000	1
11	0	3	16	0.000000	0.000000	0.000000	0.000000	30.57688799571429	-96.35105628571428	200.00000000000000	1
12	0	3	16	0.000000	0.000000	0.000000	0.000000	30.57707914285714	-96.35094385428570	200.00000000000000	1
13	0	3	16	0.000000	0.000000	0.000000	0.000000	30.57730402285714	-96.35127083142856	200.00000000000000	1
14	0	3	16	0.000000	0.000000	0.000000	0.000000	30.57708172571429	-96.35160478571427	200.00000000000000	1
15	0	3	16	0.000000	0.000000	0.000000	0.000000	30.57693014857143	-96.35109052857142	200.00000000000000	1
16	0	3	16	0.000000	0.000000	0.000000	0.000000	30.57708404714285	-96.35101476571427	200.00000000000000	1
17	0	3	16	0.000000	0.000000	0.000000	0.000000	30.57725270714285	-96.35125999857142	200.00000000000000	1
18	0	3	16	0.000000	0.000000	0.000000	0.000000	30.57708598428572	-96.35151046428570	200.00000000000000	1
19	0	3	16	0.000000	0.000000	0.000000	0.000000	30.57697230142858	-96.35112477142856	200.00000000000000	1
20	0	3	16	0.000000	0.000000	0.000000	0.000000	30.57708895142857	-96.35108567714283	200.00000000000000	1
21	0	3	16	0.000000	0.000000	0.000000	0.000000	30.57720139142856	-96.35124916571428	200.00000000000000	1
22	0	3	16	0.000000	0.000000	0.000000	0.000000	30.57709024285715	-96.35141614285712	200.00000000000000	1
23	0	3	16	0.000000	0.000000	0.000000	0.000000	30.57701445428572	-96.35115901428570	200.00000000000000	1
24	0	3	16	0.000000	0.000000	0.000000	0.000000	30.57709385571428	-96.35115658857140	200.00000000000000	1
25	0	3	16	0.000000	0.000000	0.000000	0.000000	30.57715007571428	-96.35123833285714	200.00000000000000	1
26	0	3	16	0.000000	0.000000	0.000000	0.000000	30.57709450142858	-96.35132182142854	200.00000000000000	1
27	0	3	16	0.000000	0.000000	0.000000	0.000000	30.57705660714286	-96.35119325714284	200.00000000000000	1
28	0	3	16	0.000000	0.000000	0.000000	0.000000	30.57709875999999	-96.35122749999996	200.00000000000000	1
29	0	3	16	0.000000	0.000000	0.000000	0.000000	30.57680369000000	-96.35098780000000	200.00000000000000	1
30	0	3	16	0.000000	0.000000	0.000000	0.000000	30.57666928000000	-96.35068106999999	200.00000000000000	1
31	0	3	16	0.000000	0.000000	0.000000	0.000000	30.57706443000000	-96.35073112000001	200.00000000000000	1
32	0	3	16	0.000000	0.000000	0.000000	0.000000	30.57680970571429	-96.35096097095239	200.00000000000000	1
33	0	3	16	0.000000	0.000000	0.000000	0.000000	30.57669449714286	-96.35069805952381	200.00000000000000	1
34	0	3	16	0.000000	0.000000	0.000000	0.000000	30.57703319714286	-96.35074095952382	200.00000000000000	1
35	0	3	16	0.000000	0.000000	0.000000	0.000000	30.57681572142857	-96.35093414190477	200.00000000000000	1
36	0	3	16	0.000000	0.000000	0.000000	0.000000	30.57671971428571	-96.35071504904762	200.00000000000000	1
37	0	3	16	0.000000	0.000000	0.000000	0.000000	30.57700196428571	-96.35075079904763	200.00000000000000	1
38	0	3	16	0.000000	0.000000	0.000000	0.000000	30.57682173714286	-96.35090731285716	200.00000000000000	1
39	0	3	16	0.000000	0.000000	0.000000	0.000000	30.57674493142857	-96.35073203857144	200.00000000000000	1
40	0	3	16	0.000000	0.000000	0.000000	0.000000	30.57697073142857	-96.35076063857144	200.00000000000000	1
41	0	3	16	0.000000	0.000000	0.000000	0.000000	30.57682775285715	-96.35088048380955	200.00000000000000	1
42	0	3	16	0.000000	0.000000	0.000000	0.000000	30.57677014857142	-96.35074902809525	200.00000000000000	1
43	0	3	16	0.000000	0.000000	0.000000	0.000000	30.57693949857143	-96.35077047809526	200.00000000000000	1
44	0	3	16	0.000000	0.000000	0.000000	0.000000	30.57683376857144	-96.35085365476193	200.00000000000000	1
45	0	3	16	0.000000	0.000000	0.000000	0.000000	30.57679536571428	-96.35076601761907	200.00000000000000	1
46	0	3	16	0.000000	0.000000	0.000000	0.000000	30.57690826571428	-96.35078031761907	200.00000000000000	1
47	0	3	16	0.000000	0.000000	0.000000	0.000000	30.57683978428572	-96.35082682571432	200.00000000000000	1
48	0	3	16	0.000000	0.000000	0.000000	0.000000	30.57682058285713	-96.35078300714288	200.00000000000000	1
49	0	3	16	0.000000	0.000000	0.000000	0.000000	30.57687703285714	-96.35079015714288	200.00000000000000	1
50	0	3	16	0.000000	0.000000	0.000000	0.000000	30.57684580000001	-96.35079999666671	200.00000000000000	1
51	0	3	16	0.000000	0.000000	0.000000	0.000000	30.57666928000000	-96.35068106999999	200.00000000000000	1
52	0	3	16	0.000000	0.000000	0.000000	0.000000	30.57719875000000	-96.35050452000000	200.00000000000000	1
53	0	3	16	0.000000	0.000000	0.000000	0.000000	30.57844551000000	-96.35069043999999	200.00000000000000	1
54	0	3	16	0.000000	0.000000	0.000000	0.000000	30.57706443000000	-96.35073112000001	200.00000000000000	1
55	0	3	16	0.000000	0.000000	0.000000	0.000000	30.57676573892857	-96.35067688678571	200.00000000000000	1
56	0	3	16	0.000000	0.000000	0.000000	0.000000	30.57721957035714	-96.35052555821429	200.00000000000000	1
57	0	3	16	0.000000	0.000000	0.000000	0.000000	30.57828822178572	-96.35068491821428	200.00000000000000	1
58	0	3	16	0.000000	0.000000	0.000000	0.000000	30.57710443892857	-96.35071978678572	200.00000000000000	1
59	0	3	16	0.000000	0.000000	0.000000	0.000000	30.57686219785714	-96.35067270357142	200.00000000000000	1
60	0	3	16	0.000000	0.000000	0.000000	0.000000	30.57724039071429	-96.35054659642857	200.00000000000000	1
61	0	3	16	0.000000	0.000000	0.000000	0.000000	30.57813093357143	-96.35067939642857	200.00000000000000	1
62	0	3	16	0.000000	0.000000	0.000000	0.000000	30.57714444785714	-96.35070845357143	200.00000000000000	1
63	0	3	16	0.000000	0.000000	0.000000	0.000000	30.57695865678571	-96.35066852035713	200.00000000000000	1
64	0	3	16	0.000000	0.000000	0.000000	0.000000	30.57726121107143	-96.35056763464286	200.00000000000000	1
65	0	3	16	0.000000	0.000000	0.000000	0.000000	30.57797364535714	-96.35067387464287	200.00000000000000	1
66	0	3	16	0.000000	0.000000	0.000000	0.000000	30.57718445678572	-96.35069712035714	200.00000000000000	1
67	0	3	16	0.000000	0.000000	0.000000	0.000000	30.57705511571428	-96.35066433714285	200.00000000000000	1
68	0	3	16	0.000000	0.000000	0.000000	0.000000	30.57728203142857	-96.35058867285714	200.00000000000000	1
69	0	3	16	0.000000	0.000000	0.000000	0.000000	30.57781635714286	-96.35066835285716	200.00000000000000	1
70	0	3	16	0.000000	0.000000	0.000000	0.000000	30.57722446571429	-96.35068578714285	200.00000000000000	1
71	0	3	16	0.000000	0.000000	0.000000	0.000000	30.57715157464285	-96.35066015392856	200.00000000000000	1
72	0	3	16	0.000000	0.000000	0.000000	0.000000	30.57730285178572	-96.35060971107143	200.00000000000000	1
73	0	3	16	0.000000	0.000000	0.000000	0.000000	30.57765906892857	-96.35066283107145	200.00000000000000	1
74	0	3	16	0.000000	0.000000	0.000000	0.000000	30.57726447464286	-96.35067445392856	200.00000000000000	1
75	0	3	16	0.000000	0.000000	0.000000	0.000000	30.57724803357143	-96.35065597071427	200.00000000000000	1
76	0	3	16	0.000000	0.000000	0.000000	0.000000	30.57732367214286	-96.35063074928571	200.00000000000000	1
77	0	3	16	0.000000	0.000000	0.000000	0.000000	30.57750178071429	-96.35065730928574	200.00000000000000	1
78	0	3	16	0.000000	0.000000	0.000000	0.000000	30.57730448357143	-96.35066312071427	200.00000000000000	1
79	0	3	16	0.000000	0.000000	0.000000	0.000000	30.57734449250000	-96.35065178749998	200.00000000000000	1
80	0	3	16	0.000000	0.000000	0.000000	0.000000	30.57706443000000	-96.35073112000001	200.00000000000000	1
81	0	3	16	0.000000	0.000000	0.000000	0.000000	30.57844551000000	-96.35069043999999	200.00000000000000	1
82	0	3	16	0.000000	0.000000	0.000000	0.000000	30.57847105000000	-96.35079510000000	200.00000000000000	1
83	0	3	16	0.000000	0.000000	0.000000	0.000000	30.57804093000000	-96.35121255000000	200.00000000000000	1
84	0	3	16	0.000000	0.000000	0.000000	0.000000	30.57719886571429	-96.35074914607144	200.00000000000000	1
85	0	3	16	0.000000	0.000000	0.000000	0.000000	30.57838264857143	-96.35071427749999	200.00000000000000	1
86	0	3	16	0.000000	0.000000	0.000000	0.000000	30.57840454000000	-96.35080398607143	200.00000000000000	1
87	0	3	16	0.000000	0.000000	0.000000	0.000000	30.57803586571429	-96.35116180035715	200.00000000000000	1
88	0	3	16	0.000000	0.000000	0.000000	0.000000	30.57733330142857	-96.35076717214287	200.00000000000000	1
89	0	3	16	0.000000	0.000000	0.000000	0.000000	30.57831978714286	-96.35073811499998	200.00000000000000	1
90	0	3	16	0.000000	0.000000	0.000000	0.000000	30.57833803000000	-96.35081287214285	200.00000000000000	1
91	0	3	16	0.000000	0.000000	0.000000	0.000000	30.57803080142858	-96.35111105071429	200.00000000000000	1
92	0	3	16	0.000000	0.000000	0.000000	0.000000	30.57746773714286	-96.35078519821430	200.00000000000000	1
93	0	3	16	0.000000	0.000000	0.000000	0.000000	30.57825692571429	-96.35076195249998	200.00000000000000	1
94	0	3	16	0.000000	0.000000	0.000000	0.000000	30.57827152000000	-96.35082175821428	200.00000000000000	1
95	0	3	16	0.000000	0.000000	0.000000	0.000000	30.57802573714286	-96.35106030107144	200.00000000000000	1
96	0	3	16	0.000000	0.000000	0.000000	0.000000	30.57760217285715	-96.35080322428573	200.00000000000000	1
97	0	3	16	0.000000	0.000000	0.000000	0.000000	30.57819406428572	-96.35078578999997	200.00000000000000	1
98	0	3	16	0.000000	0.000000	0.000000	0.000000	30.57820501000000	-96.35083064428571	200.00000000000000	1
99	0	3	16	0.000000	0.000000	0.000000	0.000000	30.57802067285715	-96.35100955142859	200.00000000000000	1
100	0	3	16	0.000000	0.000000	0.000000	0.000000	30.57773660857143	-96.35082125035716	200.00000000000000	1
101	0	3	16	0.000000	0.000000	0.000000	0.000000	30.57813120285715	-96.35080962749997	200.00000000000000	1
102	0	3	16	0.000000	0.000000	0.000000	0.000000	30.57813850000000	-96.35083953035713	200.00000000000000	1
103	0	3	16	0.000000	0.000000	0.000000	0.000000	30.57801560857144	-96.35095880178574	200.00000000000000	1
104	0	3	16	0.000000	0.000000	0.000000	0.000000	30.57787104428572	-96.35083927642859	200.00000000000000	1
105	0	3	16	0.000000	0.000000	0.000000	0.000000	30.57806834142858	-96.35083346499997	200.00000000000000	1
106	0	3	16	0.000000	0.000000	0.000000	0.000000	30.57807199000000	-96.35084841642856	200.00000000000000	1
107	0	3	16	0.000000	0.000000	0.000000	0.000000	30.57801054428572	-96.35090805214288	200.00000000000000	1
108	0	3	16	0.000000	0.000000	0.000000	0.000000	30.57800548000001	-96.35085730250002	200.00000000000000	1
109	0	3	16	0.000000	0.000000	0.000000	0.000000	30.57844551000000	-96.35069043999999	200.00000000000000	1
110	0	3	16	0.000000	0.000000	0.000000	0.000000	30.57719875000000	-96.35050452000000	200.00000000000000	1
111	0	3	16	0.000000	0.000000	0.000000	0.000000	30.57711784000000	-96.35032925000000	200.00000000000000	1
112	0	3	16	0.000000	0.000000	0.000000	0.000000	30.57832291809524	-96.35066438714286	200.00000000000000	1
113	0	3	16	0.000000	0.000000	0.000000	0.000000	30.57725426666667	-96.35050502714286	200.00000000000000	1
114	0	3	16	0.000000	0.000000	0.000000	0.000000	30.57718491523810	-96.35035479571428	200.00000000000000	1
115	0	3	16	0.000000	0.000000	0.000000	0.000000	30.57820032619048	-96.35063833428572	200.00000000000000	1
116	0	3	16	0.000000	0.000000	0.000000	0.000000	30.57730978333333	-96.35050553428572	200.00000000000000	1
117	0	3	16	0.000000	0.000000	0.000000	0.000000	30.57725199047619	-96.35038034142856	200.00000000000000	1
118	0	3	16	0.000000	0.000000	0.000000	0.000000	30.57807773428571	-96.35061228142858	200.00000000000000	1
119	0	3	16	0.000000	0.000000	0.000000	0.000000	30.57736530000000	-96.35050604142857	200.00000000000000	1
120	0	3	16	0.000000	0.000000	0.000000	0.000000	30.57731906571429	-96.35040588714284	200.00000000000000	1
121	0	3	16	0.000000	0.000000	0.000000	0.000000	30.57795514238095	-96.35058622857144	200.00000000000000	1
122	0	3	16	0.000000	0.000000	0.000000	0.000000	30.57742081666667	-96.35050654857143	200.00000000000000	1
123	0	3	16	0.000000	0.000000	0.000000	0.000000	30.57738614095238	-96.35043143285712	200.00000000000000	1
124	0	3	16	0.000000	0.000000	0.000000	0.000000	30.57783255047619	-96.35056017571431	200.00000000000000	1
125	0	3	16	0.000000	0.000000	0.000000	0.000000	30.57747633333333	-96.35050705571429	200.00000000000000	1
126	0	3	16	0.000000	0.000000	0.000000	0.000000	30.57745321619048	-96.35045697857140	200.00000000000000	1
127	0	3	16	0.000000	0.000000	0.000000	0.000000	30.57770995857143	-96.35053412285717	200.00000000000000	1
128	0	3	16	0.000000	0.000000	0.000000	0.000000	30.57753185000000	-96.35050756285715	200.00000000000000	1
129	0	3	16	0.000000	0.000000	0.000000	0.000000	30.57752029142858	-96.35048252428568	200.00000000000000	1
130	0	3	16	0.000000	0.000000	0.000000	0.000000	30.57758736666666	-96.35050807000003	200.00000000000000	1
