QGC WPL 110
0	0	0	16	0.000000	0.000000	0.000000	0.000000	30.57797055000000	-96.35170392000001	200.00000000000000	1
1	0	3	16	0.000000	0.000000	0.000000	0.000000	30.57694028000000	-96.35090430000000	200.00000000000000	1
2	0	3	16	0.000000	0.000000	0.000000	0.000000	30.57728455000000	-96.35095990000001	200.00000000000000	1
3	0	3	16	0.000000	0.000000	0.000000	0.000000	30.57835746000000	-96.35174204000000	200.00000000000000	1
4	0	3	16	0.000000	0.000000	0.000000	0.000000	30.57792307285714	-96.35165015142857	200.00000000000000	1
5	0	3	16	0.000000	0.000000	0.000000	0.000000	30.57703998428572	-96.35096476285715	200.00000000000000	1
6	0	3	16	0.000000	0.000000	0.000000	0.000000	30.57733507285715	-96.35101242000000	200.00000000000000	1
7	0	3	16	0.000000	0.000000	0.000000	0.000000	30.57825471000000	-96.35168282571429	200.00000000000000	1
8	0	3	16	0.000000	0.000000	0.000000	0.000000	30.57787559571429	-96.35159638285714	200.00000000000000	1
9	0	3	16	0.000000	0.000000	0.000000	0.000000	30.57713968857143	-96.35102522571430	200.00000000000000	1
10	0	3	16	0.000000	0.000000	0.000000	0.000000	30.57738559571429	-96.35106494000000	200.00000000000000	1
11	0	3	16	0.000000	0.000000	0.000000	0.000000	30.57815196000000	-96.35162361142858	200.00000000000000	1
12	0	3	16	0.000000	0.000000	0.000000	0.000000	30.57782811857143	-96.35154261428571	200.00000000000000	1
13	0	3	16	0.000000	0.000000	0.000000	0.000000	30.57723939285715	-96.35108568857144	200.00000000000000	1
14	0	3	16	0.000000	0.000000	0.000000	0.000000	30.57743611857143	-96.35111746000000	200.00000000000000	1
15	0	3	16	0.000000	0.000000	0.000000	0.000000	30.57804921000000	-96.35156439714287	200.00000000000000	1
16	0	3	16	0.000000	0.000000	0.000000	0.000000	30.57778064142857	-96.35148884571427	200.00000000000000	1
17	0	3	16	0.000000	0.000000	0.000000	0.000000	30.57733909714286	-96.35114615142859	200.00000000000000	1
18	0	3	16	0.000000	0.000000	0.000000	0.000000	30.57748664142858	-96.35116997999999	200.00000000000000	1
19	0	3	16	0.000000	0.000000	0.000000	0.000000	30.57794646000000	-96.35150518285715	200.00000000000000	1
20	0	3	16	0.000000	0.000000	0.000000	0.000000	30.57773316428571	-96.35143507714284	200.00000000000000	1
21	0	3	16	0.000000	0.000000	0.000000	0.000000	30.57743880142858	-96.35120661428574	200.00000000000000	1
22	0	3	16	0.000000	0.000000	0.000000	0.000000	30.57753716428572	-96.35122249999999	200.00000000000000	1
23	0	3	16	0.000000	0.000000	0.000000	0.000000	30.57784371000000	-96.35144596857144	200.00000000000000	1
24	0	3	16	0.000000	0.000000	0.000000	0.000000	30.57768568714286	-96.35138130857140	200.00000000000000	1
25	0	3	16	0.000000	0.000000	0.000000	0.000000	30.57753850571430	-96.35126707714289	200.00000000000000	1
26	0	3	16	0.000000	0.000000	0.000000	0.000000	30.57758768714287	-96.35127501999999	200.00000000000000	1
27	0	3	16	0.000000	0.000000	0.000000	0.000000	30.57774096000000	-96.35138675428573	200.00000000000000	1
28	0	3	16	0.000000	0.000000	0.000000	0.000000	30.57763821000000	-96.35132753999997	200.00000000000000	1
29	0	3	16	0.000000	0.000000	0.000000	0.000000	30.57728455000000	-96.35095990000001	200.00000000000000	1
30	0	3	16	0.000000	0.000000	0.000000	0.000000	30.57694028000000	-96.35090430000000	200.00000000000000	1
31	0	3	16	0.000000	0.000000	0.000000	0.000000	30.57728547000000	-96.35053787000000	200.00000000000000	1
32	0	3	16	0.000000	0.000000	0.000000	0.000000	30.57818398000000	-96.35024597000000	200.00000000000000	1
33	0	3	16	0.000000	0.000000	0.000000	0.000000	30.57792165000000	-96.35087255000001	200.00000000000000	1
34	0	3	16	0.000000	0.000000	0.000000	0.000000	30.57731864085714	-96.35092335971429	200.00000000000000	1
35	0	3	16	0.000000	0.000000	0.000000	0.000000	30.57702355228571	-96.35087570257143	200.00000000000000	1
36	0	3	16	0.000000	0.000000	0.000000	0.000000	30.57731942942857	-96.35056161971428	200.00000000000000	1
37	0	3	16	0.000000	0.000000	0.000000	0.000000	30.57808958085714	-96.35031141971429	200.00000000000000	1
38	0	3	16	0.000000	0.000000	0.000000	0.000000	30.57786472657143	-96.35084848828572	200.00000000000000	1
39	0	3	16	0.000000	0.000000	0.000000	0.000000	30.57735273171429	-96.35088681942857	200.00000000000000	1
40	0	3	16	0.000000	0.000000	0.000000	0.000000	30.57710682457143	-96.35084710514286	200.00000000000000	1
41	0	3	16	0.000000	0.000000	0.000000	0.000000	30.57735338885714	-96.35058536942857	200.00000000000000	1
42	0	3	16	0.000000	0.000000	0.000000	0.000000	30.57799518171429	-96.35037686942857	200.00000000000000	1
43	0	3	16	0.000000	0.000000	0.000000	0.000000	30.57780780314286	-96.35082442657144	200.00000000000000	1
44	0	3	16	0.000000	0.000000	0.000000	0.000000	30.57738682257143	-96.35085027914285	200.00000000000000	1
45	0	3	16	0.000000	0.000000	0.000000	0.000000	30.57719009685714	-96.35081850771429	200.00000000000000	1
46	0	3	16	0.000000	0.000000	0.000000	0.000000	30.57738734828571	-96.35060911914286	200.00000000000000	1
47	0	3	16	0.000000	0.000000	0.000000	0.000000	30.57790078257143	-96.35044231914286	200.00000000000000	1
48	0	3	16	0.000000	0.000000	0.000000	0.000000	30.57775087971429	-96.35080036485715	200.00000000000000	1
49	0	3	16	0.000000	0.000000	0.000000	0.000000	30.57742091342857	-96.35081373885713	200.00000000000000	1
50	0	3	16	0.000000	0.000000	0.000000	0.000000	30.57727336914285	-96.35078991028573	200.00000000000000	1
51	0	3	16	0.000000	0.000000	0.000000	0.000000	30.57742130771428	-96.35063286885715	200.00000000000000	1
52	0	3	16	0.000000	0.000000	0.000000	0.000000	30.57780638342857	-96.35050776885714	200.00000000000000	1
53	0	3	16	0.000000	0.000000	0.000000	0.000000	30.57769395628572	-96.35077630314287	200.00000000000000	1
54	0	3	16	0.000000	0.000000	0.000000	0.000000	30.57745500428571	-96.35077719857141	200.00000000000000	1
55	0	3	16	0.000000	0.000000	0.000000	0.000000	30.57735664142857	-96.35076131285716	200.00000000000000	1
56	0	3	16	0.000000	0.000000	0.000000	0.000000	30.57745526714285	-96.35065661857143	200.00000000000000	1
57	0	3	16	0.000000	0.000000	0.000000	0.000000	30.57771198428572	-96.35057321857143	200.00000000000000	1
58	0	3	16	0.000000	0.000000	0.000000	0.000000	30.57763703285715	-96.35075224142858	200.00000000000000	1
59	0	3	16	0.000000	0.000000	0.000000	0.000000	30.57748909514285	-96.35074065828569	200.00000000000000	1
60	0	3	16	0.000000	0.000000	0.000000	0.000000	30.57743991371428	-96.35073271542859	200.00000000000000	1
61	0	3	16	0.000000	0.000000	0.000000	0.000000	30.57748922657142	-96.35068036828572	200.00000000000000	1
62	0	3	16	0.000000	0.000000	0.000000	0.000000	30.57761758514286	-96.35063866828571	200.00000000000000	1
63	0	3	16	0.000000	0.000000	0.000000	0.000000	30.57758010942858	-96.35072817971430	200.00000000000000	1
64	0	3	16	0.000000	0.000000	0.000000	0.000000	30.57752318599999	-96.35070411799997	200.00000000000000	1
65	0	3	16	0.000000	0.000000	0.000000	0.000000	30.57728547000000	-96.35053787000000	200.00000000000000	1
66	0	3	16	0.000000	0.000000	0.000000	0.000000	30.57650765000000	-96.35070736999999	200.00000000000000	1
67	0	3	16	0.000000	0.000000	0.000000	0.000000	30.57818398000000	-96.35024597000000	200.00000000000000	1
68	0	3	16	0.000000	0.000000	0.000000	0.000000	30.57729121714286	-96.35053204142856	200.00000000000000	1
69	0	3	16	0.000000	0.000000	0.000000	0.000000	30.57662451428572	-96.35067732714285	200.00000000000000	1
70	0	3	16	0.000000	0.000000	0.000000	0.000000	30.57806136857143	-96.35028184142857	200.00000000000000	1
71	0	3	16	0.000000	0.000000	0.000000	0.000000	30.57729696428571	-96.35052621285713	200.00000000000000	1
72	0	3	16	0.000000	0.000000	0.000000	0.000000	30.57674137857143	-96.35064728428570	200.00000000000000	1
73	0	3	16	0.000000	0.000000	0.000000	0.000000	30.57793875714285	-96.35031771285713	200.00000000000000	1
74	0	3	16	0.000000	0.000000	0.000000	0.000000	30.57730271142857	-96.35052038428570	200.00000000000000	1
75	0	3	16	0.000000	0.000000	0.000000	0.000000	30.57685824285715	-96.35061724142855	200.00000000000000	1
76	0	3	16	0.000000	0.000000	0.000000	0.000000	30.57781614571428	-96.35035358428570	200.00000000000000	1
77	0	3	16	0.000000	0.000000	0.000000	0.000000	30.57730845857143	-96.35051455571427	200.00000000000000	1
78	0	3	16	0.000000	0.000000	0.000000	0.000000	30.57697510714286	-96.35058719857140	200.00000000000000	1
79	0	3	16	0.000000	0.000000	0.000000	0.000000	30.57769353428571	-96.35038945571426	200.00000000000000	1
80	0	3	16	0.000000	0.000000	0.000000	0.000000	30.57731420571429	-96.35050872714284	200.00000000000000	1
81	0	3	16	0.000000	0.000000	0.000000	0.000000	30.57709197142858	-96.35055715571426	200.00000000000000	1
82	0	3	16	0.000000	0.000000	0.000000	0.000000	30.57757092285713	-96.35042532714283	200.00000000000000	1
83	0	3	16	0.000000	0.000000	0.000000	0.000000	30.57731995285715	-96.35050289857141	200.00000000000000	1
84	0	3	16	0.000000	0.000000	0.000000	0.000000	30.57720883571429	-96.35052711285711	200.00000000000000	1
85	0	3	16	0.000000	0.000000	0.000000	0.000000	30.57744831142856	-96.35046119857140	200.00000000000000	1
86	0	3	16	0.000000	0.000000	0.000000	0.000000	30.57732570000000	-96.35049706999997	200.00000000000000	1
87	0	3	16	0.000000	0.000000	0.000000	0.000000	30.57818398000000	-96.35024597000000	200.00000000000000	1
88	0	3	16	0.000000	0.000000	0.000000	0.000000	30.57845911000000	-96.35020403999999	200.00000000000000	1
89	0	3	16	0.000000	0.000000	0.000000	0.000000	30.57843413000000	-96.35084261000000	200.00000000000000	1
90	0	3	16	0.000000	0.000000	0.000000	0.000000	30.57828070000000	-96.35091767000000	200.00000000000000	1
91	0	3	16	0.000000	0.000000	0.000000	0.000000	30.57820619428571	-96.35028977035715	200.00000000000000	1
92	0	3	16	0.000000	0.000000	0.000000	0.000000	30.57844202000000	-96.35025383035713	200.00000000000000	1
93	0	3	16	0.000000	0.000000	0.000000	0.000000	30.57842060857143	-96.35080117607143	200.00000000000000	1
94	0	3	16	0.000000	0.000000	0.000000	0.000000	30.57828909714286	-96.35086551321429	200.00000000000000	1
95	0	3	16	0.000000	0.000000	0.000000	0.000000	30.57822840857143	-96.35033357071430	200.00000000000000	1
96	0	3	16	0.000000	0.000000	0.000000	0.000000	30.57842493000000	-96.35030362071427	200.00000000000000	1
97	0	3	16	0.000000	0.000000	0.000000	0.000000	30.57840708714286	-96.35075974214286	200.00000000000000	1
98	0	3	16	0.000000	0.000000	0.000000	0.000000	30.57829749428571	-96.35081335642857	200.00000000000000	1
99	0	3	16	0.000000	0.000000	0.000000	0.000000	30.57825062285714	-96.35037737107145	200.00000000000000	1
100	0	3	16	0.000000	0.000000	0.000000	0.000000	30.57840784000000	-96.35035341107141	200.00000000000000	1
101	0	3	16	0.000000	0.000000	0.000000	0.000000	30.57839356571429	-96.35071830821428	200.00000000000000	1
102	0	3	16	0.000000	0.000000	0.000000	0.000000	30.57830589142857	-96.35076119964286	200.00000000000000	1
103	0	3	16	0.000000	0.000000	0.000000	0.000000	30.57827283714285	-96.35042117142859	200.00000000000000	1
104	0	3	16	0.000000	0.000000	0.000000	0.000000	30.57839075000000	-96.35040320142855	200.00000000000000	1
105	0	3	16	0.000000	0.000000	0.000000	0.000000	30.57838004428572	-96.35067687428571	200.00000000000000	1
106	0	3	16	0.000000	0.000000	0.000000	0.000000	30.57831428857143	-96.35070904285715	200.00000000000000	1
107	0	3	16	0.000000	0.000000	0.000000	0.000000	30.57829505142857	-96.35046497178574	200.00000000000000	1
108	0	3	16	0.000000	0.000000	0.000000	0.000000	30.57837366000000	-96.35045299178569	200.00000000000000	1
109	0	3	16	0.000000	0.000000	0.000000	0.000000	30.57836652285715	-96.35063544035714	200.00000000000000	1
110	0	3	16	0.000000	0.000000	0.000000	0.000000	30.57832268571428	-96.35065688607143	200.00000000000000	1
111	0	3	16	0.000000	0.000000	0.000000	0.000000	30.57831726571428	-96.35050877214289	200.00000000000000	1
112	0	3	16	0.000000	0.000000	0.000000	0.000000	30.57835657000000	-96.35050278214283	200.00000000000000	1
113	0	3	16	0.000000	0.000000	0.000000	0.000000	30.57835300142858	-96.35059400642857	200.00000000000000	1
114	0	3	16	0.000000	0.000000	0.000000	0.000000	30.57833108285714	-96.35060472928572	200.00000000000000	1
115	0	3	16	0.000000	0.000000	0.000000	0.000000	30.57833948000000	-96.35055257250004	200.00000000000000	1
116	0	3	16	0.000000	0.000000	0.000000	0.000000	30.57828070000000	-96.35091767000000	200.00000000000000	1
117	0	3	16	0.000000	0.000000	0.000000	0.000000	30.57849780000000	-96.35168505999999	200.00000000000000	1
118	0	3	16	0.000000	0.000000	0.000000	0.000000	30.57833351000000	-96.35163780000001	200.00000000000000	1
119	0	3	16	0.000000	0.000000	0.000000	0.000000	30.57829355285714	-96.35098850428571	200.00000000000000	1
120	0	3	16	0.000000	0.000000	0.000000	0.000000	30.57847963857143	-96.35164626714285	200.00000000000000	1
121	0	3	16	0.000000	0.000000	0.000000	0.000000	30.57833881857143	-96.35160575857144	200.00000000000000	1
122	0	3	16	0.000000	0.000000	0.000000	0.000000	30.57830640571429	-96.35105933857142	200.00000000000000	1
123	0	3	16	0.000000	0.000000	0.000000	0.000000	30.57846147714286	-96.35160747428571	200.00000000000000	1
124	0	3	16	0.000000	0.000000	0.000000	0.000000	30.57834412714286	-96.35157371714287	200.00000000000000	1
125	0	3	16	0.000000	0.000000	0.000000	0.000000	30.57831925857143	-96.35113017285713	200.00000000000000	1
126	0	3	16	0.000000	0.000000	0.000000	0.000000	30.57844331571429	-96.35156868142857	200.00000000000000	1
127	0	3	16	0.000000	0.000000	0.000000	0.000000	30.57834943571428	-96.35154167571430	200.00000000000000	1
128	0	3	16	0.000000	0.000000	0.000000	0.000000	30.57833211142857	-96.35120100714283	200.00000000000000	1
129	0	3	16	0.000000	0.000000	0.000000	0.000000	30.57842515428572	-96.35152988857143	200.00000000000000	1
130	0	3	16	0.000000	0.000000	0.000000	0.000000	30.57835474428571	-96.35150963428573	200.00000000000000	1
131	0	3	16	0.000000	0.000000	0.000000	0.000000	30.57834496428572	-96.35127184142854	200.00000000000000	1
132	0	3	16	0.000000	0.000000	0.000000	0.000000	30.57840699285715	-96.35149109571429	200.00000000000000	1
133	0	3	16	0.000000	0.000000	0.000000	0.000000	30.57836005285714	-96.35147759285717	200.00000000000000	1
134	0	3	16	0.000000	0.000000	0.000000	0.000000	30.57835781714286	-96.35134267571425	200.00000000000000	1
135	0	3	16	0.000000	0.000000	0.000000	0.000000	30.57838883142858	-96.35145230285715	200.00000000000000	1
136	0	3	16	0.000000	0.000000	0.000000	0.000000	30.57836536142857	-96.35144555142860	200.00000000000000	1
137	0	3	16	0.000000	0.000000	0.000000	0.000000	30.57837067000000	-96.35141350999996	200.00000000000000	1
138	0	3	16	0.000000	0.000000	0.000000	0.000000	30.57833351000000	-96.35163780000001	200.00000000000000	1
139	0	3	16	0.000000	0.000000	0.000000	0.000000	30.57789924000000	-96.35130022000000	200.00000000000000	1
140	0	3	16	0.000000	0.000000	0.000000	0.000000	30.57793180000000	-96.35126681000000	200.00000000000000	1
141	0	3	16	0.000000	0.000000	0.000000	0.000000	30.57829370142857	-96.35160405857144	200.00000000000000	1
142	0	3	16	0.000000	0.000000	0.000000	0.000000	30.57792147000000	-96.35131470428571	200.00000000000000	1
143	0	3	16	0.000000	0.000000	0.000000	0.000000	30.57794937857143	-96.35128606714285	200.00000000000000	1
144	0	3	16	0.000000	0.000000	0.000000	0.000000	30.57825389285714	-96.35157031714287	200.00000000000000	1
145	0	3	16	0.000000	0.000000	0.000000	0.000000	30.57794370000000	-96.35132918857143	200.00000000000000	1
146	0	3	16	0.000000	0.000000	0.000000	0.000000	30.57796695714286	-96.35130532428570	200.00000000000000	1
147	0	3	16	0.000000	0.000000	0.000000	0.000000	30.57821408428571	-96.35153657571431	200.00000000000000	1
148	0	3	16	0.000000	0.000000	0.000000	0.000000	30.57796593000000	-96.35134367285714	200.00000000000000	1
149	0	3	16	0.000000	0.000000	0.000000	0.000000	30.57798453571428	-96.35132458142856	200.00000000000000	1
150	0	3	16	0.000000	0.000000	0.000000	0.000000	30.57817427571428	-96.35150283428574	200.00000000000000	1
151	0	3	16	0.000000	0.000000	0.000000	0.000000	30.57798816000000	-96.35135815714285	200.00000000000000	1
152	0	3	16	0.000000	0.000000	0.000000	0.000000	30.57800211428571	-96.35134383857141	200.00000000000000	1
153	0	3	16	0.000000	0.000000	0.000000	0.000000	30.57813446714285	-96.35146909285717	200.00000000000000	1
154	0	3	16	0.000000	0.000000	0.000000	0.000000	30.57801039000000	-96.35137264142857	200.00000000000000	1
155	0	3	16	0.000000	0.000000	0.000000	0.000000	30.57801969285714	-96.35136309571426	200.00000000000000	1
156	0	3	16	0.000000	0.000000	0.000000	0.000000	30.57809465857142	-96.35143535142861	200.00000000000000	1
157	0	3	16	0.000000	0.000000	0.000000	0.000000	30.57803261999999	-96.35138712571428	200.00000000000000	1
158	0	3	16	0.000000	0.000000	0.000000	0.000000	30.57803727142856	-96.35138235285712	200.00000000000000	1
159	0	3	16	0.000000	0.000000	0.000000	0.000000	30.57805484999999	-96.35140161000004	200.00000000000000	1
160	0	3	16	0.000000	0.000000	0.000000	0.000000	30.57793180000000	-96.35126681000000	200.00000000000000	1
161	0	3	16	0.000000	0.000000	0.000000	0.000000	30.57792165000000	-96.35087255000001	200.00000000000000	1
162	0	3	16	0.000000	0.000000	0.000000	0.000000	30.57818398000000	-96.35024597000000	200.00000000000000	1
163	0	3	16	0.000000	0.000000	0.000000	0.000000	30.57828070000000	-96.35091767000000	200.00000000000000	1
164	0	3	16	0.000000	0.000000	0.000000	0.000000	30.57833351000000	-96.35163780000001	200.00000000000000	1
165	0	3	16	0.000000	0.000000	0.000000	0.000000	30.57796016114286	-96.35122700285714	200.00000000000000	1
166	0	3	16	0.000000	0.000000	0.000000	0.000000	30.57795146114286	-96.35088906571430	200.00000000000000	1
167	0	3	16	0.000000	0.000000	0.000000	0.000000	30.57817631542857	-96.35035199714287	200.00000000000000	1
168	0	3	16	0.000000	0.000000	0.000000	0.000000	30.57825921828572	-96.35092774000000	200.00000000000000	1
169	0	3	16	0.000000	0.000000	0.000000	0.000000	30.57830448400000	-96.35154499428572	200.00000000000000	1
170	0	3	16	0.000000	0.000000	0.000000	0.000000	30.57798852228571	-96.35118719571429	200.00000000000000	1
171	0	3	16	0.000000	0.000000	0.000000	0.000000	30.57798127228571	-96.35090558142859	200.00000000000000	1
172	0	3	16	0.000000	0.000000	0.000000	0.000000	30.57816865085714	-96.35045802428573	200.00000000000000	1
173	0	3	16	0.000000	0.000000	0.000000	0.000000	30.57823773657143	-96.35093781000000	200.00000000000000	1
174	0	3	16	0.000000	0.000000	0.000000	0.000000	30.57827545800000	-96.35145218857143	200.00000000000000	1
175	0	3	16	0.000000	0.000000	0.000000	0.000000	30.57801688342857	-96.35114738857143	200.00000000000000	1
176	0	3	16	0.000000	0.000000	0.000000	0.000000	30.57801108342857	-96.35092209714288	200.00000000000000	1
177	0	3	16	0.000000	0.000000	0.000000	0.000000	30.57816098628572	-96.35056405142859	200.00000000000000	1
178	0	3	16	0.000000	0.000000	0.000000	0.000000	30.57821625485715	-96.35094788000001	200.00000000000000	1
179	0	3	16	0.000000	0.000000	0.000000	0.000000	30.57824643200000	-96.35135938285714	200.00000000000000	1
180	0	3	16	0.000000	0.000000	0.000000	0.000000	30.57804524457143	-96.35110758142858	200.00000000000000	1
181	0	3	16	0.000000	0.000000	0.000000	0.000000	30.57804089457142	-96.35093861285718	200.00000000000000	1
182	0	3	16	0.000000	0.000000	0.000000	0.000000	30.57815332171429	-96.35067007857145	200.00000000000000	1
183	0	3	16	0.000000	0.000000	0.000000	0.000000	30.57819477314286	-96.35095795000001	200.00000000000000	1
184	0	3	16	0.000000	0.000000	0.000000	0.000000	30.57821740600000	-96.35126657714285	200.00000000000000	1
185	0	3	16	0.000000	0.000000	0.000000	0.000000	30.57807360571428	-96.35106777428572	200.00000000000000	1
186	0	3	16	0.000000	0.000000	0.000000	0.000000	30.57807070571428	-96.35095512857147	200.00000000000000	1
187	0	3	16	0.000000	0.000000	0.000000	0.000000	30.57814565714286	-96.35077610571432	200.00000000000000	1
188	0	3	16	0.000000	0.000000	0.000000	0.000000	30.57817329142858	-96.35096802000001	200.00000000000000	1
189	0	3	16	0.000000	0.000000	0.000000	0.000000	30.57818838000000	-96.35117377142856	200.00000000000000	1
190	0	3	16	0.000000	0.000000	0.000000	0.000000	30.57810196685714	-96.35102796714287	200.00000000000000	1
191	0	3	16	0.000000	0.000000	0.000000	0.000000	30.57810051685713	-96.35097164428576	200.00000000000000	1
192	0	3	16	0.000000	0.000000	0.000000	0.000000	30.57813799257143	-96.35088213285718	200.00000000000000	1
193	0	3	16	0.000000	0.000000	0.000000	0.000000	30.57815180971429	-96.35097809000001	200.00000000000000	1
194	0	3	16	0.000000	0.000000	0.000000	0.000000	30.57815935400000	-96.35108096571427	200.00000000000000	1
195	0	3	16	0.000000	0.000000	0.000000	0.000000	30.57813032800000	-96.35098816000001	200.00000000000000	1
