QGC WPL 110
0	0	0	16	0.000000	0.000000	0.000000	0.000000	30.57769245000000	-96.35140251000000	200.00000000000000	1
1	0	3	16	0.000000	0.000000	0.000000	0.000000	30.57834705000000	-96.35165023000000	200.00000000000000	1
2	0	3	16	0.000000	0.000000	0.000000	0.000000	30.57786666000000	-96.35182961000000	200.00000000000000	1
3	0	3	16	0.000000	0.000000	0.000000	0.000000	30.57740851000000	-96.35143069999999	200.00000000000000	1
4	0	3	16	0.000000	0.000000	0.000000	0.000000	30.57771190964286	-96.35142761749999	200.00000000000000	1
5	0	3	16	0.000000	0.000000	0.000000	0.000000	30.57827299535714	-96.35163994892858	200.00000000000000	1
6	0	3	16	0.000000	0.000000	0.000000	0.000000	30.57786123250000	-96.35179370321428	200.00000000000000	1
7	0	3	16	0.000000	0.000000	0.000000	0.000000	30.57746853250000	-96.35145178035714	200.00000000000000	1
8	0	3	16	0.000000	0.000000	0.000000	0.000000	30.57773136928571	-96.35145272499999	200.00000000000000	1
9	0	3	16	0.000000	0.000000	0.000000	0.000000	30.57819894071428	-96.35162966785715	200.00000000000000	1
10	0	3	16	0.000000	0.000000	0.000000	0.000000	30.57785580500000	-96.35175779642857	200.00000000000000	1
11	0	3	16	0.000000	0.000000	0.000000	0.000000	30.57752855500000	-96.35147286071428	200.00000000000000	1
12	0	3	16	0.000000	0.000000	0.000000	0.000000	30.57775082892857	-96.35147783249998	200.00000000000000	1
13	0	3	16	0.000000	0.000000	0.000000	0.000000	30.57812488607142	-96.35161938678573	200.00000000000000	1
14	0	3	16	0.000000	0.000000	0.000000	0.000000	30.57785037750000	-96.35172188964286	200.00000000000000	1
15	0	3	16	0.000000	0.000000	0.000000	0.000000	30.57758857750001	-96.35149394107142	200.00000000000000	1
16	0	3	16	0.000000	0.000000	0.000000	0.000000	30.57777028857143	-96.35150293999997	200.00000000000000	1
17	0	3	16	0.000000	0.000000	0.000000	0.000000	30.57805083142857	-96.35160910571430	200.00000000000000	1
18	0	3	16	0.000000	0.000000	0.000000	0.000000	30.57784495000000	-96.35168598285715	200.00000000000000	1
19	0	3	16	0.000000	0.000000	0.000000	0.000000	30.57764860000001	-96.35151502142857	200.00000000000000	1
20	0	3	16	0.000000	0.000000	0.000000	0.000000	30.57778974821429	-96.35152804749997	200.00000000000000	1
21	0	3	16	0.000000	0.000000	0.000000	0.000000	30.57797677678571	-96.35159882464288	200.00000000000000	1
22	0	3	16	0.000000	0.000000	0.000000	0.000000	30.57783952250000	-96.35165007607144	200.00000000000000	1
23	0	3	16	0.000000	0.000000	0.000000	0.000000	30.57770862250001	-96.35153610178571	200.00000000000000	1
24	0	3	16	0.000000	0.000000	0.000000	0.000000	30.57780920785714	-96.35155315499996	200.00000000000000	1
25	0	3	16	0.000000	0.000000	0.000000	0.000000	30.57790272214285	-96.35158854357145	200.00000000000000	1
26	0	3	16	0.000000	0.000000	0.000000	0.000000	30.57783409500000	-96.35161416928572	200.00000000000000	1
27	0	3	16	0.000000	0.000000	0.000000	0.000000	30.57776864500001	-96.35155718214286	200.00000000000000	1
28	0	3	16	0.000000	0.000000	0.000000	0.000000	30.57782866750000	-96.35157826249996	200.00000000000000	1
29	0	3	16	0.000000	0.000000	0.000000	0.000000	30.57740851000000	-96.35143069999999	200.00000000000000	1
30	0	3	16	0.000000	0.000000	0.000000	0.000000	30.57735296000000	-96.35178031000000	200.00000000000000	1
31	0	3	16	0.000000	0.000000	0.000000	0.000000	30.57678513000000	-96.35095704000000	200.00000000000000	1
32	0	3	16	0.000000	0.000000	0.000000	0.000000	30.57664439000000	-96.35041696000000	200.00000000000000	1
33	0	3	16	0.000000	0.000000	0.000000	0.000000	30.57706366000000	-96.35038516000000	200.00000000000000	1
34	0	3	16	0.000000	0.000000	0.000000	0.000000	30.57735742714286	-96.35136831914285	200.00000000000000	1
35	0	3	16	0.000000	0.000000	0.000000	0.000000	30.57730981285714	-96.35166798485714	200.00000000000000	1
36	0	3	16	0.000000	0.000000	0.000000	0.000000	30.57682310142857	-96.35096232485714	200.00000000000000	1
37	0	3	16	0.000000	0.000000	0.000000	0.000000	30.57670246714286	-96.35049939914286	200.00000000000000	1
38	0	3	16	0.000000	0.000000	0.000000	0.000000	30.57706184142857	-96.35047214200000	200.00000000000000	1
39	0	3	16	0.000000	0.000000	0.000000	0.000000	30.57730634428571	-96.35130593828571	200.00000000000000	1
40	0	3	16	0.000000	0.000000	0.000000	0.000000	30.57726666571428	-96.35155565971429	200.00000000000000	1
41	0	3	16	0.000000	0.000000	0.000000	0.000000	30.57686107285715	-96.35096760971427	200.00000000000000	1
42	0	3	16	0.000000	0.000000	0.000000	0.000000	30.57676054428571	-96.35058183828572	200.00000000000000	1
43	0	3	16	0.000000	0.000000	0.000000	0.000000	30.57706002285715	-96.35055912400000	200.00000000000000	1
44	0	3	16	0.000000	0.000000	0.000000	0.000000	30.57725526142857	-96.35124355742856	200.00000000000000	1
45	0	3	16	0.000000	0.000000	0.000000	0.000000	30.57722351857143	-96.35144333457144	200.00000000000000	1
46	0	3	16	0.000000	0.000000	0.000000	0.000000	30.57689904428572	-96.35097289457141	200.00000000000000	1
47	0	3	16	0.000000	0.000000	0.000000	0.000000	30.57681862142857	-96.35066427742858	200.00000000000000	1
48	0	3	16	0.000000	0.000000	0.000000	0.000000	30.57705820428572	-96.35064610600000	200.00000000000000	1
49	0	3	16	0.000000	0.000000	0.000000	0.000000	30.57720417857142	-96.35118117657142	200.00000000000000	1
50	0	3	16	0.000000	0.000000	0.000000	0.000000	30.57718037142857	-96.35133100942859	200.00000000000000	1
51	0	3	16	0.000000	0.000000	0.000000	0.000000	30.57693701571429	-96.35097817942855	200.00000000000000	1
52	0	3	16	0.000000	0.000000	0.000000	0.000000	30.57687669857143	-96.35074671657144	200.00000000000000	1
53	0	3	16	0.000000	0.000000	0.000000	0.000000	30.57705638571429	-96.35073308800000	200.00000000000000	1
54	0	3	16	0.000000	0.000000	0.000000	0.000000	30.57715309571428	-96.35111879571427	200.00000000000000	1
55	0	3	16	0.000000	0.000000	0.000000	0.000000	30.57713722428571	-96.35121868428574	200.00000000000000	1
56	0	3	16	0.000000	0.000000	0.000000	0.000000	30.57697498714286	-96.35098346428569	200.00000000000000	1
57	0	3	16	0.000000	0.000000	0.000000	0.000000	30.57693477571428	-96.35082915571429	200.00000000000000	1
58	0	3	16	0.000000	0.000000	0.000000	0.000000	30.57705456714287	-96.35082007000000	200.00000000000000	1
59	0	3	16	0.000000	0.000000	0.000000	0.000000	30.57710201285714	-96.35105641485713	200.00000000000000	1
60	0	3	16	0.000000	0.000000	0.000000	0.000000	30.57709407714285	-96.35110635914289	200.00000000000000	1
61	0	3	16	0.000000	0.000000	0.000000	0.000000	30.57701295857143	-96.35098874914283	200.00000000000000	1
62	0	3	16	0.000000	0.000000	0.000000	0.000000	30.57699285285714	-96.35091159485715	200.00000000000000	1
63	0	3	16	0.000000	0.000000	0.000000	0.000000	30.57705274857144	-96.35090705200000	200.00000000000000	1
64	0	3	16	0.000000	0.000000	0.000000	0.000000	30.57705092999999	-96.35099403399998	200.00000000000000	1
65	0	3	16	0.000000	0.000000	0.000000	0.000000	30.57740851000000	-96.35143069999999	200.00000000000000	1
66	0	3	16	0.000000	0.000000	0.000000	0.000000	30.57706366000000	-96.35038516000000	200.00000000000000	1
67	0	3	16	0.000000	0.000000	0.000000	0.000000	30.57769245000000	-96.35140251000000	200.00000000000000	1
68	0	3	16	0.000000	0.000000	0.000000	0.000000	30.57740560952381	-96.35137956999999	200.00000000000000	1
69	0	3	16	0.000000	0.000000	0.000000	0.000000	30.57711002380952	-96.35048339285714	200.00000000000000	1
70	0	3	16	0.000000	0.000000	0.000000	0.000000	30.57764898666667	-96.35135540714286	200.00000000000000	1
71	0	3	16	0.000000	0.000000	0.000000	0.000000	30.57740270904762	-96.35132843999999	200.00000000000000	1
72	0	3	16	0.000000	0.000000	0.000000	0.000000	30.57715638761905	-96.35058162571428	200.00000000000000	1
73	0	3	16	0.000000	0.000000	0.000000	0.000000	30.57760552333333	-96.35130830428572	200.00000000000000	1
74	0	3	16	0.000000	0.000000	0.000000	0.000000	30.57739980857143	-96.35127730999999	200.00000000000000	1
75	0	3	16	0.000000	0.000000	0.000000	0.000000	30.57720275142857	-96.35067985857143	200.00000000000000	1
76	0	3	16	0.000000	0.000000	0.000000	0.000000	30.57756206000000	-96.35126120142858	200.00000000000000	1
77	0	3	16	0.000000	0.000000	0.000000	0.000000	30.57739690809524	-96.35122617999998	200.00000000000000	1
78	0	3	16	0.000000	0.000000	0.000000	0.000000	30.57724911523810	-96.35077809142857	200.00000000000000	1
79	0	3	16	0.000000	0.000000	0.000000	0.000000	30.57751859666666	-96.35121409857145	200.00000000000000	1
80	0	3	16	0.000000	0.000000	0.000000	0.000000	30.57739400761905	-96.35117504999998	200.00000000000000	1
81	0	3	16	0.000000	0.000000	0.000000	0.000000	30.57729547904762	-96.35087632428571	200.00000000000000	1
82	0	3	16	0.000000	0.000000	0.000000	0.000000	30.57747513333333	-96.35116699571431	200.00000000000000	1
83	0	3	16	0.000000	0.000000	0.000000	0.000000	30.57739110714286	-96.35112391999998	200.00000000000000	1
84	0	3	16	0.000000	0.000000	0.000000	0.000000	30.57734184285714	-96.35097455714285	200.00000000000000	1
85	0	3	16	0.000000	0.000000	0.000000	0.000000	30.57743167000000	-96.35111989285717	200.00000000000000	1
86	0	3	16	0.000000	0.000000	0.000000	0.000000	30.57738820666667	-96.35107278999998	200.00000000000000	1
87	0	3	16	0.000000	0.000000	0.000000	0.000000	30.57769245000000	-96.35140251000000	200.00000000000000	1
88	0	3	16	0.000000	0.000000	0.000000	0.000000	30.57706366000000	-96.35038516000000	200.00000000000000	1
89	0	3	16	0.000000	0.000000	0.000000	0.000000	30.57807166000000	-96.35080776000000	200.00000000000000	1
90	0	3	16	0.000000	0.000000	0.000000	0.000000	30.57847843000000	-96.35098404999999	200.00000000000000	1
91	0	3	16	0.000000	0.000000	0.000000	0.000000	30.57839314000000	-96.35147808000001	200.00000000000000	1
92	0	3	16	0.000000	0.000000	0.000000	0.000000	30.57772779542857	-96.35134665314285	200.00000000000000	1
93	0	3	16	0.000000	0.000000	0.000000	0.000000	30.57718883257143	-96.35047463885714	200.00000000000000	1
94	0	3	16	0.000000	0.000000	0.000000	0.000000	30.57805283257143	-96.35083686742857	200.00000000000000	1
95	0	3	16	0.000000	0.000000	0.000000	0.000000	30.57840149257143	-96.35098797314285	200.00000000000000	1
96	0	3	16	0.000000	0.000000	0.000000	0.000000	30.57832838685714	-96.35141142742857	200.00000000000000	1
97	0	3	16	0.000000	0.000000	0.000000	0.000000	30.57776314085714	-96.35129079628571	200.00000000000000	1
98	0	3	16	0.000000	0.000000	0.000000	0.000000	30.57731400514286	-96.35056411771427	200.00000000000000	1
99	0	3	16	0.000000	0.000000	0.000000	0.000000	30.57803400514285	-96.35086597485714	200.00000000000000	1
100	0	3	16	0.000000	0.000000	0.000000	0.000000	30.57832455514286	-96.35099189628571	200.00000000000000	1
101	0	3	16	0.000000	0.000000	0.000000	0.000000	30.57826363371428	-96.35134477485714	200.00000000000000	1
102	0	3	16	0.000000	0.000000	0.000000	0.000000	30.57779848628572	-96.35123493942856	200.00000000000000	1
103	0	3	16	0.000000	0.000000	0.000000	0.000000	30.57743917771429	-96.35065359657141	200.00000000000000	1
104	0	3	16	0.000000	0.000000	0.000000	0.000000	30.57801517771428	-96.35089508228572	200.00000000000000	1
105	0	3	16	0.000000	0.000000	0.000000	0.000000	30.57824761771429	-96.35099581942856	200.00000000000000	1
106	0	3	16	0.000000	0.000000	0.000000	0.000000	30.57819888057142	-96.35127812228571	200.00000000000000	1
107	0	3	16	0.000000	0.000000	0.000000	0.000000	30.57783383171429	-96.35117908257142	200.00000000000000	1
108	0	3	16	0.000000	0.000000	0.000000	0.000000	30.57756435028572	-96.35074307542854	200.00000000000000	1
109	0	3	16	0.000000	0.000000	0.000000	0.000000	30.57799635028571	-96.35092418971429	200.00000000000000	1
110	0	3	16	0.000000	0.000000	0.000000	0.000000	30.57817068028572	-96.35099974257142	200.00000000000000	1
111	0	3	16	0.000000	0.000000	0.000000	0.000000	30.57813412742857	-96.35121146971427	200.00000000000000	1
112	0	3	16	0.000000	0.000000	0.000000	0.000000	30.57786917714286	-96.35112322571428	200.00000000000000	1
113	0	3	16	0.000000	0.000000	0.000000	0.000000	30.57768952285715	-96.35083255428567	200.00000000000000	1
114	0	3	16	0.000000	0.000000	0.000000	0.000000	30.57797752285714	-96.35095329714287	200.00000000000000	1
115	0	3	16	0.000000	0.000000	0.000000	0.000000	30.57809374285715	-96.35100366571427	200.00000000000000	1
116	0	3	16	0.000000	0.000000	0.000000	0.000000	30.57806937428571	-96.35114481714284	200.00000000000000	1
117	0	3	16	0.000000	0.000000	0.000000	0.000000	30.57790452257143	-96.35106736885713	200.00000000000000	1
118	0	3	16	0.000000	0.000000	0.000000	0.000000	30.57781469542858	-96.35092203314281	200.00000000000000	1
119	0	3	16	0.000000	0.000000	0.000000	0.000000	30.57795869542856	-96.35098240457144	200.00000000000000	1
120	0	3	16	0.000000	0.000000	0.000000	0.000000	30.57801680542858	-96.35100758885713	200.00000000000000	1
121	0	3	16	0.000000	0.000000	0.000000	0.000000	30.57800462114285	-96.35107816457140	200.00000000000000	1
122	0	3	16	0.000000	0.000000	0.000000	0.000000	30.57793986800000	-96.35101151199999	200.00000000000000	1
123	0	3	16	0.000000	0.000000	0.000000	0.000000	30.57807166000000	-96.35080776000000	200.00000000000000	1
124	0	3	16	0.000000	0.000000	0.000000	0.000000	30.57724529000000	-96.35016250000000	200.00000000000000	1
125	0	3	16	0.000000	0.000000	0.000000	0.000000	30.57828951000000	-96.35081043000000	200.00000000000000	1
126	0	3	16	0.000000	0.000000	0.000000	0.000000	30.57847843000000	-96.35098404999999	200.00000000000000	1
127	0	3	16	0.000000	0.000000	0.000000	0.000000	30.57806445464286	-96.35079110642856	200.00000000000000	1
128	0	3	16	0.000000	0.000000	0.000000	0.000000	30.57735613750000	-96.35023802642857	200.00000000000000	1
129	0	3	16	0.000000	0.000000	0.000000	0.000000	30.57825118321429	-96.35079339500000	200.00000000000000	1
130	0	3	16	0.000000	0.000000	0.000000	0.000000	30.57841311464286	-96.35094221214285	200.00000000000000	1
131	0	3	16	0.000000	0.000000	0.000000	0.000000	30.57805724928571	-96.35077445285712	200.00000000000000	1
132	0	3	16	0.000000	0.000000	0.000000	0.000000	30.57746698500000	-96.35031355285714	200.00000000000000	1
133	0	3	16	0.000000	0.000000	0.000000	0.000000	30.57821285642857	-96.35077636000000	200.00000000000000	1
134	0	3	16	0.000000	0.000000	0.000000	0.000000	30.57834779928571	-96.35090037428571	200.00000000000000	1
135	0	3	16	0.000000	0.000000	0.000000	0.000000	30.57805004392857	-96.35075779928569	200.00000000000000	1
136	0	3	16	0.000000	0.000000	0.000000	0.000000	30.57757783250000	-96.35038907928572	200.00000000000000	1
137	0	3	16	0.000000	0.000000	0.000000	0.000000	30.57817452964286	-96.35075932500000	200.00000000000000	1
138	0	3	16	0.000000	0.000000	0.000000	0.000000	30.57828248392857	-96.35085853642858	200.00000000000000	1
139	0	3	16	0.000000	0.000000	0.000000	0.000000	30.57804283857143	-96.35074114571425	200.00000000000000	1
140	0	3	16	0.000000	0.000000	0.000000	0.000000	30.57768868000000	-96.35046460571429	200.00000000000000	1
141	0	3	16	0.000000	0.000000	0.000000	0.000000	30.57813620285715	-96.35074229000000	200.00000000000000	1
142	0	3	16	0.000000	0.000000	0.000000	0.000000	30.57821716857142	-96.35081669857144	200.00000000000000	1
143	0	3	16	0.000000	0.000000	0.000000	0.000000	30.57803563321428	-96.35072449214282	200.00000000000000	1
144	0	3	16	0.000000	0.000000	0.000000	0.000000	30.57779952750000	-96.35054013214287	200.00000000000000	1
145	0	3	16	0.000000	0.000000	0.000000	0.000000	30.57809787607144	-96.35072525500000	200.00000000000000	1
146	0	3	16	0.000000	0.000000	0.000000	0.000000	30.57815185321428	-96.35077486071430	200.00000000000000	1
147	0	3	16	0.000000	0.000000	0.000000	0.000000	30.57802842785714	-96.35070783857138	200.00000000000000	1
148	0	3	16	0.000000	0.000000	0.000000	0.000000	30.57791037500000	-96.35061565857144	200.00000000000000	1
149	0	3	16	0.000000	0.000000	0.000000	0.000000	30.57805954928572	-96.35070822000000	200.00000000000000	1
150	0	3	16	0.000000	0.000000	0.000000	0.000000	30.57808653785714	-96.35073302285716	200.00000000000000	1
151	0	3	16	0.000000	0.000000	0.000000	0.000000	30.57802122250000	-96.35069118499995	200.00000000000000	1
152	0	3	16	0.000000	0.000000	0.000000	0.000000	30.57828951000000	-96.35081043000000	200.00000000000000	1
153	0	3	16	0.000000	0.000000	0.000000	0.000000	30.57800754000000	-96.35041606999999	200.00000000000000	1
154	0	3	16	0.000000	0.000000	0.000000	0.000000	30.57819809000000	-96.35056243000000	200.00000000000000	1
155	0	3	16	0.000000	0.000000	0.000000	0.000000	30.57847843000000	-96.35098404999999	200.00000000000000	1
156	0	3	16	0.000000	0.000000	0.000000	0.000000	30.57828292178571	-96.35079368928571	200.00000000000000	1
157	0	3	16	0.000000	0.000000	0.000000	0.000000	30.57804123321429	-96.35045566642857	200.00000000000000	1
158	0	3	16	0.000000	0.000000	0.000000	0.000000	30.57820456178571	-96.35058111785715	200.00000000000000	1
159	0	3	16	0.000000	0.000000	0.000000	0.000000	30.57844485321429	-96.35094250642857	200.00000000000000	1
160	0	3	16	0.000000	0.000000	0.000000	0.000000	30.57827633357143	-96.35077694857142	200.00000000000000	1
161	0	3	16	0.000000	0.000000	0.000000	0.000000	30.57807492642857	-96.35049526285715	200.00000000000000	1
162	0	3	16	0.000000	0.000000	0.000000	0.000000	30.57821103357143	-96.35059980571430	200.00000000000000	1
163	0	3	16	0.000000	0.000000	0.000000	0.000000	30.57841127642857	-96.35090096285714	200.00000000000000	1
164	0	3	16	0.000000	0.000000	0.000000	0.000000	30.57826974535714	-96.35076020785714	200.00000000000000	1
165	0	3	16	0.000000	0.000000	0.000000	0.000000	30.57810861964285	-96.35053485928573	200.00000000000000	1
166	0	3	16	0.000000	0.000000	0.000000	0.000000	30.57821750535714	-96.35061849357145	200.00000000000000	1
167	0	3	16	0.000000	0.000000	0.000000	0.000000	30.57837769964286	-96.35085941928571	200.00000000000000	1
168	0	3	16	0.000000	0.000000	0.000000	0.000000	30.57826315714285	-96.35074346714285	200.00000000000000	1
169	0	3	16	0.000000	0.000000	0.000000	0.000000	30.57814231285714	-96.35057445571431	200.00000000000000	1
170	0	3	16	0.000000	0.000000	0.000000	0.000000	30.57822397714286	-96.35063718142860	200.00000000000000	1
171	0	3	16	0.000000	0.000000	0.000000	0.000000	30.57834412285714	-96.35081787571428	200.00000000000000	1
172	0	3	16	0.000000	0.000000	0.000000	0.000000	30.57825656892857	-96.35072672642856	200.00000000000000	1
173	0	3	16	0.000000	0.000000	0.000000	0.000000	30.57817600607142	-96.35061405214289	200.00000000000000	1
174	0	3	16	0.000000	0.000000	0.000000	0.000000	30.57823044892857	-96.35065586928575	200.00000000000000	1
175	0	3	16	0.000000	0.000000	0.000000	0.000000	30.57831054607143	-96.35077633214286	200.00000000000000	1
176	0	3	16	0.000000	0.000000	0.000000	0.000000	30.57824998071428	-96.35070998571427	200.00000000000000	1
177	0	3	16	0.000000	0.000000	0.000000	0.000000	30.57820969928571	-96.35065364857147	200.00000000000000	1
178	0	3	16	0.000000	0.000000	0.000000	0.000000	30.57823692071428	-96.35067455714290	200.00000000000000	1
179	0	3	16	0.000000	0.000000	0.000000	0.000000	30.57827696928571	-96.35073478857143	200.00000000000000	1
180	0	3	16	0.000000	0.000000	0.000000	0.000000	30.57824339249999	-96.35069324499999	200.00000000000000	1
