QGC WPL 110
0	0	0	16	0.000000	0.000000	0.000000	0.000000	30.57803685000000	-96.35196648000000	200.00000000000000	1
1	0	3	16	0.000000	0.000000	0.000000	0.000000	30.57836492000000	-96.35194618000000	200.00000000000000	1
2	0	3	16	0.000000	0.000000	0.000000	0.000000	30.57705059000000	-96.35206032000001	200.00000000000000	1
3	0	3	16	0.000000	0.000000	0.000000	0.000000	30.57800550761905	-96.35196998190476	200.00000000000000	1
4	0	3	16	0.000000	0.000000	0.000000	0.000000	30.57828671047619	-96.35195258190477	200.00000000000000	1
5	0	3	16	0.000000	0.000000	0.000000	0.000000	30.57716014190476	-96.35205041619048	200.00000000000000	1
6	0	3	16	0.000000	0.000000	0.000000	0.000000	30.57797416523809	-96.35197348380952	200.00000000000000	1
7	0	3	16	0.000000	0.000000	0.000000	0.000000	30.57820850095238	-96.35195898380954	200.00000000000000	1
8	0	3	16	0.000000	0.000000	0.000000	0.000000	30.57726969380953	-96.35204051238095	200.00000000000000	1
9	0	3	16	0.000000	0.000000	0.000000	0.000000	30.57794282285714	-96.35197698571427	200.00000000000000	1
10	0	3	16	0.000000	0.000000	0.000000	0.000000	30.57813029142857	-96.35196538571431	200.00000000000000	1
11	0	3	16	0.000000	0.000000	0.000000	0.000000	30.57737924571429	-96.35203060857143	200.00000000000000	1
12	0	3	16	0.000000	0.000000	0.000000	0.000000	30.57791148047619	-96.35198048761903	200.00000000000000	1
13	0	3	16	0.000000	0.000000	0.000000	0.000000	30.57805208190476	-96.35197178761908	200.00000000000000	1
14	0	3	16	0.000000	0.000000	0.000000	0.000000	30.57748879761905	-96.35202070476190	200.00000000000000	1
15	0	3	16	0.000000	0.000000	0.000000	0.000000	30.57788013809523	-96.35198398952379	200.00000000000000	1
16	0	3	16	0.000000	0.000000	0.000000	0.000000	30.57797387238095	-96.35197818952385	200.00000000000000	1
17	0	3	16	0.000000	0.000000	0.000000	0.000000	30.57759834952382	-96.35201080095237	200.00000000000000	1
18	0	3	16	0.000000	0.000000	0.000000	0.000000	30.57784879571428	-96.35198749142855	200.00000000000000	1
19	0	3	16	0.000000	0.000000	0.000000	0.000000	30.57789566285714	-96.35198459142862	200.00000000000000	1
20	0	3	16	0.000000	0.000000	0.000000	0.000000	30.57770790142858	-96.35200089714284	200.00000000000000	1
21	0	3	16	0.000000	0.000000	0.000000	0.000000	30.57781745333332	-96.35199099333330	200.00000000000000	1
22	0	3	16	0.000000	0.000000	0.000000	0.000000	30.57705059000000	-96.35206032000001	200.00000000000000	1
23	0	3	16	0.000000	0.000000	0.000000	0.000000	30.57683342000000	-96.35155421000000	200.00000000000000	1
24	0	3	16	0.000000	0.000000	0.000000	0.000000	30.57655163000000	-96.35080816000000	200.00000000000000	1
25	0	3	16	0.000000	0.000000	0.000000	0.000000	30.57715715000000	-96.35079313000000	200.00000000000000	1
26	0	3	16	0.000000	0.000000	0.000000	0.000000	30.57763157000000	-96.35079549000000	200.00000000000000	1
27	0	3	16	0.000000	0.000000	0.000000	0.000000	30.57760069000000	-96.35170216000000	200.00000000000000	1
28	0	3	16	0.000000	0.000000	0.000000	0.000000	30.57706300690476	-96.35194964261905	200.00000000000000	1
29	0	3	16	0.000000	0.000000	0.000000	0.000000	30.57687686119048	-96.35151583404762	200.00000000000000	1
30	0	3	16	0.000000	0.000000	0.000000	0.000000	30.57663532690476	-96.35087636261905	200.00000000000000	1
31	0	3	16	0.000000	0.000000	0.000000	0.000000	30.57715434404762	-96.35086347976190	200.00000000000000	1
32	0	3	16	0.000000	0.000000	0.000000	0.000000	30.57756098976191	-96.35086550261904	200.00000000000000	1
33	0	3	16	0.000000	0.000000	0.000000	0.000000	30.57753452119048	-96.35164264833334	200.00000000000000	1
34	0	3	16	0.000000	0.000000	0.000000	0.000000	30.57707542380953	-96.35183896523809	200.00000000000000	1
35	0	3	16	0.000000	0.000000	0.000000	0.000000	30.57692030238096	-96.35147745809523	200.00000000000000	1
36	0	3	16	0.000000	0.000000	0.000000	0.000000	30.57671902380953	-96.35094456523809	200.00000000000000	1
37	0	3	16	0.000000	0.000000	0.000000	0.000000	30.57715153809524	-96.35093382952380	200.00000000000000	1
38	0	3	16	0.000000	0.000000	0.000000	0.000000	30.57749040952381	-96.35093551523809	200.00000000000000	1
39	0	3	16	0.000000	0.000000	0.000000	0.000000	30.57746835238095	-96.35158313666668	200.00000000000000	1
40	0	3	16	0.000000	0.000000	0.000000	0.000000	30.57708784071429	-96.35172828785713	200.00000000000000	1
41	0	3	16	0.000000	0.000000	0.000000	0.000000	30.57696374357143	-96.35143908214285	200.00000000000000	1
42	0	3	16	0.000000	0.000000	0.000000	0.000000	30.57680272071429	-96.35101276785714	200.00000000000000	1
43	0	3	16	0.000000	0.000000	0.000000	0.000000	30.57714873214286	-96.35100417928570	200.00000000000000	1
44	0	3	16	0.000000	0.000000	0.000000	0.000000	30.57741982928572	-96.35100552785714	200.00000000000000	1
45	0	3	16	0.000000	0.000000	0.000000	0.000000	30.57740218357143	-96.35152362500001	200.00000000000000	1
46	0	3	16	0.000000	0.000000	0.000000	0.000000	30.57710025761905	-96.35161761047617	200.00000000000000	1
47	0	3	16	0.000000	0.000000	0.000000	0.000000	30.57700718476191	-96.35140070619046	200.00000000000000	1
48	0	3	16	0.000000	0.000000	0.000000	0.000000	30.57688641761905	-96.35108097047619	200.00000000000000	1
49	0	3	16	0.000000	0.000000	0.000000	0.000000	30.57714592619048	-96.35107452904759	200.00000000000000	1
50	0	3	16	0.000000	0.000000	0.000000	0.000000	30.57734924904762	-96.35107554047619	200.00000000000000	1
51	0	3	16	0.000000	0.000000	0.000000	0.000000	30.57733601476190	-96.35146411333335	200.00000000000000	1
52	0	3	16	0.000000	0.000000	0.000000	0.000000	30.57711267452381	-96.35150693309521	200.00000000000000	1
53	0	3	16	0.000000	0.000000	0.000000	0.000000	30.57705062595239	-96.35136233023808	200.00000000000000	1
54	0	3	16	0.000000	0.000000	0.000000	0.000000	30.57697011452382	-96.35114917309524	200.00000000000000	1
55	0	3	16	0.000000	0.000000	0.000000	0.000000	30.57714312023810	-96.35114487880949	200.00000000000000	1
56	0	3	16	0.000000	0.000000	0.000000	0.000000	30.57727866880953	-96.35114555309524	200.00000000000000	1
57	0	3	16	0.000000	0.000000	0.000000	0.000000	30.57726984595238	-96.35140460166669	200.00000000000000	1
58	0	3	16	0.000000	0.000000	0.000000	0.000000	30.57712509142858	-96.35139625571425	200.00000000000000	1
59	0	3	16	0.000000	0.000000	0.000000	0.000000	30.57709406714287	-96.35132395428569	200.00000000000000	1
60	0	3	16	0.000000	0.000000	0.000000	0.000000	30.57705381142858	-96.35121737571428	200.00000000000000	1
61	0	3	16	0.000000	0.000000	0.000000	0.000000	30.57714031428572	-96.35121522857139	200.00000000000000	1
62	0	3	16	0.000000	0.000000	0.000000	0.000000	30.57720808857143	-96.35121556571428	200.00000000000000	1
63	0	3	16	0.000000	0.000000	0.000000	0.000000	30.57720367714285	-96.35134509000002	200.00000000000000	1
64	0	3	16	0.000000	0.000000	0.000000	0.000000	30.57713750833334	-96.35128557833329	200.00000000000000	1
65	0	3	16	0.000000	0.000000	0.000000	0.000000	30.57760069000000	-96.35170216000000	200.00000000000000	1
66	0	3	16	0.000000	0.000000	0.000000	0.000000	30.57781355000000	-96.35184051000000	200.00000000000000	1
67	0	3	16	0.000000	0.000000	0.000000	0.000000	30.57705059000000	-96.35206032000001	200.00000000000000	1
68	0	3	16	0.000000	0.000000	0.000000	0.000000	30.57758463095238	-96.35172580333334	200.00000000000000	1
69	0	3	16	0.000000	0.000000	0.000000	0.000000	30.57776708238095	-96.35184438904763	200.00000000000000	1
70	0	3	16	0.000000	0.000000	0.000000	0.000000	30.57711311666667	-96.35203279761906	200.00000000000000	1
71	0	3	16	0.000000	0.000000	0.000000	0.000000	30.57756857190476	-96.35174944666667	200.00000000000000	1
72	0	3	16	0.000000	0.000000	0.000000	0.000000	30.57772061476190	-96.35184826809525	200.00000000000000	1
73	0	3	16	0.000000	0.000000	0.000000	0.000000	30.57717564333333	-96.35200527523811	200.00000000000000	1
74	0	3	16	0.000000	0.000000	0.000000	0.000000	30.57755251285714	-96.35177309000001	200.00000000000000	1
75	0	3	16	0.000000	0.000000	0.000000	0.000000	30.57767414714286	-96.35185214714288	200.00000000000000	1
76	0	3	16	0.000000	0.000000	0.000000	0.000000	30.57723817000000	-96.35197775285717	200.00000000000000	1
77	0	3	16	0.000000	0.000000	0.000000	0.000000	30.57753645380952	-96.35179673333334	200.00000000000000	1
78	0	3	16	0.000000	0.000000	0.000000	0.000000	30.57762767952381	-96.35185602619050	200.00000000000000	1
79	0	3	16	0.000000	0.000000	0.000000	0.000000	30.57730069666667	-96.35195023047622	200.00000000000000	1
80	0	3	16	0.000000	0.000000	0.000000	0.000000	30.57752039476190	-96.35182037666668	200.00000000000000	1
81	0	3	16	0.000000	0.000000	0.000000	0.000000	30.57758121190476	-96.35185990523813	200.00000000000000	1
82	0	3	16	0.000000	0.000000	0.000000	0.000000	30.57736322333334	-96.35192270809527	200.00000000000000	1
83	0	3	16	0.000000	0.000000	0.000000	0.000000	30.57750433571428	-96.35184402000002	200.00000000000000	1
84	0	3	16	0.000000	0.000000	0.000000	0.000000	30.57753474428572	-96.35186378428575	200.00000000000000	1
85	0	3	16	0.000000	0.000000	0.000000	0.000000	30.57742575000000	-96.35189518571433	200.00000000000000	1
86	0	3	16	0.000000	0.000000	0.000000	0.000000	30.57748827666666	-96.35186766333335	200.00000000000000	1
87	0	3	16	0.000000	0.000000	0.000000	0.000000	30.57781355000000	-96.35184051000000	200.00000000000000	1
88	0	3	16	0.000000	0.000000	0.000000	0.000000	30.57803685000000	-96.35196648000000	200.00000000000000	1
89	0	3	16	0.000000	0.000000	0.000000	0.000000	30.57705059000000	-96.35206032000001	200.00000000000000	1
90	0	3	16	0.000000	0.000000	0.000000	0.000000	30.57778785190476	-96.35185697571428	200.00000000000000	1
91	0	3	16	0.000000	0.000000	0.000000	0.000000	30.57797925190476	-96.35196495000000	200.00000000000000	1
92	0	3	16	0.000000	0.000000	0.000000	0.000000	30.57713388619047	-96.35204538428572	200.00000000000000	1
93	0	3	16	0.000000	0.000000	0.000000	0.000000	30.57776215380952	-96.35187344142857	200.00000000000000	1
94	0	3	16	0.000000	0.000000	0.000000	0.000000	30.57792165380952	-96.35196341999999	200.00000000000000	1
95	0	3	16	0.000000	0.000000	0.000000	0.000000	30.57721718238095	-96.35203044857143	200.00000000000000	1
96	0	3	16	0.000000	0.000000	0.000000	0.000000	30.57773645571428	-96.35188990714285	200.00000000000000	1
97	0	3	16	0.000000	0.000000	0.000000	0.000000	30.57786405571428	-96.35196188999998	200.00000000000000	1
98	0	3	16	0.000000	0.000000	0.000000	0.000000	30.57730047857142	-96.35201551285714	200.00000000000000	1
99	0	3	16	0.000000	0.000000	0.000000	0.000000	30.57771075761904	-96.35190637285713	200.00000000000000	1
100	0	3	16	0.000000	0.000000	0.000000	0.000000	30.57780645761904	-96.35196035999998	200.00000000000000	1
101	0	3	16	0.000000	0.000000	0.000000	0.000000	30.57738377476190	-96.35200057714285	200.00000000000000	1
102	0	3	16	0.000000	0.000000	0.000000	0.000000	30.57768505952380	-96.35192283857141	200.00000000000000	1
103	0	3	16	0.000000	0.000000	0.000000	0.000000	30.57774885952380	-96.35195882999997	200.00000000000000	1
104	0	3	16	0.000000	0.000000	0.000000	0.000000	30.57746707095237	-96.35198564142856	200.00000000000000	1
105	0	3	16	0.000000	0.000000	0.000000	0.000000	30.57765936142856	-96.35193930428569	200.00000000000000	1
106	0	3	16	0.000000	0.000000	0.000000	0.000000	30.57769126142857	-96.35195729999997	200.00000000000000	1
107	0	3	16	0.000000	0.000000	0.000000	0.000000	30.57755036714285	-96.35197070571427	200.00000000000000	1
108	0	3	16	0.000000	0.000000	0.000000	0.000000	30.57763366333332	-96.35195576999998	200.00000000000000	1
109	0	3	16	0.000000	0.000000	0.000000	0.000000	30.57781355000000	-96.35184051000000	200.00000000000000	1
110	0	3	16	0.000000	0.000000	0.000000	0.000000	30.57805443000000	-96.35130608000000	200.00000000000000	1
111	0	3	16	0.000000	0.000000	0.000000	0.000000	30.57842864000000	-96.35102347000000	200.00000000000000	1
112	0	3	16	0.000000	0.000000	0.000000	0.000000	30.57826458000000	-96.35170522999999	200.00000000000000	1
113	0	3	16	0.000000	0.000000	0.000000	0.000000	30.57803685000000	-96.35196648000000	200.00000000000000	1
114	0	3	16	0.000000	0.000000	0.000000	0.000000	30.57785727285714	-96.35180163057143	200.00000000000000	1
115	0	3	16	0.000000	0.000000	0.000000	0.000000	30.57806374142857	-96.35134354771429	200.00000000000000	1
116	0	3	16	0.000000	0.000000	0.000000	0.000000	30.57838449285714	-96.35110131057144	200.00000000000000	1
117	0	3	16	0.000000	0.000000	0.000000	0.000000	30.57824387000000	-96.35168567628571	200.00000000000000	1
118	0	3	16	0.000000	0.000000	0.000000	0.000000	30.57804867285714	-96.35190960485714	200.00000000000000	1
119	0	3	16	0.000000	0.000000	0.000000	0.000000	30.57790099571428	-96.35176275114286	200.00000000000000	1
120	0	3	16	0.000000	0.000000	0.000000	0.000000	30.57807305285714	-96.35138101542859	200.00000000000000	1
121	0	3	16	0.000000	0.000000	0.000000	0.000000	30.57834034571428	-96.35117915114287	200.00000000000000	1
122	0	3	16	0.000000	0.000000	0.000000	0.000000	30.57822316000000	-96.35166612257143	200.00000000000000	1
123	0	3	16	0.000000	0.000000	0.000000	0.000000	30.57806049571429	-96.35185272971428	200.00000000000000	1
124	0	3	16	0.000000	0.000000	0.000000	0.000000	30.57794471857143	-96.35172387171428	200.00000000000000	1
125	0	3	16	0.000000	0.000000	0.000000	0.000000	30.57808236428571	-96.35141848314288	200.00000000000000	1
126	0	3	16	0.000000	0.000000	0.000000	0.000000	30.57829619857142	-96.35125699171431	200.00000000000000	1
127	0	3	16	0.000000	0.000000	0.000000	0.000000	30.57820245000000	-96.35164656885715	200.00000000000000	1
128	0	3	16	0.000000	0.000000	0.000000	0.000000	30.57807231857143	-96.35179585457142	200.00000000000000	1
129	0	3	16	0.000000	0.000000	0.000000	0.000000	30.57798844142857	-96.35168499228571	200.00000000000000	1
130	0	3	16	0.000000	0.000000	0.000000	0.000000	30.57809167571428	-96.35145595085717	200.00000000000000	1
131	0	3	16	0.000000	0.000000	0.000000	0.000000	30.57825205142856	-96.35133483228574	200.00000000000000	1
132	0	3	16	0.000000	0.000000	0.000000	0.000000	30.57818173999999	-96.35162701514287	200.00000000000000	1
133	0	3	16	0.000000	0.000000	0.000000	0.000000	30.57808414142857	-96.35173897942856	200.00000000000000	1
134	0	3	16	0.000000	0.000000	0.000000	0.000000	30.57803216428571	-96.35164611285714	200.00000000000000	1
135	0	3	16	0.000000	0.000000	0.000000	0.000000	30.57810098714285	-96.35149341857147	200.00000000000000	1
136	0	3	16	0.000000	0.000000	0.000000	0.000000	30.57820790428570	-96.35141267285718	200.00000000000000	1
137	0	3	16	0.000000	0.000000	0.000000	0.000000	30.57816102999999	-96.35160746142859	200.00000000000000	1
138	0	3	16	0.000000	0.000000	0.000000	0.000000	30.57809596428572	-96.35168210428570	200.00000000000000	1
139	0	3	16	0.000000	0.000000	0.000000	0.000000	30.57807588714286	-96.35160723342857	200.00000000000000	1
140	0	3	16	0.000000	0.000000	0.000000	0.000000	30.57811029857142	-96.35153088628576	200.00000000000000	1
141	0	3	16	0.000000	0.000000	0.000000	0.000000	30.57816375714285	-96.35149051342862	200.00000000000000	1
142	0	3	16	0.000000	0.000000	0.000000	0.000000	30.57814031999999	-96.35158790771430	200.00000000000000	1
143	0	3	16	0.000000	0.000000	0.000000	0.000000	30.57810778714286	-96.35162522914284	200.00000000000000	1
144	0	3	16	0.000000	0.000000	0.000000	0.000000	30.57811961000000	-96.35156835399999	200.00000000000000	1
145	0	3	16	0.000000	0.000000	0.000000	0.000000	30.57805443000000	-96.35130608000000	200.00000000000000	1
146	0	3	16	0.000000	0.000000	0.000000	0.000000	30.57757146000000	-96.35043116999999	200.00000000000000	1
147	0	3	16	0.000000	0.000000	0.000000	0.000000	30.57842864000000	-96.35102347000000	200.00000000000000	1
148	0	3	16	0.000000	0.000000	0.000000	0.000000	30.57804925095238	-96.35125096000000	200.00000000000000	1
149	0	3	16	0.000000	0.000000	0.000000	0.000000	30.57763527666667	-96.35050103714285	200.00000000000000	1
150	0	3	16	0.000000	0.000000	0.000000	0.000000	30.57837000238095	-96.35100872285715	200.00000000000000	1
151	0	3	16	0.000000	0.000000	0.000000	0.000000	30.57804407190476	-96.35119584000000	200.00000000000000	1
152	0	3	16	0.000000	0.000000	0.000000	0.000000	30.57769909333334	-96.35057090428570	200.00000000000000	1
153	0	3	16	0.000000	0.000000	0.000000	0.000000	30.57831136476190	-96.35099397571429	200.00000000000000	1
154	0	3	16	0.000000	0.000000	0.000000	0.000000	30.57803889285714	-96.35114072000000	200.00000000000000	1
155	0	3	16	0.000000	0.000000	0.000000	0.000000	30.57776291000000	-96.35064077142856	200.00000000000000	1
156	0	3	16	0.000000	0.000000	0.000000	0.000000	30.57825272714285	-96.35097922857143	200.00000000000000	1
157	0	3	16	0.000000	0.000000	0.000000	0.000000	30.57803371380952	-96.35108560000000	200.00000000000000	1
158	0	3	16	0.000000	0.000000	0.000000	0.000000	30.57782672666667	-96.35071063857141	200.00000000000000	1
159	0	3	16	0.000000	0.000000	0.000000	0.000000	30.57819408952381	-96.35096448142858	200.00000000000000	1
160	0	3	16	0.000000	0.000000	0.000000	0.000000	30.57802853476191	-96.35103048000001	200.00000000000000	1
161	0	3	16	0.000000	0.000000	0.000000	0.000000	30.57789054333334	-96.35078050571427	200.00000000000000	1
162	0	3	16	0.000000	0.000000	0.000000	0.000000	30.57813545190476	-96.35094973428572	200.00000000000000	1
163	0	3	16	0.000000	0.000000	0.000000	0.000000	30.57802335571429	-96.35097536000001	200.00000000000000	1
164	0	3	16	0.000000	0.000000	0.000000	0.000000	30.57795436000001	-96.35085037285712	200.00000000000000	1
165	0	3	16	0.000000	0.000000	0.000000	0.000000	30.57807681428571	-96.35093498714286	200.00000000000000	1
166	0	3	16	0.000000	0.000000	0.000000	0.000000	30.57801817666667	-96.35092024000001	200.00000000000000	1
167	0	3	16	0.000000	0.000000	0.000000	0.000000	30.57842864000000	-96.35102347000000	200.00000000000000	1
168	0	3	16	0.000000	0.000000	0.000000	0.000000	30.57757146000000	-96.35043116999999	200.00000000000000	1
169	0	3	16	0.000000	0.000000	0.000000	0.000000	30.57721588000000	-96.35015169000000	200.00000000000000	1
170	0	3	16	0.000000	0.000000	0.000000	0.000000	30.57784115000000	-96.35032270000001	200.00000000000000	1
171	0	3	16	0.000000	0.000000	0.000000	0.000000	30.57833373178571	-96.35094615392858	200.00000000000000	1
172	0	3	16	0.000000	0.000000	0.000000	0.000000	30.57759900607143	-96.35043846821428	200.00000000000000	1
173	0	3	16	0.000000	0.000000	0.000000	0.000000	30.57729422321428	-96.35019891392858	200.00000000000000	1
174	0	3	16	0.000000	0.000000	0.000000	0.000000	30.57783016892857	-96.35034549392857	200.00000000000000	1
175	0	3	16	0.000000	0.000000	0.000000	0.000000	30.57823882357143	-96.35086883785715	200.00000000000000	1
176	0	3	16	0.000000	0.000000	0.000000	0.000000	30.57762655214286	-96.35044576642856	200.00000000000000	1
177	0	3	16	0.000000	0.000000	0.000000	0.000000	30.57737256642857	-96.35024613785716	200.00000000000000	1
178	0	3	16	0.000000	0.000000	0.000000	0.000000	30.57781918785714	-96.35036828785714	200.00000000000000	1
179	0	3	16	0.000000	0.000000	0.000000	0.000000	30.57814391535714	-96.35079152178572	200.00000000000000	1
180	0	3	16	0.000000	0.000000	0.000000	0.000000	30.57765409821429	-96.35045306464285	200.00000000000000	1
181	0	3	16	0.000000	0.000000	0.000000	0.000000	30.57745090964285	-96.35029336178573	200.00000000000000	1
182	0	3	16	0.000000	0.000000	0.000000	0.000000	30.57780820678571	-96.35039108178570	200.00000000000000	1
183	0	3	16	0.000000	0.000000	0.000000	0.000000	30.57804900714285	-96.35071420571430	200.00000000000000	1
184	0	3	16	0.000000	0.000000	0.000000	0.000000	30.57768164428572	-96.35046036285713	200.00000000000000	1
185	0	3	16	0.000000	0.000000	0.000000	0.000000	30.57752925285714	-96.35034058571431	200.00000000000000	1
186	0	3	16	0.000000	0.000000	0.000000	0.000000	30.57779722571428	-96.35041387571427	200.00000000000000	1
187	0	3	16	0.000000	0.000000	0.000000	0.000000	30.57795409892856	-96.35063688964287	200.00000000000000	1
188	0	3	16	0.000000	0.000000	0.000000	0.000000	30.57770919035715	-96.35046766107142	200.00000000000000	1
189	0	3	16	0.000000	0.000000	0.000000	0.000000	30.57760759607142	-96.35038780964288	200.00000000000000	1
190	0	3	16	0.000000	0.000000	0.000000	0.000000	30.57778624464285	-96.35043666964283	200.00000000000000	1
191	0	3	16	0.000000	0.000000	0.000000	0.000000	30.57785919071428	-96.35055957357145	200.00000000000000	1
192	0	3	16	0.000000	0.000000	0.000000	0.000000	30.57773673642858	-96.35047495928571	200.00000000000000	1
193	0	3	16	0.000000	0.000000	0.000000	0.000000	30.57768593928570	-96.35043503357146	200.00000000000000	1
194	0	3	16	0.000000	0.000000	0.000000	0.000000	30.57777526357142	-96.35045946357140	200.00000000000000	1
195	0	3	16	0.000000	0.000000	0.000000	0.000000	30.57776428249999	-96.35048225750002	200.00000000000000	1
