QGC WPL 110
0	0	0	16	0.000000	0.000000	0.000000	0.000000	30.57714404000000	-96.35141646000000	200.00000000000000	1
1	0	3	16	0.000000	0.000000	0.000000	0.000000	30.57699402000000	-96.35205159000000	200.00000000000000	1
2	0	3	16	0.000000	0.000000	0.000000	0.000000	30.57703179000000	-96.35166205000000	200.00000000000000	1
3	0	3	16	0.000000	0.000000	0.000000	0.000000	30.57713155095238	-96.35145839904762	200.00000000000000	1
4	0	3	16	0.000000	0.000000	0.000000	0.000000	30.57700296238095	-96.35200279619048	200.00000000000000	1
5	0	3	16	0.000000	0.000000	0.000000	0.000000	30.57703533666666	-96.35166890476191	200.00000000000000	1
6	0	3	16	0.000000	0.000000	0.000000	0.000000	30.57711906190476	-96.35150033809524	200.00000000000000	1
7	0	3	16	0.000000	0.000000	0.000000	0.000000	30.57701190476190	-96.35195400238095	200.00000000000000	1
8	0	3	16	0.000000	0.000000	0.000000	0.000000	30.57703888333333	-96.35167575952381	200.00000000000000	1
9	0	3	16	0.000000	0.000000	0.000000	0.000000	30.57710657285714	-96.35154227714285	200.00000000000000	1
10	0	3	16	0.000000	0.000000	0.000000	0.000000	30.57702084714285	-96.35190520857142	200.00000000000000	1
11	0	3	16	0.000000	0.000000	0.000000	0.000000	30.57704243000000	-96.35168261428572	200.00000000000000	1
12	0	3	16	0.000000	0.000000	0.000000	0.000000	30.57709408380952	-96.35158421619047	200.00000000000000	1
13	0	3	16	0.000000	0.000000	0.000000	0.000000	30.57702978952381	-96.35185641476190	200.00000000000000	1
14	0	3	16	0.000000	0.000000	0.000000	0.000000	30.57704597666666	-96.35168946904763	200.00000000000000	1
15	0	3	16	0.000000	0.000000	0.000000	0.000000	30.57708159476190	-96.35162615523809	200.00000000000000	1
16	0	3	16	0.000000	0.000000	0.000000	0.000000	30.57703873190476	-96.35180762095237	200.00000000000000	1
17	0	3	16	0.000000	0.000000	0.000000	0.000000	30.57704952333333	-96.35169632380953	200.00000000000000	1
18	0	3	16	0.000000	0.000000	0.000000	0.000000	30.57706910571428	-96.35166809428571	200.00000000000000	1
19	0	3	16	0.000000	0.000000	0.000000	0.000000	30.57704767428571	-96.35175882714285	200.00000000000000	1
20	0	3	16	0.000000	0.000000	0.000000	0.000000	30.57705306999999	-96.35170317857144	200.00000000000000	1
21	0	3	16	0.000000	0.000000	0.000000	0.000000	30.57705661666666	-96.35171003333333	200.00000000000000	1
22	0	3	16	0.000000	0.000000	0.000000	0.000000	30.57703179000000	-96.35166205000000	200.00000000000000	1
23	0	3	16	0.000000	0.000000	0.000000	0.000000	30.57697465000000	-96.35088020000001	200.00000000000000	1
24	0	3	16	0.000000	0.000000	0.000000	0.000000	30.57714404000000	-96.35141646000000	200.00000000000000	1
25	0	3	16	0.000000	0.000000	0.000000	0.000000	30.57703441428571	-96.35161312428572	200.00000000000000	1
26	0	3	16	0.000000	0.000000	0.000000	0.000000	30.57698543714286	-96.35094296714286	200.00000000000000	1
27	0	3	16	0.000000	0.000000	0.000000	0.000000	30.57713062857143	-96.35140261857143	200.00000000000000	1
28	0	3	16	0.000000	0.000000	0.000000	0.000000	30.57703703857143	-96.35156419857144	200.00000000000000	1
29	0	3	16	0.000000	0.000000	0.000000	0.000000	30.57699622428571	-96.35100573428571	200.00000000000000	1
30	0	3	16	0.000000	0.000000	0.000000	0.000000	30.57711721714286	-96.35138877714286	200.00000000000000	1
31	0	3	16	0.000000	0.000000	0.000000	0.000000	30.57703966285714	-96.35151527285716	200.00000000000000	1
32	0	3	16	0.000000	0.000000	0.000000	0.000000	30.57700701142857	-96.35106850142856	200.00000000000000	1
33	0	3	16	0.000000	0.000000	0.000000	0.000000	30.57710380571428	-96.35137493571429	200.00000000000000	1
34	0	3	16	0.000000	0.000000	0.000000	0.000000	30.57704228714285	-96.35146634714287	200.00000000000000	1
35	0	3	16	0.000000	0.000000	0.000000	0.000000	30.57701779857142	-96.35113126857141	200.00000000000000	1
36	0	3	16	0.000000	0.000000	0.000000	0.000000	30.57709039428571	-96.35136109428572	200.00000000000000	1
37	0	3	16	0.000000	0.000000	0.000000	0.000000	30.57704491142857	-96.35141742142859	200.00000000000000	1
38	0	3	16	0.000000	0.000000	0.000000	0.000000	30.57702858571428	-96.35119403571426	200.00000000000000	1
39	0	3	16	0.000000	0.000000	0.000000	0.000000	30.57707698285714	-96.35134725285715	200.00000000000000	1
40	0	3	16	0.000000	0.000000	0.000000	0.000000	30.57704753571428	-96.35136849571431	200.00000000000000	1
41	0	3	16	0.000000	0.000000	0.000000	0.000000	30.57703937285713	-96.35125680285711	200.00000000000000	1
42	0	3	16	0.000000	0.000000	0.000000	0.000000	30.57706357142857	-96.35133341142858	200.00000000000000	1
43	0	3	16	0.000000	0.000000	0.000000	0.000000	30.57705015999999	-96.35131957000003	200.00000000000000	1
44	0	3	16	0.000000	0.000000	0.000000	0.000000	30.57714404000000	-96.35141646000000	200.00000000000000	1
45	0	3	16	0.000000	0.000000	0.000000	0.000000	30.57697465000000	-96.35088020000001	200.00000000000000	1
46	0	3	16	0.000000	0.000000	0.000000	0.000000	30.57688336000000	-96.35040431000000	200.00000000000000	1
47	0	3	16	0.000000	0.000000	0.000000	0.000000	30.57715328000000	-96.35050029000000	200.00000000000000	1
48	0	3	16	0.000000	0.000000	0.000000	0.000000	30.57716806000000	-96.35080114000000	200.00000000000000	1
49	0	3	16	0.000000	0.000000	0.000000	0.000000	30.57713270257143	-96.35132846285714	200.00000000000000	1
50	0	3	16	0.000000	0.000000	0.000000	0.000000	30.57698751114286	-96.35086881142858	200.00000000000000	1
51	0	3	16	0.000000	0.000000	0.000000	0.000000	30.57690926257143	-96.35046090571429	200.00000000000000	1
52	0	3	16	0.000000	0.000000	0.000000	0.000000	30.57714062257143	-96.35054317428572	200.00000000000000	1
53	0	3	16	0.000000	0.000000	0.000000	0.000000	30.57715329114286	-96.35080104571429	200.00000000000000	1
54	0	3	16	0.000000	0.000000	0.000000	0.000000	30.57712136514286	-96.35124046571428	200.00000000000000	1
55	0	3	16	0.000000	0.000000	0.000000	0.000000	30.57700037228571	-96.35085742285716	200.00000000000000	1
56	0	3	16	0.000000	0.000000	0.000000	0.000000	30.57693516514286	-96.35051750142857	200.00000000000000	1
57	0	3	16	0.000000	0.000000	0.000000	0.000000	30.57712796514286	-96.35058605857144	200.00000000000000	1
58	0	3	16	0.000000	0.000000	0.000000	0.000000	30.57713852228572	-96.35080095142858	200.00000000000000	1
59	0	3	16	0.000000	0.000000	0.000000	0.000000	30.57711002771429	-96.35115246857143	200.00000000000000	1
60	0	3	16	0.000000	0.000000	0.000000	0.000000	30.57701323342857	-96.35084603428574	200.00000000000000	1
61	0	3	16	0.000000	0.000000	0.000000	0.000000	30.57696106771429	-96.35057409714285	200.00000000000000	1
62	0	3	16	0.000000	0.000000	0.000000	0.000000	30.57711530771429	-96.35062894285716	200.00000000000000	1
63	0	3	16	0.000000	0.000000	0.000000	0.000000	30.57712375342858	-96.35080085714287	200.00000000000000	1
64	0	3	16	0.000000	0.000000	0.000000	0.000000	30.57709869028572	-96.35106447142857	200.00000000000000	1
65	0	3	16	0.000000	0.000000	0.000000	0.000000	30.57702609457143	-96.35083464571431	200.00000000000000	1
66	0	3	16	0.000000	0.000000	0.000000	0.000000	30.57698697028572	-96.35063069285714	200.00000000000000	1
67	0	3	16	0.000000	0.000000	0.000000	0.000000	30.57710265028572	-96.35067182714288	200.00000000000000	1
68	0	3	16	0.000000	0.000000	0.000000	0.000000	30.57710898457144	-96.35080076285716	200.00000000000000	1
69	0	3	16	0.000000	0.000000	0.000000	0.000000	30.57708735285714	-96.35097647428572	200.00000000000000	1
70	0	3	16	0.000000	0.000000	0.000000	0.000000	30.57703895571428	-96.35082325714289	200.00000000000000	1
71	0	3	16	0.000000	0.000000	0.000000	0.000000	30.57701287285715	-96.35068728857142	200.00000000000000	1
72	0	3	16	0.000000	0.000000	0.000000	0.000000	30.57708999285715	-96.35071471142859	200.00000000000000	1
73	0	3	16	0.000000	0.000000	0.000000	0.000000	30.57709421571429	-96.35080066857145	200.00000000000000	1
74	0	3	16	0.000000	0.000000	0.000000	0.000000	30.57707601542857	-96.35088847714286	200.00000000000000	1
75	0	3	16	0.000000	0.000000	0.000000	0.000000	30.57705181685714	-96.35081186857147	200.00000000000000	1
76	0	3	16	0.000000	0.000000	0.000000	0.000000	30.57703877542858	-96.35074388428571	200.00000000000000	1
77	0	3	16	0.000000	0.000000	0.000000	0.000000	30.57707733542858	-96.35075759571431	200.00000000000000	1
78	0	3	16	0.000000	0.000000	0.000000	0.000000	30.57707944685715	-96.35080057428574	200.00000000000000	1
79	0	3	16	0.000000	0.000000	0.000000	0.000000	30.57706467800000	-96.35080048000000	200.00000000000000	1
80	0	3	16	0.000000	0.000000	0.000000	0.000000	30.57716806000000	-96.35080114000000	200.00000000000000	1
81	0	3	16	0.000000	0.000000	0.000000	0.000000	30.57715328000000	-96.35050029000000	200.00000000000000	1
82	0	3	16	0.000000	0.000000	0.000000	0.000000	30.57740163000000	-96.35099506000000	200.00000000000000	1
83	0	3	16	0.000000	0.000000	0.000000	0.000000	30.57736120000000	-96.35152857000000	200.00000000000000	1
84	0	3	16	0.000000	0.000000	0.000000	0.000000	30.57718277178571	-96.35082330071428	200.00000000000000	1
85	0	3	16	0.000000	0.000000	0.000000	0.000000	30.57717010321429	-96.35056542928571	200.00000000000000	1
86	0	3	16	0.000000	0.000000	0.000000	0.000000	30.57738297464286	-96.35098951785714	200.00000000000000	1
87	0	3	16	0.000000	0.000000	0.000000	0.000000	30.57734832035714	-96.35144681214285	200.00000000000000	1
88	0	3	16	0.000000	0.000000	0.000000	0.000000	30.57719748357143	-96.35084546142856	200.00000000000000	1
89	0	3	16	0.000000	0.000000	0.000000	0.000000	30.57718692642857	-96.35063056857142	200.00000000000000	1
90	0	3	16	0.000000	0.000000	0.000000	0.000000	30.57736431928572	-96.35098397571429	200.00000000000000	1
91	0	3	16	0.000000	0.000000	0.000000	0.000000	30.57733544071429	-96.35136505428571	200.00000000000000	1
92	0	3	16	0.000000	0.000000	0.000000	0.000000	30.57721219535714	-96.35086762214284	200.00000000000000	1
93	0	3	16	0.000000	0.000000	0.000000	0.000000	30.57720374964286	-96.35069570785713	200.00000000000000	1
94	0	3	16	0.000000	0.000000	0.000000	0.000000	30.57734566392858	-96.35097843357143	200.00000000000000	1
95	0	3	16	0.000000	0.000000	0.000000	0.000000	30.57732256107143	-96.35128329642856	200.00000000000000	1
96	0	3	16	0.000000	0.000000	0.000000	0.000000	30.57722690714285	-96.35088978285712	200.00000000000000	1
97	0	3	16	0.000000	0.000000	0.000000	0.000000	30.57722057285714	-96.35076084714284	200.00000000000000	1
98	0	3	16	0.000000	0.000000	0.000000	0.000000	30.57732700857143	-96.35097289142857	200.00000000000000	1
99	0	3	16	0.000000	0.000000	0.000000	0.000000	30.57730968142857	-96.35120153857142	200.00000000000000	1
100	0	3	16	0.000000	0.000000	0.000000	0.000000	30.57724161892857	-96.35091194357140	200.00000000000000	1
101	0	3	16	0.000000	0.000000	0.000000	0.000000	30.57723739607142	-96.35082598642855	200.00000000000000	1
102	0	3	16	0.000000	0.000000	0.000000	0.000000	30.57730835321429	-96.35096734928571	200.00000000000000	1
103	0	3	16	0.000000	0.000000	0.000000	0.000000	30.57729680178572	-96.35111978071427	200.00000000000000	1
104	0	3	16	0.000000	0.000000	0.000000	0.000000	30.57725633071428	-96.35093410428568	200.00000000000000	1
105	0	3	16	0.000000	0.000000	0.000000	0.000000	30.57725421928571	-96.35089112571426	200.00000000000000	1
106	0	3	16	0.000000	0.000000	0.000000	0.000000	30.57728969785715	-96.35096180714285	200.00000000000000	1
107	0	3	16	0.000000	0.000000	0.000000	0.000000	30.57728392214286	-96.35103802285713	200.00000000000000	1
108	0	3	16	0.000000	0.000000	0.000000	0.000000	30.57727104249999	-96.35095626499997	200.00000000000000	1
109	0	3	16	0.000000	0.000000	0.000000	0.000000	30.57740163000000	-96.35099506000000	200.00000000000000	1
110	0	3	16	0.000000	0.000000	0.000000	0.000000	30.57802131000000	-96.35030756000000	200.00000000000000	1
111	0	3	16	0.000000	0.000000	0.000000	0.000000	30.57782080000000	-96.35156340000000	200.00000000000000	1
112	0	3	16	0.000000	0.000000	0.000000	0.000000	30.57736120000000	-96.35152857000000	200.00000000000000	1
113	0	3	16	0.000000	0.000000	0.000000	0.000000	30.57743728785714	-96.35100985821428	200.00000000000000	1
114	0	3	16	0.000000	0.000000	0.000000	0.000000	30.57796844214286	-96.35042057250000	200.00000000000000	1
115	0	3	16	0.000000	0.000000	0.000000	0.000000	30.57779657642857	-96.35149700678572	200.00000000000000	1
116	0	3	16	0.000000	0.000000	0.000000	0.000000	30.57740263357143	-96.35146715250001	200.00000000000000	1
117	0	3	16	0.000000	0.000000	0.000000	0.000000	30.57747294571429	-96.35102465642856	200.00000000000000	1
118	0	3	16	0.000000	0.000000	0.000000	0.000000	30.57791557428571	-96.35053358499999	200.00000000000000	1
119	0	3	16	0.000000	0.000000	0.000000	0.000000	30.57777235285714	-96.35143061357144	200.00000000000000	1
120	0	3	16	0.000000	0.000000	0.000000	0.000000	30.57744406714286	-96.35140573500001	200.00000000000000	1
121	0	3	16	0.000000	0.000000	0.000000	0.000000	30.57750860357143	-96.35103945464284	200.00000000000000	1
122	0	3	16	0.000000	0.000000	0.000000	0.000000	30.57786270642857	-96.35064659749999	200.00000000000000	1
123	0	3	16	0.000000	0.000000	0.000000	0.000000	30.57774812928571	-96.35136422035715	200.00000000000000	1
124	0	3	16	0.000000	0.000000	0.000000	0.000000	30.57748550071429	-96.35134431750002	200.00000000000000	1
125	0	3	16	0.000000	0.000000	0.000000	0.000000	30.57754426142857	-96.35105425285712	200.00000000000000	1
126	0	3	16	0.000000	0.000000	0.000000	0.000000	30.57780983857143	-96.35075960999998	200.00000000000000	1
127	0	3	16	0.000000	0.000000	0.000000	0.000000	30.57772390571428	-96.35129782714287	200.00000000000000	1
128	0	3	16	0.000000	0.000000	0.000000	0.000000	30.57752693428571	-96.35128290000003	200.00000000000000	1
129	0	3	16	0.000000	0.000000	0.000000	0.000000	30.57757991928572	-96.35106905107141	200.00000000000000	1
130	0	3	16	0.000000	0.000000	0.000000	0.000000	30.57775697071429	-96.35087262249998	200.00000000000000	1
131	0	3	16	0.000000	0.000000	0.000000	0.000000	30.57769968214285	-96.35123143392859	200.00000000000000	1
132	0	3	16	0.000000	0.000000	0.000000	0.000000	30.57756836785714	-96.35122148250004	200.00000000000000	1
133	0	3	16	0.000000	0.000000	0.000000	0.000000	30.57761557714286	-96.35108384928569	200.00000000000000	1
134	0	3	16	0.000000	0.000000	0.000000	0.000000	30.57770410285714	-96.35098563499997	200.00000000000000	1
135	0	3	16	0.000000	0.000000	0.000000	0.000000	30.57767545857142	-96.35116504071431	200.00000000000000	1
136	0	3	16	0.000000	0.000000	0.000000	0.000000	30.57760980142857	-96.35116006500004	200.00000000000000	1
137	0	3	16	0.000000	0.000000	0.000000	0.000000	30.57765123500000	-96.35109864749997	200.00000000000000	1
138	0	3	16	0.000000	0.000000	0.000000	0.000000	30.57782080000000	-96.35156340000000	200.00000000000000	1
139	0	3	16	0.000000	0.000000	0.000000	0.000000	30.57792103000000	-96.35167690000000	200.00000000000000	1
140	0	3	16	0.000000	0.000000	0.000000	0.000000	30.57732213000000	-96.35201008999999	200.00000000000000	1
141	0	3	16	0.000000	0.000000	0.000000	0.000000	30.57736120000000	-96.35152857000000	200.00000000000000	1
142	0	3	16	0.000000	0.000000	0.000000	0.000000	30.57779015571429	-96.35158216285714	200.00000000000000	1
143	0	3	16	0.000000	0.000000	0.000000	0.000000	30.57787606714286	-96.35167944857143	200.00000000000000	1
144	0	3	16	0.000000	0.000000	0.000000	0.000000	30.57736272428571	-96.35196504000000	200.00000000000000	1
145	0	3	16	0.000000	0.000000	0.000000	0.000000	30.57739621285714	-96.35155230857143	200.00000000000000	1
146	0	3	16	0.000000	0.000000	0.000000	0.000000	30.57775951142857	-96.35160092571428	200.00000000000000	1
147	0	3	16	0.000000	0.000000	0.000000	0.000000	30.57783110428571	-96.35168199714286	200.00000000000000	1
148	0	3	16	0.000000	0.000000	0.000000	0.000000	30.57740331857143	-96.35191999000000	200.00000000000000	1
149	0	3	16	0.000000	0.000000	0.000000	0.000000	30.57743122571429	-96.35157604714286	200.00000000000000	1
150	0	3	16	0.000000	0.000000	0.000000	0.000000	30.57772886714286	-96.35161968857142	200.00000000000000	1
151	0	3	16	0.000000	0.000000	0.000000	0.000000	30.57778614142857	-96.35168454571429	200.00000000000000	1
152	0	3	16	0.000000	0.000000	0.000000	0.000000	30.57744391285714	-96.35187494000000	200.00000000000000	1
153	0	3	16	0.000000	0.000000	0.000000	0.000000	30.57746623857143	-96.35159978571428	200.00000000000000	1
154	0	3	16	0.000000	0.000000	0.000000	0.000000	30.57769822285714	-96.35163845142856	200.00000000000000	1
155	0	3	16	0.000000	0.000000	0.000000	0.000000	30.57774117857143	-96.35168709428572	200.00000000000000	1
156	0	3	16	0.000000	0.000000	0.000000	0.000000	30.57748450714286	-96.35182989000000	200.00000000000000	1
157	0	3	16	0.000000	0.000000	0.000000	0.000000	30.57750125142857	-96.35162352428571	200.00000000000000	1
158	0	3	16	0.000000	0.000000	0.000000	0.000000	30.57766757857143	-96.35165721428569	200.00000000000000	1
159	0	3	16	0.000000	0.000000	0.000000	0.000000	30.57769621571429	-96.35168964285715	200.00000000000000	1
160	0	3	16	0.000000	0.000000	0.000000	0.000000	30.57752510142857	-96.35178484000001	200.00000000000000	1
161	0	3	16	0.000000	0.000000	0.000000	0.000000	30.57753626428572	-96.35164726285714	200.00000000000000	1
162	0	3	16	0.000000	0.000000	0.000000	0.000000	30.57763693428571	-96.35167597714283	200.00000000000000	1
163	0	3	16	0.000000	0.000000	0.000000	0.000000	30.57765125285714	-96.35169219142858	200.00000000000000	1
164	0	3	16	0.000000	0.000000	0.000000	0.000000	30.57756569571428	-96.35173979000001	200.00000000000000	1
165	0	3	16	0.000000	0.000000	0.000000	0.000000	30.57757127714286	-96.35167100142857	200.00000000000000	1
166	0	3	16	0.000000	0.000000	0.000000	0.000000	30.57760628999999	-96.35169473999997	200.00000000000000	1
167	0	3	16	0.000000	0.000000	0.000000	0.000000	30.57782080000000	-96.35156340000000	200.00000000000000	1
168	0	3	16	0.000000	0.000000	0.000000	0.000000	30.57821217000000	-96.35014760999999	200.00000000000000	1
169	0	3	16	0.000000	0.000000	0.000000	0.000000	30.57825882000000	-96.35164776000001	200.00000000000000	1
170	0	3	16	0.000000	0.000000	0.000000	0.000000	30.57792103000000	-96.35167690000000	200.00000000000000	1
171	0	3	16	0.000000	0.000000	0.000000	0.000000	30.57785400071429	-96.35151990250000	200.00000000000000	1
172	0	3	16	0.000000	0.000000	0.000000	0.000000	30.57818946071428	-96.35030636821428	200.00000000000000	1
173	0	3	16	0.000000	0.000000	0.000000	0.000000	30.57822944642857	-96.35159221107143	200.00000000000000	1
174	0	3	16	0.000000	0.000000	0.000000	0.000000	30.57793991214286	-96.35161718821429	200.00000000000000	1
175	0	3	16	0.000000	0.000000	0.000000	0.000000	30.57788720142857	-96.35147640500000	200.00000000000000	1
176	0	3	16	0.000000	0.000000	0.000000	0.000000	30.57816675142857	-96.35046512642856	200.00000000000000	1
177	0	3	16	0.000000	0.000000	0.000000	0.000000	30.57820007285714	-96.35153666214286	200.00000000000000	1
178	0	3	16	0.000000	0.000000	0.000000	0.000000	30.57795879428571	-96.35155747642858	200.00000000000000	1
179	0	3	16	0.000000	0.000000	0.000000	0.000000	30.57792040214285	-96.35143290750000	200.00000000000000	1
180	0	3	16	0.000000	0.000000	0.000000	0.000000	30.57814404214285	-96.35062388464284	200.00000000000000	1
181	0	3	16	0.000000	0.000000	0.000000	0.000000	30.57817069928571	-96.35148111321429	200.00000000000000	1
182	0	3	16	0.000000	0.000000	0.000000	0.000000	30.57797767642857	-96.35149776464287	200.00000000000000	1
183	0	3	16	0.000000	0.000000	0.000000	0.000000	30.57795360285714	-96.35138941000000	200.00000000000000	1
184	0	3	16	0.000000	0.000000	0.000000	0.000000	30.57812133285714	-96.35078264285713	200.00000000000000	1
185	0	3	16	0.000000	0.000000	0.000000	0.000000	30.57814132571428	-96.35142556428572	200.00000000000000	1
186	0	3	16	0.000000	0.000000	0.000000	0.000000	30.57799655857143	-96.35143805285716	200.00000000000000	1
187	0	3	16	0.000000	0.000000	0.000000	0.000000	30.57798680357142	-96.35134591249999	200.00000000000000	1
188	0	3	16	0.000000	0.000000	0.000000	0.000000	30.57809862357142	-96.35094140107141	200.00000000000000	1
189	0	3	16	0.000000	0.000000	0.000000	0.000000	30.57811195214285	-96.35137001535715	200.00000000000000	1
190	0	3	16	0.000000	0.000000	0.000000	0.000000	30.57801544071429	-96.35137834107145	200.00000000000000	1
191	0	3	16	0.000000	0.000000	0.000000	0.000000	30.57802000428571	-96.35130241499999	200.00000000000000	1
192	0	3	16	0.000000	0.000000	0.000000	0.000000	30.57807591428571	-96.35110015928569	200.00000000000000	1
193	0	3	16	0.000000	0.000000	0.000000	0.000000	30.57808257857142	-96.35131446642858	200.00000000000000	1
194	0	3	16	0.000000	0.000000	0.000000	0.000000	30.57803432285714	-96.35131862928574	200.00000000000000	1
195	0	3	16	0.000000	0.000000	0.000000	0.000000	30.57805320499999	-96.35125891749999	200.00000000000000	1
