QGC WPL 110
0	0	0	16	0.000000	0.000000	0.000000	0.000000	30.57719103000000	-96.35124098999999	200.00000000000000	1
1	0	3	16	0.000000	0.000000	0.000000	0.000000	30.57739881000000	-96.35198551000001	200.00000000000000	1
2	0	3	16	0.000000	0.000000	0.000000	0.000000	30.57658714000000	-96.35087308999999	200.00000000000000	1
3	0	3	16	0.000000	0.000000	0.000000	0.000000	30.57702251000000	-96.35102034000001	200.00000000000000	1
4	0	3	16	0.000000	0.000000	0.000000	0.000000	30.57717086464286	-96.35124656035714	200.00000000000000	1
5	0	3	16	0.000000	0.000000	0.000000	0.000000	30.57734896178571	-96.35188472035715	200.00000000000000	1
6	0	3	16	0.000000	0.000000	0.000000	0.000000	30.57665324464286	-96.35093121749999	200.00000000000000	1
7	0	3	16	0.000000	0.000000	0.000000	0.000000	30.57702641892857	-96.35105743178572	200.00000000000000	1
8	0	3	16	0.000000	0.000000	0.000000	0.000000	30.57715069928572	-96.35125213071429	200.00000000000000	1
9	0	3	16	0.000000	0.000000	0.000000	0.000000	30.57729911357143	-96.35178393071429	200.00000000000000	1
10	0	3	16	0.000000	0.000000	0.000000	0.000000	30.57671934928572	-96.35098934499999	200.00000000000000	1
11	0	3	16	0.000000	0.000000	0.000000	0.000000	30.57703032785714	-96.35109452357143	200.00000000000000	1
12	0	3	16	0.000000	0.000000	0.000000	0.000000	30.57713053392857	-96.35125770107143	200.00000000000000	1
13	0	3	16	0.000000	0.000000	0.000000	0.000000	30.57724926535714	-96.35168314107143	200.00000000000000	1
14	0	3	16	0.000000	0.000000	0.000000	0.000000	30.57678545392858	-96.35104747249999	200.00000000000000	1
15	0	3	16	0.000000	0.000000	0.000000	0.000000	30.57703423678572	-96.35113161535715	200.00000000000000	1
16	0	3	16	0.000000	0.000000	0.000000	0.000000	30.57711036857143	-96.35126327142858	200.00000000000000	1
17	0	3	16	0.000000	0.000000	0.000000	0.000000	30.57719941714286	-96.35158235142858	200.00000000000000	1
18	0	3	16	0.000000	0.000000	0.000000	0.000000	30.57685155857143	-96.35110559999998	200.00000000000000	1
19	0	3	16	0.000000	0.000000	0.000000	0.000000	30.57703814571429	-96.35116870714286	200.00000000000000	1
20	0	3	16	0.000000	0.000000	0.000000	0.000000	30.57709020321429	-96.35126884178572	200.00000000000000	1
21	0	3	16	0.000000	0.000000	0.000000	0.000000	30.57714956892857	-96.35148156178572	200.00000000000000	1
22	0	3	16	0.000000	0.000000	0.000000	0.000000	30.57691766321429	-96.35116372749998	200.00000000000000	1
23	0	3	16	0.000000	0.000000	0.000000	0.000000	30.57704205464286	-96.35120579892858	200.00000000000000	1
24	0	3	16	0.000000	0.000000	0.000000	0.000000	30.57707003785715	-96.35127441214287	200.00000000000000	1
25	0	3	16	0.000000	0.000000	0.000000	0.000000	30.57709972071429	-96.35138077214286	200.00000000000000	1
26	0	3	16	0.000000	0.000000	0.000000	0.000000	30.57698376785715	-96.35122185499998	200.00000000000000	1
27	0	3	16	0.000000	0.000000	0.000000	0.000000	30.57704596357144	-96.35124289071429	200.00000000000000	1
28	0	3	16	0.000000	0.000000	0.000000	0.000000	30.57704987250001	-96.35127998250002	200.00000000000000	1
29	0	3	16	0.000000	0.000000	0.000000	0.000000	30.57719103000000	-96.35124098999999	200.00000000000000	1
30	0	3	16	0.000000	0.000000	0.000000	0.000000	30.57702251000000	-96.35102034000001	200.00000000000000	1
31	0	3	16	0.000000	0.000000	0.000000	0.000000	30.57734637000000	-96.35103818000000	200.00000000000000	1
32	0	3	16	0.000000	0.000000	0.000000	0.000000	30.57811967000000	-96.35158371000000	200.00000000000000	1
33	0	3	16	0.000000	0.000000	0.000000	0.000000	30.57722372500000	-96.35123810642857	200.00000000000000	1
34	0	3	16	0.000000	0.000000	0.000000	0.000000	30.57707927928571	-96.35104897785715	200.00000000000000	1
35	0	3	16	0.000000	0.000000	0.000000	0.000000	30.57735687357143	-96.35106426928571	200.00000000000000	1
36	0	3	16	0.000000	0.000000	0.000000	0.000000	30.57801970214286	-96.35153186642857	200.00000000000000	1
37	0	3	16	0.000000	0.000000	0.000000	0.000000	30.57725642000000	-96.35123522285714	200.00000000000000	1
38	0	3	16	0.000000	0.000000	0.000000	0.000000	30.57713604857143	-96.35107761571429	200.00000000000000	1
39	0	3	16	0.000000	0.000000	0.000000	0.000000	30.57736737714286	-96.35109035857143	200.00000000000000	1
40	0	3	16	0.000000	0.000000	0.000000	0.000000	30.57791973428571	-96.35148002285715	200.00000000000000	1
41	0	3	16	0.000000	0.000000	0.000000	0.000000	30.57728911500001	-96.35123233928572	200.00000000000000	1
42	0	3	16	0.000000	0.000000	0.000000	0.000000	30.57719281785714	-96.35110625357143	200.00000000000000	1
43	0	3	16	0.000000	0.000000	0.000000	0.000000	30.57737788071428	-96.35111644785714	200.00000000000000	1
44	0	3	16	0.000000	0.000000	0.000000	0.000000	30.57781976642857	-96.35142817928572	200.00000000000000	1
45	0	3	16	0.000000	0.000000	0.000000	0.000000	30.57732181000001	-96.35122945571429	200.00000000000000	1
46	0	3	16	0.000000	0.000000	0.000000	0.000000	30.57724958714285	-96.35113489142857	200.00000000000000	1
47	0	3	16	0.000000	0.000000	0.000000	0.000000	30.57738838428571	-96.35114253714285	200.00000000000000	1
48	0	3	16	0.000000	0.000000	0.000000	0.000000	30.57771979857143	-96.35137633571429	200.00000000000000	1
49	0	3	16	0.000000	0.000000	0.000000	0.000000	30.57735450500001	-96.35122657214286	200.00000000000000	1
50	0	3	16	0.000000	0.000000	0.000000	0.000000	30.57730635642856	-96.35116352928571	200.00000000000000	1
51	0	3	16	0.000000	0.000000	0.000000	0.000000	30.57739888785714	-96.35116862642856	200.00000000000000	1
52	0	3	16	0.000000	0.000000	0.000000	0.000000	30.57761983071429	-96.35132449214287	200.00000000000000	1
53	0	3	16	0.000000	0.000000	0.000000	0.000000	30.57738720000001	-96.35122368857144	200.00000000000000	1
54	0	3	16	0.000000	0.000000	0.000000	0.000000	30.57736312571428	-96.35119216714286	200.00000000000000	1
55	0	3	16	0.000000	0.000000	0.000000	0.000000	30.57740939142857	-96.35119471571427	200.00000000000000	1
56	0	3	16	0.000000	0.000000	0.000000	0.000000	30.57751986285714	-96.35127264857144	200.00000000000000	1
57	0	3	16	0.000000	0.000000	0.000000	0.000000	30.57741989500001	-96.35122080500001	200.00000000000000	1
58	0	3	16	0.000000	0.000000	0.000000	0.000000	30.57734637000000	-96.35103818000000	200.00000000000000	1
59	0	3	16	0.000000	0.000000	0.000000	0.000000	30.57772844000000	-96.35072357000000	200.00000000000000	1
60	0	3	16	0.000000	0.000000	0.000000	0.000000	30.57805721000000	-96.35052892000000	200.00000000000000	1
61	0	3	16	0.000000	0.000000	0.000000	0.000000	30.57837281000000	-96.35128880000001	200.00000000000000	1
62	0	3	16	0.000000	0.000000	0.000000	0.000000	30.57811967000000	-96.35158371000000	200.00000000000000	1
63	0	3	16	0.000000	0.000000	0.000000	0.000000	30.57742901714286	-96.35103738800001	200.00000000000000	1
64	0	3	16	0.000000	0.000000	0.000000	0.000000	30.57775650571429	-96.35076772228571	200.00000000000000	1
65	0	3	16	0.000000	0.000000	0.000000	0.000000	30.57803830857143	-96.35060087942857	200.00000000000000	1
66	0	3	16	0.000000	0.000000	0.000000	0.000000	30.57830882285715	-96.35125220514286	200.00000000000000	1
67	0	3	16	0.000000	0.000000	0.000000	0.000000	30.57809184571429	-96.35150498514285	200.00000000000000	1
68	0	3	16	0.000000	0.000000	0.000000	0.000000	30.57751166428572	-96.35103659600001	200.00000000000000	1
69	0	3	16	0.000000	0.000000	0.000000	0.000000	30.57778457142857	-96.35081187457142	200.00000000000000	1
70	0	3	16	0.000000	0.000000	0.000000	0.000000	30.57801940714286	-96.35067283885714	200.00000000000000	1
71	0	3	16	0.000000	0.000000	0.000000	0.000000	30.57824483571429	-96.35121561028571	200.00000000000000	1
72	0	3	16	0.000000	0.000000	0.000000	0.000000	30.57806402142857	-96.35142626028571	200.00000000000000	1
73	0	3	16	0.000000	0.000000	0.000000	0.000000	30.57759431142857	-96.35103580400002	200.00000000000000	1
74	0	3	16	0.000000	0.000000	0.000000	0.000000	30.57781263714286	-96.35085602685713	200.00000000000000	1
75	0	3	16	0.000000	0.000000	0.000000	0.000000	30.57800050571429	-96.35074479828570	200.00000000000000	1
76	0	3	16	0.000000	0.000000	0.000000	0.000000	30.57818084857144	-96.35117901542856	200.00000000000000	1
77	0	3	16	0.000000	0.000000	0.000000	0.000000	30.57803619714286	-96.35134753542856	200.00000000000000	1
78	0	3	16	0.000000	0.000000	0.000000	0.000000	30.57767695857143	-96.35103501200003	200.00000000000000	1
79	0	3	16	0.000000	0.000000	0.000000	0.000000	30.57784070285715	-96.35090017914284	200.00000000000000	1
80	0	3	16	0.000000	0.000000	0.000000	0.000000	30.57798160428571	-96.35081675771427	200.00000000000000	1
81	0	3	16	0.000000	0.000000	0.000000	0.000000	30.57811686142858	-96.35114242057141	200.00000000000000	1
82	0	3	16	0.000000	0.000000	0.000000	0.000000	30.57800837285715	-96.35126881057141	200.00000000000000	1
83	0	3	16	0.000000	0.000000	0.000000	0.000000	30.57775960571429	-96.35103422000003	200.00000000000000	1
84	0	3	16	0.000000	0.000000	0.000000	0.000000	30.57786876857143	-96.35094433142855	200.00000000000000	1
85	0	3	16	0.000000	0.000000	0.000000	0.000000	30.57796270285714	-96.35088871714284	200.00000000000000	1
86	0	3	16	0.000000	0.000000	0.000000	0.000000	30.57805287428572	-96.35110582571426	200.00000000000000	1
87	0	3	16	0.000000	0.000000	0.000000	0.000000	30.57798054857144	-96.35119008571426	200.00000000000000	1
88	0	3	16	0.000000	0.000000	0.000000	0.000000	30.57784225285715	-96.35103342800004	200.00000000000000	1
89	0	3	16	0.000000	0.000000	0.000000	0.000000	30.57789683428572	-96.35098848371426	200.00000000000000	1
90	0	3	16	0.000000	0.000000	0.000000	0.000000	30.57794380142857	-96.35096067657140	200.00000000000000	1
91	0	3	16	0.000000	0.000000	0.000000	0.000000	30.57798888714287	-96.35106923085711	200.00000000000000	1
92	0	3	16	0.000000	0.000000	0.000000	0.000000	30.57795272428572	-96.35111136085712	200.00000000000000	1
93	0	3	16	0.000000	0.000000	0.000000	0.000000	30.57792490000000	-96.35103263600004	200.00000000000000	1
94	0	3	16	0.000000	0.000000	0.000000	0.000000	30.57772844000000	-96.35072357000000	200.00000000000000	1
95	0	3	16	0.000000	0.000000	0.000000	0.000000	30.57799981000000	-96.35053666000000	200.00000000000000	1
96	0	3	16	0.000000	0.000000	0.000000	0.000000	30.57805721000000	-96.35052892000000	200.00000000000000	1
97	0	3	16	0.000000	0.000000	0.000000	0.000000	30.57775701809524	-96.35070540047619	200.00000000000000	1
98	0	3	16	0.000000	0.000000	0.000000	0.000000	30.57798962095238	-96.35054519190476	200.00000000000000	1
99	0	3	16	0.000000	0.000000	0.000000	0.000000	30.57803882095238	-96.35053855761905	200.00000000000000	1
100	0	3	16	0.000000	0.000000	0.000000	0.000000	30.57778559619048	-96.35068723095237	200.00000000000000	1
101	0	3	16	0.000000	0.000000	0.000000	0.000000	30.57797943190477	-96.35055372380951	200.00000000000000	1
102	0	3	16	0.000000	0.000000	0.000000	0.000000	30.57802043190476	-96.35054819523809	200.00000000000000	1
103	0	3	16	0.000000	0.000000	0.000000	0.000000	30.57781417428572	-96.35066906142856	200.00000000000000	1
104	0	3	16	0.000000	0.000000	0.000000	0.000000	30.57796924285715	-96.35056225571427	200.00000000000000	1
105	0	3	16	0.000000	0.000000	0.000000	0.000000	30.57800204285715	-96.35055783285713	200.00000000000000	1
106	0	3	16	0.000000	0.000000	0.000000	0.000000	30.57784275238096	-96.35065089190475	200.00000000000000	1
107	0	3	16	0.000000	0.000000	0.000000	0.000000	30.57795905380953	-96.35057078761902	200.00000000000000	1
108	0	3	16	0.000000	0.000000	0.000000	0.000000	30.57798365380953	-96.35056747047618	200.00000000000000	1
109	0	3	16	0.000000	0.000000	0.000000	0.000000	30.57787133047620	-96.35063272238094	200.00000000000000	1
110	0	3	16	0.000000	0.000000	0.000000	0.000000	30.57794886476191	-96.35057931952377	200.00000000000000	1
111	0	3	16	0.000000	0.000000	0.000000	0.000000	30.57796526476191	-96.35057710809522	200.00000000000000	1
112	0	3	16	0.000000	0.000000	0.000000	0.000000	30.57789990857144	-96.35061455285712	200.00000000000000	1
113	0	3	16	0.000000	0.000000	0.000000	0.000000	30.57793867571429	-96.35058785142853	200.00000000000000	1
114	0	3	16	0.000000	0.000000	0.000000	0.000000	30.57794687571429	-96.35058674571427	200.00000000000000	1
115	0	3	16	0.000000	0.000000	0.000000	0.000000	30.57792848666668	-96.35059638333331	200.00000000000000	1
116	0	3	16	0.000000	0.000000	0.000000	0.000000	30.57799981000000	-96.35053666000000	200.00000000000000	1
117	0	3	16	0.000000	0.000000	0.000000	0.000000	30.57772844000000	-96.35072357000000	200.00000000000000	1
118	0	3	16	0.000000	0.000000	0.000000	0.000000	30.57727443000000	-96.35083160000001	200.00000000000000	1
119	0	3	16	0.000000	0.000000	0.000000	0.000000	30.57654267000000	-96.35077167000000	200.00000000000000	1
120	0	3	16	0.000000	0.000000	0.000000	0.000000	30.57659672000000	-96.35071444000000	200.00000000000000	1
121	0	3	16	0.000000	0.000000	0.000000	0.000000	30.57712093000000	-96.35042821000000	200.00000000000000	1
122	0	3	16	0.000000	0.000000	0.000000	0.000000	30.57788705142857	-96.35055537880953	200.00000000000000	1
123	0	3	16	0.000000	0.000000	0.000000	0.000000	30.57765444857143	-96.35071558738095	200.00000000000000	1
124	0	3	16	0.000000	0.000000	0.000000	0.000000	30.57726529714285	-96.35080818452381	200.00000000000000	1
125	0	3	16	0.000000	0.000000	0.000000	0.000000	30.57663807428571	-96.35075681595238	200.00000000000000	1
126	0	3	16	0.000000	0.000000	0.000000	0.000000	30.57668440285714	-96.35070776166667	200.00000000000000	1
127	0	3	16	0.000000	0.000000	0.000000	0.000000	30.57713372571428	-96.35046242166668	200.00000000000000	1
128	0	3	16	0.000000	0.000000	0.000000	0.000000	30.57777429285714	-96.35057409761906	200.00000000000000	1
129	0	3	16	0.000000	0.000000	0.000000	0.000000	30.57758045714286	-96.35070760476189	200.00000000000000	1
130	0	3	16	0.000000	0.000000	0.000000	0.000000	30.57725616428571	-96.35078476904762	200.00000000000000	1
131	0	3	16	0.000000	0.000000	0.000000	0.000000	30.57673347857142	-96.35074196190476	200.00000000000000	1
132	0	3	16	0.000000	0.000000	0.000000	0.000000	30.57677208571429	-96.35070108333333	200.00000000000000	1
133	0	3	16	0.000000	0.000000	0.000000	0.000000	30.57714652142857	-96.35049663333335	200.00000000000000	1
134	0	3	16	0.000000	0.000000	0.000000	0.000000	30.57766153428571	-96.35059281642859	200.00000000000000	1
135	0	3	16	0.000000	0.000000	0.000000	0.000000	30.57750646571429	-96.35069962214284	200.00000000000000	1
136	0	3	16	0.000000	0.000000	0.000000	0.000000	30.57724703142857	-96.35076135357143	200.00000000000000	1
137	0	3	16	0.000000	0.000000	0.000000	0.000000	30.57682888285714	-96.35072710785714	200.00000000000000	1
138	0	3	16	0.000000	0.000000	0.000000	0.000000	30.57685976857143	-96.35069440500000	200.00000000000000	1
139	0	3	16	0.000000	0.000000	0.000000	0.000000	30.57715931714285	-96.35053084500002	200.00000000000000	1
140	0	3	16	0.000000	0.000000	0.000000	0.000000	30.57754877571428	-96.35061153523812	200.00000000000000	1
141	0	3	16	0.000000	0.000000	0.000000	0.000000	30.57743247428571	-96.35069163952379	200.00000000000000	1
142	0	3	16	0.000000	0.000000	0.000000	0.000000	30.57723789857142	-96.35073793809524	200.00000000000000	1
143	0	3	16	0.000000	0.000000	0.000000	0.000000	30.57692428714285	-96.35071225380952	200.00000000000000	1
144	0	3	16	0.000000	0.000000	0.000000	0.000000	30.57694745142857	-96.35068772666666	200.00000000000000	1
145	0	3	16	0.000000	0.000000	0.000000	0.000000	30.57717211285713	-96.35056505666670	200.00000000000000	1
146	0	3	16	0.000000	0.000000	0.000000	0.000000	30.57743601714285	-96.35063025404764	200.00000000000000	1
147	0	3	16	0.000000	0.000000	0.000000	0.000000	30.57735848285714	-96.35068365690474	200.00000000000000	1
148	0	3	16	0.000000	0.000000	0.000000	0.000000	30.57722876571428	-96.35071452261904	200.00000000000000	1
149	0	3	16	0.000000	0.000000	0.000000	0.000000	30.57701969142856	-96.35069739976190	200.00000000000000	1
150	0	3	16	0.000000	0.000000	0.000000	0.000000	30.57703513428571	-96.35068104833333	200.00000000000000	1
151	0	3	16	0.000000	0.000000	0.000000	0.000000	30.57718490857142	-96.35059926833337	200.00000000000000	1
152	0	3	16	0.000000	0.000000	0.000000	0.000000	30.57732325857143	-96.35064897285717	200.00000000000000	1
153	0	3	16	0.000000	0.000000	0.000000	0.000000	30.57728449142857	-96.35067567428568	200.00000000000000	1
154	0	3	16	0.000000	0.000000	0.000000	0.000000	30.57721963285713	-96.35069110714285	200.00000000000000	1
155	0	3	16	0.000000	0.000000	0.000000	0.000000	30.57711509571427	-96.35068254571428	200.00000000000000	1
156	0	3	16	0.000000	0.000000	0.000000	0.000000	30.57712281714285	-96.35067436999999	200.00000000000000	1
157	0	3	16	0.000000	0.000000	0.000000	0.000000	30.57719770428570	-96.35063348000004	200.00000000000000	1
158	0	3	16	0.000000	0.000000	0.000000	0.000000	30.57721050000000	-96.35066769166670	200.00000000000000	1
159	0	3	16	0.000000	0.000000	0.000000	0.000000	30.57727443000000	-96.35083160000001	200.00000000000000	1
160	0	3	16	0.000000	0.000000	0.000000	0.000000	30.57772844000000	-96.35072357000000	200.00000000000000	1
161	0	3	16	0.000000	0.000000	0.000000	0.000000	30.57738562000000	-96.35085472000000	200.00000000000000	1
162	0	3	16	0.000000	0.000000	0.000000	0.000000	30.57730134428571	-96.35082755666667	200.00000000000000	1
163	0	3	16	0.000000	0.000000	0.000000	0.000000	30.57769049571429	-96.35073495952381	200.00000000000000	1
164	0	3	16	0.000000	0.000000	0.000000	0.000000	30.57739665000000	-96.35084737380953	200.00000000000000	1
165	0	3	16	0.000000	0.000000	0.000000	0.000000	30.57732825857143	-96.35082351333334	200.00000000000000	1
166	0	3	16	0.000000	0.000000	0.000000	0.000000	30.57765255142857	-96.35074634904761	200.00000000000000	1
167	0	3	16	0.000000	0.000000	0.000000	0.000000	30.57740768000000	-96.35084002761906	200.00000000000000	1
168	0	3	16	0.000000	0.000000	0.000000	0.000000	30.57735517285715	-96.35081947000000	200.00000000000000	1
169	0	3	16	0.000000	0.000000	0.000000	0.000000	30.57761460714286	-96.35075773857142	200.00000000000000	1
170	0	3	16	0.000000	0.000000	0.000000	0.000000	30.57741871000000	-96.35083268142859	200.00000000000000	1
171	0	3	16	0.000000	0.000000	0.000000	0.000000	30.57738208714286	-96.35081542666667	200.00000000000000	1
172	0	3	16	0.000000	0.000000	0.000000	0.000000	30.57757666285714	-96.35076912809522	200.00000000000000	1
173	0	3	16	0.000000	0.000000	0.000000	0.000000	30.57742974000000	-96.35082533523811	200.00000000000000	1
174	0	3	16	0.000000	0.000000	0.000000	0.000000	30.57740900142858	-96.35081138333334	200.00000000000000	1
175	0	3	16	0.000000	0.000000	0.000000	0.000000	30.57753871857143	-96.35078051761903	200.00000000000000	1
176	0	3	16	0.000000	0.000000	0.000000	0.000000	30.57744077000000	-96.35081798904764	200.00000000000000	1
177	0	3	16	0.000000	0.000000	0.000000	0.000000	30.57743591571429	-96.35080734000000	200.00000000000000	1
178	0	3	16	0.000000	0.000000	0.000000	0.000000	30.57750077428571	-96.35079190714283	200.00000000000000	1
179	0	3	16	0.000000	0.000000	0.000000	0.000000	30.57745180000000	-96.35081064285717	200.00000000000000	1
180	0	3	16	0.000000	0.000000	0.000000	0.000000	30.57746283000001	-96.35080329666667	200.00000000000000	1
