QGC WPL 110
0	0	0	16	0.000000	0.000000	0.000000	0.000000	30.57805546000000	-96.35136735000000	200.00000000000000	1
1	0	3	16	0.000000	0.000000	0.000000	0.000000	30.57817704000000	-96.35189739000000	200.00000000000000	1
2	0	3	16	0.000000	0.000000	0.000000	0.000000	30.57744975000000	-96.35169917000000	200.00000000000000	1
3	0	3	16	0.000000	0.000000	0.000000	0.000000	30.57803240619048	-96.35140839095239	200.00000000000000	1
4	0	3	16	0.000000	0.000000	0.000000	0.000000	30.57813661761905	-96.35186271095239	200.00000000000000	1
5	0	3	16	0.000000	0.000000	0.000000	0.000000	30.57751322619048	-96.35169280809524	200.00000000000000	1
6	0	3	16	0.000000	0.000000	0.000000	0.000000	30.57800935238095	-96.35144943190477	200.00000000000000	1
7	0	3	16	0.000000	0.000000	0.000000	0.000000	30.57809619523810	-96.35182803190477	200.00000000000000	1
8	0	3	16	0.000000	0.000000	0.000000	0.000000	30.57757670238095	-96.35168644619047	200.00000000000000	1
9	0	3	16	0.000000	0.000000	0.000000	0.000000	30.57798629857143	-96.35149047285715	200.00000000000000	1
10	0	3	16	0.000000	0.000000	0.000000	0.000000	30.57805577285714	-96.35179335285716	200.00000000000000	1
11	0	3	16	0.000000	0.000000	0.000000	0.000000	30.57764017857143	-96.35168008428570	200.00000000000000	1
12	0	3	16	0.000000	0.000000	0.000000	0.000000	30.57796324476190	-96.35153151380953	200.00000000000000	1
13	0	3	16	0.000000	0.000000	0.000000	0.000000	30.57801535047619	-96.35175867380954	200.00000000000000	1
14	0	3	16	0.000000	0.000000	0.000000	0.000000	30.57770365476190	-96.35167372238094	200.00000000000000	1
15	0	3	16	0.000000	0.000000	0.000000	0.000000	30.57794019095238	-96.35157255476192	200.00000000000000	1
16	0	3	16	0.000000	0.000000	0.000000	0.000000	30.57797492809524	-96.35172399476193	200.00000000000000	1
17	0	3	16	0.000000	0.000000	0.000000	0.000000	30.57776713095238	-96.35166736047617	200.00000000000000	1
18	0	3	16	0.000000	0.000000	0.000000	0.000000	30.57791713714285	-96.35161359571430	200.00000000000000	1
19	0	3	16	0.000000	0.000000	0.000000	0.000000	30.57793450571429	-96.35168931571431	200.00000000000000	1
20	0	3	16	0.000000	0.000000	0.000000	0.000000	30.57783060714286	-96.35166099857140	200.00000000000000	1
21	0	3	16	0.000000	0.000000	0.000000	0.000000	30.57789408333333	-96.35165463666668	200.00000000000000	1
22	0	3	16	0.000000	0.000000	0.000000	0.000000	30.57805546000000	-96.35136735000000	200.00000000000000	1
23	0	3	16	0.000000	0.000000	0.000000	0.000000	30.57744975000000	-96.35169917000000	200.00000000000000	1
24	0	3	16	0.000000	0.000000	0.000000	0.000000	30.57724090000000	-96.35174016000001	200.00000000000000	1
25	0	3	16	0.000000	0.000000	0.000000	0.000000	30.57749432000000	-96.35132797999999	200.00000000000000	1
26	0	3	16	0.000000	0.000000	0.000000	0.000000	30.57766912000000	-96.35129989000001	200.00000000000000	1
27	0	3	16	0.000000	0.000000	0.000000	0.000000	30.57798781000000	-96.35138443000001	200.00000000000000	1
28	0	3	16	0.000000	0.000000	0.000000	0.000000	30.57746863000000	-96.35166884714286	200.00000000000000	1
29	0	3	16	0.000000	0.000000	0.000000	0.000000	30.57728961571429	-96.35170398142857	200.00000000000000	1
30	0	3	16	0.000000	0.000000	0.000000	0.000000	30.57750683285714	-96.35135068428571	200.00000000000000	1
31	0	3	16	0.000000	0.000000	0.000000	0.000000	30.57765666142857	-96.35132660714287	200.00000000000000	1
32	0	3	16	0.000000	0.000000	0.000000	0.000000	30.57792016000001	-96.35140151000002	200.00000000000000	1
33	0	3	16	0.000000	0.000000	0.000000	0.000000	30.57748751000000	-96.35163852428572	200.00000000000000	1
34	0	3	16	0.000000	0.000000	0.000000	0.000000	30.57733833142857	-96.35166780285714	200.00000000000000	1
35	0	3	16	0.000000	0.000000	0.000000	0.000000	30.57751934571429	-96.35137338857142	200.00000000000000	1
36	0	3	16	0.000000	0.000000	0.000000	0.000000	30.57764420285714	-96.35135332428572	200.00000000000000	1
37	0	3	16	0.000000	0.000000	0.000000	0.000000	30.57785251000001	-96.35141859000002	200.00000000000000	1
38	0	3	16	0.000000	0.000000	0.000000	0.000000	30.57750639000000	-96.35160820142858	200.00000000000000	1
39	0	3	16	0.000000	0.000000	0.000000	0.000000	30.57738704714286	-96.35163162428570	200.00000000000000	1
40	0	3	16	0.000000	0.000000	0.000000	0.000000	30.57753185857143	-96.35139609285713	200.00000000000000	1
41	0	3	16	0.000000	0.000000	0.000000	0.000000	30.57763174428571	-96.35138004142858	200.00000000000000	1
42	0	3	16	0.000000	0.000000	0.000000	0.000000	30.57778486000001	-96.35143567000003	200.00000000000000	1
43	0	3	16	0.000000	0.000000	0.000000	0.000000	30.57752527000000	-96.35157787857143	200.00000000000000	1
44	0	3	16	0.000000	0.000000	0.000000	0.000000	30.57743576285714	-96.35159544571427	200.00000000000000	1
45	0	3	16	0.000000	0.000000	0.000000	0.000000	30.57754437142857	-96.35141879714284	200.00000000000000	1
46	0	3	16	0.000000	0.000000	0.000000	0.000000	30.57761928571428	-96.35140675857144	200.00000000000000	1
47	0	3	16	0.000000	0.000000	0.000000	0.000000	30.57771721000001	-96.35145275000004	200.00000000000000	1
48	0	3	16	0.000000	0.000000	0.000000	0.000000	30.57754414999999	-96.35154755571429	200.00000000000000	1
49	0	3	16	0.000000	0.000000	0.000000	0.000000	30.57748447857143	-96.35155926714283	200.00000000000000	1
50	0	3	16	0.000000	0.000000	0.000000	0.000000	30.57755688428572	-96.35144150142855	200.00000000000000	1
51	0	3	16	0.000000	0.000000	0.000000	0.000000	30.57760682714285	-96.35143347571430	200.00000000000000	1
52	0	3	16	0.000000	0.000000	0.000000	0.000000	30.57764956000001	-96.35146983000004	200.00000000000000	1
53	0	3	16	0.000000	0.000000	0.000000	0.000000	30.57756302999999	-96.35151723285715	200.00000000000000	1
54	0	3	16	0.000000	0.000000	0.000000	0.000000	30.57753319428571	-96.35152308857140	200.00000000000000	1
55	0	3	16	0.000000	0.000000	0.000000	0.000000	30.57756939714286	-96.35146420571427	200.00000000000000	1
56	0	3	16	0.000000	0.000000	0.000000	0.000000	30.57759436857142	-96.35146019285716	200.00000000000000	1
57	0	3	16	0.000000	0.000000	0.000000	0.000000	30.57758191000001	-96.35148691000005	200.00000000000000	1
58	0	3	16	0.000000	0.000000	0.000000	0.000000	30.57749432000000	-96.35132797999999	200.00000000000000	1
59	0	3	16	0.000000	0.000000	0.000000	0.000000	30.57724090000000	-96.35174016000001	200.00000000000000	1
60	0	3	16	0.000000	0.000000	0.000000	0.000000	30.57736328000000	-96.35132564000000	200.00000000000000	1
61	0	3	16	0.000000	0.000000	0.000000	0.000000	30.57778099000000	-96.35084258000001	200.00000000000000	1
62	0	3	16	0.000000	0.000000	0.000000	0.000000	30.57749082750000	-96.35132528142857	200.00000000000000	1
63	0	3	16	0.000000	0.000000	0.000000	0.000000	30.57727361035714	-96.35167857857144	200.00000000000000	1
64	0	3	16	0.000000	0.000000	0.000000	0.000000	30.57737850750000	-96.35132327571428	200.00000000000000	1
65	0	3	16	0.000000	0.000000	0.000000	0.000000	30.57773654464286	-96.35090922428572	200.00000000000000	1
66	0	3	16	0.000000	0.000000	0.000000	0.000000	30.57748733500000	-96.35132258285715	200.00000000000000	1
67	0	3	16	0.000000	0.000000	0.000000	0.000000	30.57730632071429	-96.35161699714287	200.00000000000000	1
68	0	3	16	0.000000	0.000000	0.000000	0.000000	30.57739373500000	-96.35132091142856	200.00000000000000	1
69	0	3	16	0.000000	0.000000	0.000000	0.000000	30.57769209928571	-96.35097586857142	200.00000000000000	1
70	0	3	16	0.000000	0.000000	0.000000	0.000000	30.57748384250000	-96.35131988428573	200.00000000000000	1
71	0	3	16	0.000000	0.000000	0.000000	0.000000	30.57733903107143	-96.35155541571430	200.00000000000000	1
72	0	3	16	0.000000	0.000000	0.000000	0.000000	30.57740896250000	-96.35131854714284	200.00000000000000	1
73	0	3	16	0.000000	0.000000	0.000000	0.000000	30.57764765392857	-96.35104251285713	200.00000000000000	1
74	0	3	16	0.000000	0.000000	0.000000	0.000000	30.57748035000000	-96.35131718571431	200.00000000000000	1
75	0	3	16	0.000000	0.000000	0.000000	0.000000	30.57737174142857	-96.35149383428573	200.00000000000000	1
76	0	3	16	0.000000	0.000000	0.000000	0.000000	30.57742419000000	-96.35131618285712	200.00000000000000	1
77	0	3	16	0.000000	0.000000	0.000000	0.000000	30.57760320857142	-96.35110915714284	200.00000000000000	1
78	0	3	16	0.000000	0.000000	0.000000	0.000000	30.57747685750000	-96.35131448714289	200.00000000000000	1
79	0	3	16	0.000000	0.000000	0.000000	0.000000	30.57740445178571	-96.35143225285717	200.00000000000000	1
80	0	3	16	0.000000	0.000000	0.000000	0.000000	30.57743941750000	-96.35131381857140	200.00000000000000	1
81	0	3	16	0.000000	0.000000	0.000000	0.000000	30.57755876321428	-96.35117580142855	200.00000000000000	1
82	0	3	16	0.000000	0.000000	0.000000	0.000000	30.57747336500000	-96.35131178857146	200.00000000000000	1
83	0	3	16	0.000000	0.000000	0.000000	0.000000	30.57743716214286	-96.35137067142860	200.00000000000000	1
84	0	3	16	0.000000	0.000000	0.000000	0.000000	30.57745464500000	-96.35131145428568	200.00000000000000	1
85	0	3	16	0.000000	0.000000	0.000000	0.000000	30.57751431785714	-96.35124244571426	200.00000000000000	1
86	0	3	16	0.000000	0.000000	0.000000	0.000000	30.57746987250000	-96.35130909000004	200.00000000000000	1
87	0	3	16	0.000000	0.000000	0.000000	0.000000	30.57736328000000	-96.35132564000000	200.00000000000000	1
88	0	3	16	0.000000	0.000000	0.000000	0.000000	30.57684449000000	-96.35131938000001	200.00000000000000	1
89	0	3	16	0.000000	0.000000	0.000000	0.000000	30.57665696000000	-96.35130898000000	200.00000000000000	1
90	0	3	16	0.000000	0.000000	0.000000	0.000000	30.57663935000000	-96.35070699000001	200.00000000000000	1
91	0	3	16	0.000000	0.000000	0.000000	0.000000	30.57778099000000	-96.35084258000001	200.00000000000000	1
92	0	3	16	0.000000	0.000000	0.000000	0.000000	30.57731952771429	-96.35129350771429	200.00000000000000	1
93	0	3	16	0.000000	0.000000	0.000000	0.000000	30.57687485057143	-96.35128814200000	200.00000000000000	1
94	0	3	16	0.000000	0.000000	0.000000	0.000000	30.57671411057143	-96.35127922771429	200.00000000000000	1
95	0	3	16	0.000000	0.000000	0.000000	0.000000	30.57669901628572	-96.35076323628572	200.00000000000000	1
96	0	3	16	0.000000	0.000000	0.000000	0.000000	30.57767756485714	-96.35087945628572	200.00000000000000	1
97	0	3	16	0.000000	0.000000	0.000000	0.000000	30.57727577542857	-96.35126137542858	200.00000000000000	1
98	0	3	16	0.000000	0.000000	0.000000	0.000000	30.57690521114286	-96.35125690400000	200.00000000000000	1
99	0	3	16	0.000000	0.000000	0.000000	0.000000	30.57677126114286	-96.35124947542857	200.00000000000000	1
100	0	3	16	0.000000	0.000000	0.000000	0.000000	30.57675868257143	-96.35081948257142	200.00000000000000	1
101	0	3	16	0.000000	0.000000	0.000000	0.000000	30.57757413971429	-96.35091633257144	200.00000000000000	1
102	0	3	16	0.000000	0.000000	0.000000	0.000000	30.57723202314286	-96.35122924314287	200.00000000000000	1
103	0	3	16	0.000000	0.000000	0.000000	0.000000	30.57693557171429	-96.35122566599999	200.00000000000000	1
104	0	3	16	0.000000	0.000000	0.000000	0.000000	30.57682841171429	-96.35121972314286	200.00000000000000	1
105	0	3	16	0.000000	0.000000	0.000000	0.000000	30.57681834885715	-96.35087572885713	200.00000000000000	1
106	0	3	16	0.000000	0.000000	0.000000	0.000000	30.57747071457143	-96.35095320885716	200.00000000000000	1
107	0	3	16	0.000000	0.000000	0.000000	0.000000	30.57718827085715	-96.35119711085716	200.00000000000000	1
108	0	3	16	0.000000	0.000000	0.000000	0.000000	30.57696593228572	-96.35119442799999	200.00000000000000	1
109	0	3	16	0.000000	0.000000	0.000000	0.000000	30.57688556228572	-96.35118997085715	200.00000000000000	1
110	0	3	16	0.000000	0.000000	0.000000	0.000000	30.57687801514286	-96.35093197514284	200.00000000000000	1
111	0	3	16	0.000000	0.000000	0.000000	0.000000	30.57736728942857	-96.35099008514288	200.00000000000000	1
112	0	3	16	0.000000	0.000000	0.000000	0.000000	30.57714451857144	-96.35116497857145	200.00000000000000	1
113	0	3	16	0.000000	0.000000	0.000000	0.000000	30.57699629285715	-96.35116318999998	200.00000000000000	1
114	0	3	16	0.000000	0.000000	0.000000	0.000000	30.57694271285715	-96.35116021857144	200.00000000000000	1
115	0	3	16	0.000000	0.000000	0.000000	0.000000	30.57693768142857	-96.35098822142855	200.00000000000000	1
116	0	3	16	0.000000	0.000000	0.000000	0.000000	30.57726386428572	-96.35102696142860	200.00000000000000	1
117	0	3	16	0.000000	0.000000	0.000000	0.000000	30.57710076628572	-96.35113284628574	200.00000000000000	1
118	0	3	16	0.000000	0.000000	0.000000	0.000000	30.57702665342858	-96.35113195199997	200.00000000000000	1
119	0	3	16	0.000000	0.000000	0.000000	0.000000	30.57699986342858	-96.35113046628572	200.00000000000000	1
120	0	3	16	0.000000	0.000000	0.000000	0.000000	30.57699734771429	-96.35104446771426	200.00000000000000	1
121	0	3	16	0.000000	0.000000	0.000000	0.000000	30.57716043914286	-96.35106383771432	200.00000000000000	1
122	0	3	16	0.000000	0.000000	0.000000	0.000000	30.57705701400001	-96.35110071400003	200.00000000000000	1
123	0	3	16	0.000000	0.000000	0.000000	0.000000	30.57665696000000	-96.35130898000000	200.00000000000000	1
124	0	3	16	0.000000	0.000000	0.000000	0.000000	30.57651233000000	-96.35036242000000	200.00000000000000	1
125	0	3	16	0.000000	0.000000	0.000000	0.000000	30.57663935000000	-96.35070699000001	200.00000000000000	1
126	0	3	16	0.000000	0.000000	0.000000	0.000000	30.57664923428571	-96.35123523952380	200.00000000000000	1
127	0	3	16	0.000000	0.000000	0.000000	0.000000	30.57652526571428	-96.35042390238095	200.00000000000000	1
128	0	3	16	0.000000	0.000000	0.000000	0.000000	30.57663414000000	-96.35071924809525	200.00000000000000	1
129	0	3	16	0.000000	0.000000	0.000000	0.000000	30.57664150857143	-96.35116149904761	200.00000000000000	1
130	0	3	16	0.000000	0.000000	0.000000	0.000000	30.57653820142857	-96.35048538476191	200.00000000000000	1
131	0	3	16	0.000000	0.000000	0.000000	0.000000	30.57662893000000	-96.35073150619048	200.00000000000000	1
132	0	3	16	0.000000	0.000000	0.000000	0.000000	30.57663378285714	-96.35108775857141	200.00000000000000	1
133	0	3	16	0.000000	0.000000	0.000000	0.000000	30.57655113714285	-96.35054686714287	200.00000000000000	1
134	0	3	16	0.000000	0.000000	0.000000	0.000000	30.57662372000000	-96.35074376428572	200.00000000000000	1
135	0	3	16	0.000000	0.000000	0.000000	0.000000	30.57662605714285	-96.35101401809521	200.00000000000000	1
136	0	3	16	0.000000	0.000000	0.000000	0.000000	30.57656407285714	-96.35060834952382	200.00000000000000	1
137	0	3	16	0.000000	0.000000	0.000000	0.000000	30.57661851000000	-96.35075602238096	200.00000000000000	1
138	0	3	16	0.000000	0.000000	0.000000	0.000000	30.57661833142857	-96.35094027761902	200.00000000000000	1
139	0	3	16	0.000000	0.000000	0.000000	0.000000	30.57657700857142	-96.35066983190478	200.00000000000000	1
140	0	3	16	0.000000	0.000000	0.000000	0.000000	30.57661329999999	-96.35076828047620	200.00000000000000	1
141	0	3	16	0.000000	0.000000	0.000000	0.000000	30.57661060571428	-96.35086653714282	200.00000000000000	1
142	0	3	16	0.000000	0.000000	0.000000	0.000000	30.57658994428571	-96.35073131428574	200.00000000000000	1
143	0	3	16	0.000000	0.000000	0.000000	0.000000	30.57660808999999	-96.35078053857144	200.00000000000000	1
144	0	3	16	0.000000	0.000000	0.000000	0.000000	30.57660287999999	-96.35079279666662	200.00000000000000	1
145	0	3	16	0.000000	0.000000	0.000000	0.000000	30.57663935000000	-96.35070699000001	200.00000000000000	1
146	0	3	16	0.000000	0.000000	0.000000	0.000000	30.57651233000000	-96.35036242000000	200.00000000000000	1
147	0	3	16	0.000000	0.000000	0.000000	0.000000	30.57746052000000	-96.35035103000000	200.00000000000000	1
148	0	3	16	0.000000	0.000000	0.000000	0.000000	30.57667240476190	-96.35067363142858	200.00000000000000	1
149	0	3	16	0.000000	0.000000	0.000000	0.000000	30.57656353047619	-96.35037828571429	200.00000000000000	1
150	0	3	16	0.000000	0.000000	0.000000	0.000000	30.57737626476190	-96.35036852285714	200.00000000000000	1
151	0	3	16	0.000000	0.000000	0.000000	0.000000	30.57670545952381	-96.35064027285715	200.00000000000000	1
152	0	3	16	0.000000	0.000000	0.000000	0.000000	30.57661473095238	-96.35039415142857	200.00000000000000	1
153	0	3	16	0.000000	0.000000	0.000000	0.000000	30.57729200952381	-96.35038601571428	200.00000000000000	1
154	0	3	16	0.000000	0.000000	0.000000	0.000000	30.57673851428571	-96.35060691428572	200.00000000000000	1
155	0	3	16	0.000000	0.000000	0.000000	0.000000	30.57666593142857	-96.35041001714286	200.00000000000000	1
156	0	3	16	0.000000	0.000000	0.000000	0.000000	30.57720775428571	-96.35040350857142	200.00000000000000	1
157	0	3	16	0.000000	0.000000	0.000000	0.000000	30.57677156904762	-96.35057355571429	200.00000000000000	1
158	0	3	16	0.000000	0.000000	0.000000	0.000000	30.57671713190476	-96.35042588285715	200.00000000000000	1
159	0	3	16	0.000000	0.000000	0.000000	0.000000	30.57712349904761	-96.35042100142856	200.00000000000000	1
160	0	3	16	0.000000	0.000000	0.000000	0.000000	30.57680462380952	-96.35054019714286	200.00000000000000	1
161	0	3	16	0.000000	0.000000	0.000000	0.000000	30.57676833238095	-96.35044174857144	200.00000000000000	1
162	0	3	16	0.000000	0.000000	0.000000	0.000000	30.57703924380952	-96.35043849428570	200.00000000000000	1
163	0	3	16	0.000000	0.000000	0.000000	0.000000	30.57683767857142	-96.35050683857143	200.00000000000000	1
164	0	3	16	0.000000	0.000000	0.000000	0.000000	30.57681953285714	-96.35045761428573	200.00000000000000	1
165	0	3	16	0.000000	0.000000	0.000000	0.000000	30.57695498857142	-96.35045598714284	200.00000000000000	1
166	0	3	16	0.000000	0.000000	0.000000	0.000000	30.57687073333333	-96.35047348000001	200.00000000000000	1
167	0	3	16	0.000000	0.000000	0.000000	0.000000	30.57663935000000	-96.35070699000001	200.00000000000000	1
168	0	3	16	0.000000	0.000000	0.000000	0.000000	30.57835537000000	-96.35045706000000	200.00000000000000	1
169	0	3	16	0.000000	0.000000	0.000000	0.000000	30.57826122000000	-96.35087536000000	200.00000000000000	1
170	0	3	16	0.000000	0.000000	0.000000	0.000000	30.57778099000000	-96.35084258000001	200.00000000000000	1
171	0	3	16	0.000000	0.000000	0.000000	0.000000	30.57679933321429	-96.35070891964287	200.00000000000000	1
172	0	3	16	0.000000	0.000000	0.000000	0.000000	30.57827020750000	-96.35049469392857	200.00000000000000	1
173	0	3	16	0.000000	0.000000	0.000000	0.000000	30.57818950750000	-96.35085323678572	200.00000000000000	1
174	0	3	16	0.000000	0.000000	0.000000	0.000000	30.57777788178571	-96.35082513964286	200.00000000000000	1
175	0	3	16	0.000000	0.000000	0.000000	0.000000	30.57695931642857	-96.35071084928573	200.00000000000000	1
176	0	3	16	0.000000	0.000000	0.000000	0.000000	30.57818504500000	-96.35053232785714	200.00000000000000	1
177	0	3	16	0.000000	0.000000	0.000000	0.000000	30.57811779500000	-96.35083111357145	200.00000000000000	1
178	0	3	16	0.000000	0.000000	0.000000	0.000000	30.57777477357143	-96.35080769928572	200.00000000000000	1
179	0	3	16	0.000000	0.000000	0.000000	0.000000	30.57711929964286	-96.35071277892860	200.00000000000000	1
180	0	3	16	0.000000	0.000000	0.000000	0.000000	30.57809988250000	-96.35056996178571	200.00000000000000	1
181	0	3	16	0.000000	0.000000	0.000000	0.000000	30.57804608250001	-96.35080899035717	200.00000000000000	1
182	0	3	16	0.000000	0.000000	0.000000	0.000000	30.57777166535714	-96.35079025892858	200.00000000000000	1
183	0	3	16	0.000000	0.000000	0.000000	0.000000	30.57727928285714	-96.35071470857146	200.00000000000000	1
184	0	3	16	0.000000	0.000000	0.000000	0.000000	30.57801472000000	-96.35060759571428	200.00000000000000	1
185	0	3	16	0.000000	0.000000	0.000000	0.000000	30.57797437000001	-96.35078686714289	200.00000000000000	1
186	0	3	16	0.000000	0.000000	0.000000	0.000000	30.57776855714285	-96.35077281857144	200.00000000000000	1
187	0	3	16	0.000000	0.000000	0.000000	0.000000	30.57743926607143	-96.35071663821432	200.00000000000000	1
188	0	3	16	0.000000	0.000000	0.000000	0.000000	30.57792955750000	-96.35064522964285	200.00000000000000	1
189	0	3	16	0.000000	0.000000	0.000000	0.000000	30.57790265750001	-96.35076474392861	200.00000000000000	1
190	0	3	16	0.000000	0.000000	0.000000	0.000000	30.57776544892857	-96.35075537821430	200.00000000000000	1
191	0	3	16	0.000000	0.000000	0.000000	0.000000	30.57759924928571	-96.35071856785719	200.00000000000000	1
192	0	3	16	0.000000	0.000000	0.000000	0.000000	30.57784439500000	-96.35068286357142	200.00000000000000	1
193	0	3	16	0.000000	0.000000	0.000000	0.000000	30.57783094500001	-96.35074262071433	200.00000000000000	1
194	0	3	16	0.000000	0.000000	0.000000	0.000000	30.57776234071428	-96.35073793785716	200.00000000000000	1
195	0	3	16	0.000000	0.000000	0.000000	0.000000	30.57775923250000	-96.35072049750005	200.00000000000000	1
