QGC WPL 110
0	0	0	16	0.000000	0.000000	0.000000	0.000000	30.57778140000000	-96.35173976000000	200.00000000000000	1
1	0	3	16	0.000000	0.000000	0.000000	0.000000	30.57814728000000	-96.35179882000000	200.00000000000000	1
2	0	3	16	0.000000	0.000000	0.000000	0.000000	30.57712737000000	-96.35210162000000	200.00000000000000	1
3	0	3	16	0.000000	0.000000	0.000000	0.000000	30.57718373000000	-96.35166915000001	200.00000000000000	1
4	0	3	16	0.000000	0.000000	0.000000	0.000000	30.57774976357143	-96.35175227107143	200.00000000000000	1
5	0	3	16	0.000000	0.000000	0.000000	0.000000	30.57806337500000	-96.35180289392856	200.00000000000000	1
6	0	3	16	0.000000	0.000000	0.000000	0.000000	30.57718916642857	-96.35206243678572	200.00000000000000	1
7	0	3	16	0.000000	0.000000	0.000000	0.000000	30.57723747500000	-96.35169174821429	200.00000000000000	1
8	0	3	16	0.000000	0.000000	0.000000	0.000000	30.57771812714286	-96.35176478214287	200.00000000000000	1
9	0	3	16	0.000000	0.000000	0.000000	0.000000	30.57797947000000	-96.35180696785713	200.00000000000000	1
10	0	3	16	0.000000	0.000000	0.000000	0.000000	30.57725096285714	-96.35202325357143	200.00000000000000	1
11	0	3	16	0.000000	0.000000	0.000000	0.000000	30.57729122000000	-96.35171434642858	200.00000000000000	1
12	0	3	16	0.000000	0.000000	0.000000	0.000000	30.57768649071429	-96.35177729321430	200.00000000000000	1
13	0	3	16	0.000000	0.000000	0.000000	0.000000	30.57789556500000	-96.35181104178569	200.00000000000000	1
14	0	3	16	0.000000	0.000000	0.000000	0.000000	30.57731275928571	-96.35198407035715	200.00000000000000	1
15	0	3	16	0.000000	0.000000	0.000000	0.000000	30.57734496500000	-96.35173694464287	200.00000000000000	1
16	0	3	16	0.000000	0.000000	0.000000	0.000000	30.57765485428572	-96.35178980428573	200.00000000000000	1
17	0	3	16	0.000000	0.000000	0.000000	0.000000	30.57781166000000	-96.35181511571426	200.00000000000000	1
18	0	3	16	0.000000	0.000000	0.000000	0.000000	30.57737455571429	-96.35194488714286	200.00000000000000	1
19	0	3	16	0.000000	0.000000	0.000000	0.000000	30.57739871000000	-96.35175954285715	200.00000000000000	1
20	0	3	16	0.000000	0.000000	0.000000	0.000000	30.57762321785715	-96.35180231535716	200.00000000000000	1
21	0	3	16	0.000000	0.000000	0.000000	0.000000	30.57772775500000	-96.35181918964282	200.00000000000000	1
22	0	3	16	0.000000	0.000000	0.000000	0.000000	30.57743635214286	-96.35190570392858	200.00000000000000	1
23	0	3	16	0.000000	0.000000	0.000000	0.000000	30.57745245500000	-96.35178214107144	200.00000000000000	1
24	0	3	16	0.000000	0.000000	0.000000	0.000000	30.57759158142858	-96.35181482642859	200.00000000000000	1
25	0	3	16	0.000000	0.000000	0.000000	0.000000	30.57764385000000	-96.35182326357139	200.00000000000000	1
26	0	3	16	0.000000	0.000000	0.000000	0.000000	30.57749814857143	-96.35186652071430	200.00000000000000	1
27	0	3	16	0.000000	0.000000	0.000000	0.000000	30.57750619999999	-96.35180473928573	200.00000000000000	1
28	0	3	16	0.000000	0.000000	0.000000	0.000000	30.57755994500001	-96.35182733750003	200.00000000000000	1
29	0	3	16	0.000000	0.000000	0.000000	0.000000	30.57778140000000	-96.35173976000000	200.00000000000000	1
30	0	3	16	0.000000	0.000000	0.000000	0.000000	30.57718373000000	-96.35166915000001	200.00000000000000	1
31	0	3	16	0.000000	0.000000	0.000000	0.000000	30.57763112000000	-96.35152394000001	200.00000000000000	1
32	0	3	16	0.000000	0.000000	0.000000	0.000000	30.57774578333333	-96.35172612047619	200.00000000000000	1
33	0	3	16	0.000000	0.000000	0.000000	0.000000	30.57723349476191	-96.35166559761905	200.00000000000000	1
34	0	3	16	0.000000	0.000000	0.000000	0.000000	30.57761697190476	-96.35154113190477	200.00000000000000	1
35	0	3	16	0.000000	0.000000	0.000000	0.000000	30.57771016666667	-96.35171248095237	200.00000000000000	1
36	0	3	16	0.000000	0.000000	0.000000	0.000000	30.57728325952381	-96.35166204523809	200.00000000000000	1
37	0	3	16	0.000000	0.000000	0.000000	0.000000	30.57760282380952	-96.35155832380953	200.00000000000000	1
38	0	3	16	0.000000	0.000000	0.000000	0.000000	30.57767455000000	-96.35169884142856	200.00000000000000	1
39	0	3	16	0.000000	0.000000	0.000000	0.000000	30.57733302428571	-96.35165849285713	200.00000000000000	1
40	0	3	16	0.000000	0.000000	0.000000	0.000000	30.57758867571428	-96.35157551571429	200.00000000000000	1
41	0	3	16	0.000000	0.000000	0.000000	0.000000	30.57763893333334	-96.35168520190474	200.00000000000000	1
42	0	3	16	0.000000	0.000000	0.000000	0.000000	30.57738278904762	-96.35165494047617	200.00000000000000	1
43	0	3	16	0.000000	0.000000	0.000000	0.000000	30.57757452761904	-96.35159270761905	200.00000000000000	1
44	0	3	16	0.000000	0.000000	0.000000	0.000000	30.57760331666667	-96.35167156238093	200.00000000000000	1
45	0	3	16	0.000000	0.000000	0.000000	0.000000	30.57743255380952	-96.35165138809521	200.00000000000000	1
46	0	3	16	0.000000	0.000000	0.000000	0.000000	30.57756037952380	-96.35160989952381	200.00000000000000	1
47	0	3	16	0.000000	0.000000	0.000000	0.000000	30.57756770000001	-96.35165792285711	200.00000000000000	1
48	0	3	16	0.000000	0.000000	0.000000	0.000000	30.57748231857143	-96.35164783571425	200.00000000000000	1
49	0	3	16	0.000000	0.000000	0.000000	0.000000	30.57754623142856	-96.35162709142857	200.00000000000000	1
50	0	3	16	0.000000	0.000000	0.000000	0.000000	30.57753208333335	-96.35164428333330	200.00000000000000	1
51	0	3	16	0.000000	0.000000	0.000000	0.000000	30.57763112000000	-96.35152394000001	200.00000000000000	1
52	0	3	16	0.000000	0.000000	0.000000	0.000000	30.57718373000000	-96.35166915000001	200.00000000000000	1
53	0	3	16	0.000000	0.000000	0.000000	0.000000	30.57694328000000	-96.35167493000000	200.00000000000000	1
54	0	3	16	0.000000	0.000000	0.000000	0.000000	30.57757706142857	-96.35153804476191	200.00000000000000	1
55	0	3	16	0.000000	0.000000	0.000000	0.000000	30.57719358428572	-96.35166251047620	200.00000000000000	1
56	0	3	16	0.000000	0.000000	0.000000	0.000000	30.57698748428571	-96.35166746476190	200.00000000000000	1
57	0	3	16	0.000000	0.000000	0.000000	0.000000	30.57752300285714	-96.35155214952381	200.00000000000000	1
58	0	3	16	0.000000	0.000000	0.000000	0.000000	30.57720343857143	-96.35165587095240	200.00000000000000	1
59	0	3	16	0.000000	0.000000	0.000000	0.000000	30.57703168857143	-96.35165999952380	200.00000000000000	1
60	0	3	16	0.000000	0.000000	0.000000	0.000000	30.57746894428571	-96.35156625428571	200.00000000000000	1
61	0	3	16	0.000000	0.000000	0.000000	0.000000	30.57721329285715	-96.35164923142860	200.00000000000000	1
62	0	3	16	0.000000	0.000000	0.000000	0.000000	30.57707589285714	-96.35165253428571	200.00000000000000	1
63	0	3	16	0.000000	0.000000	0.000000	0.000000	30.57741488571428	-96.35158035904762	200.00000000000000	1
64	0	3	16	0.000000	0.000000	0.000000	0.000000	30.57722314714286	-96.35164259190479	200.00000000000000	1
65	0	3	16	0.000000	0.000000	0.000000	0.000000	30.57712009714286	-96.35164506904761	200.00000000000000	1
66	0	3	16	0.000000	0.000000	0.000000	0.000000	30.57736082714285	-96.35159446380952	200.00000000000000	1
67	0	3	16	0.000000	0.000000	0.000000	0.000000	30.57723300142857	-96.35163595238099	200.00000000000000	1
68	0	3	16	0.000000	0.000000	0.000000	0.000000	30.57716430142857	-96.35163760380951	200.00000000000000	1
69	0	3	16	0.000000	0.000000	0.000000	0.000000	30.57730676857143	-96.35160856857142	200.00000000000000	1
70	0	3	16	0.000000	0.000000	0.000000	0.000000	30.57724285571429	-96.35162931285718	200.00000000000000	1
71	0	3	16	0.000000	0.000000	0.000000	0.000000	30.57720850571429	-96.35163013857141	200.00000000000000	1
72	0	3	16	0.000000	0.000000	0.000000	0.000000	30.57725271000000	-96.35162267333332	200.00000000000000	1
73	0	3	16	0.000000	0.000000	0.000000	0.000000	30.57694328000000	-96.35167493000000	200.00000000000000	1
74	0	3	16	0.000000	0.000000	0.000000	0.000000	30.57821008000000	-96.35069472000001	200.00000000000000	1
75	0	3	16	0.000000	0.000000	0.000000	0.000000	30.57763112000000	-96.35152394000001	200.00000000000000	1
76	0	3	16	0.000000	0.000000	0.000000	0.000000	30.57703635809524	-96.35162106333334	200.00000000000000	1
77	0	3	16	0.000000	0.000000	0.000000	0.000000	30.57812218666667	-96.35078088333334	200.00000000000000	1
78	0	3	16	0.000000	0.000000	0.000000	0.000000	30.57762593523810	-96.35149164333335	200.00000000000000	1
79	0	3	16	0.000000	0.000000	0.000000	0.000000	30.57712943619048	-96.35156719666668	200.00000000000000	1
80	0	3	16	0.000000	0.000000	0.000000	0.000000	30.57803429333334	-96.35086704666668	200.00000000000000	1
81	0	3	16	0.000000	0.000000	0.000000	0.000000	30.57762075047619	-96.35145934666669	200.00000000000000	1
82	0	3	16	0.000000	0.000000	0.000000	0.000000	30.57722251428572	-96.35151333000002	200.00000000000000	1
83	0	3	16	0.000000	0.000000	0.000000	0.000000	30.57794640000000	-96.35095321000001	200.00000000000000	1
84	0	3	16	0.000000	0.000000	0.000000	0.000000	30.57761556571429	-96.35142705000003	200.00000000000000	1
85	0	3	16	0.000000	0.000000	0.000000	0.000000	30.57731559238096	-96.35145946333336	200.00000000000000	1
86	0	3	16	0.000000	0.000000	0.000000	0.000000	30.57785850666667	-96.35103937333335	200.00000000000000	1
87	0	3	16	0.000000	0.000000	0.000000	0.000000	30.57761038095239	-96.35139475333337	200.00000000000000	1
88	0	3	16	0.000000	0.000000	0.000000	0.000000	30.57740867047620	-96.35140559666669	200.00000000000000	1
89	0	3	16	0.000000	0.000000	0.000000	0.000000	30.57777061333334	-96.35112553666669	200.00000000000000	1
90	0	3	16	0.000000	0.000000	0.000000	0.000000	30.57760519619048	-96.35136245666671	200.00000000000000	1
91	0	3	16	0.000000	0.000000	0.000000	0.000000	30.57750174857144	-96.35135173000003	200.00000000000000	1
92	0	3	16	0.000000	0.000000	0.000000	0.000000	30.57768272000000	-96.35121170000002	200.00000000000000	1
93	0	3	16	0.000000	0.000000	0.000000	0.000000	30.57760001142858	-96.35133016000005	200.00000000000000	1
94	0	3	16	0.000000	0.000000	0.000000	0.000000	30.57759482666668	-96.35129786333337	200.00000000000000	1
95	0	3	16	0.000000	0.000000	0.000000	0.000000	30.57763112000000	-96.35152394000001	200.00000000000000	1
96	0	3	16	0.000000	0.000000	0.000000	0.000000	30.57821008000000	-96.35069472000001	200.00000000000000	1
97	0	3	16	0.000000	0.000000	0.000000	0.000000	30.57844789000000	-96.35153305999999	200.00000000000000	1
98	0	3	16	0.000000	0.000000	0.000000	0.000000	30.57815908000000	-96.35170490000000	200.00000000000000	1
99	0	3	16	0.000000	0.000000	0.000000	0.000000	30.57769982321429	-96.35150111357143	200.00000000000000	1
100	0	3	16	0.000000	0.000000	0.000000	0.000000	30.57819607464286	-96.35079035357144	200.00000000000000	1
101	0	3	16	0.000000	0.000000	0.000000	0.000000	30.57839991178571	-96.35150893071427	200.00000000000000	1
102	0	3	16	0.000000	0.000000	0.000000	0.000000	30.57815236035714	-96.35165622214286	200.00000000000000	1
103	0	3	16	0.000000	0.000000	0.000000	0.000000	30.57776852642857	-96.35147828714285	200.00000000000000	1
104	0	3	16	0.000000	0.000000	0.000000	0.000000	30.57818206928571	-96.35088598714287	200.00000000000000	1
105	0	3	16	0.000000	0.000000	0.000000	0.000000	30.57835193357143	-96.35148480142855	200.00000000000000	1
106	0	3	16	0.000000	0.000000	0.000000	0.000000	30.57814564071428	-96.35160754428573	200.00000000000000	1
107	0	3	16	0.000000	0.000000	0.000000	0.000000	30.57783722964286	-96.35145546071428	200.00000000000000	1
108	0	3	16	0.000000	0.000000	0.000000	0.000000	30.57816806392857	-96.35098162071431	200.00000000000000	1
109	0	3	16	0.000000	0.000000	0.000000	0.000000	30.57830395535714	-96.35146067214284	200.00000000000000	1
110	0	3	16	0.000000	0.000000	0.000000	0.000000	30.57813892107142	-96.35155886642859	200.00000000000000	1
111	0	3	16	0.000000	0.000000	0.000000	0.000000	30.57790593285714	-96.35143263428570	200.00000000000000	1
112	0	3	16	0.000000	0.000000	0.000000	0.000000	30.57815405857142	-96.35107725428574	200.00000000000000	1
113	0	3	16	0.000000	0.000000	0.000000	0.000000	30.57825597714285	-96.35143654285712	200.00000000000000	1
114	0	3	16	0.000000	0.000000	0.000000	0.000000	30.57813220142857	-96.35151018857145	200.00000000000000	1
115	0	3	16	0.000000	0.000000	0.000000	0.000000	30.57797463607143	-96.35140980785712	200.00000000000000	1
116	0	3	16	0.000000	0.000000	0.000000	0.000000	30.57814005321428	-96.35117288785717	200.00000000000000	1
117	0	3	16	0.000000	0.000000	0.000000	0.000000	30.57820799892857	-96.35141241357140	200.00000000000000	1
118	0	3	16	0.000000	0.000000	0.000000	0.000000	30.57812548178571	-96.35146151071432	200.00000000000000	1
119	0	3	16	0.000000	0.000000	0.000000	0.000000	30.57804333928571	-96.35138698142855	200.00000000000000	1
120	0	3	16	0.000000	0.000000	0.000000	0.000000	30.57812604785714	-96.35126852142861	200.00000000000000	1
121	0	3	16	0.000000	0.000000	0.000000	0.000000	30.57816002071428	-96.35138828428568	200.00000000000000	1
122	0	3	16	0.000000	0.000000	0.000000	0.000000	30.57811876214285	-96.35141283285718	200.00000000000000	1
123	0	3	16	0.000000	0.000000	0.000000	0.000000	30.57811204250000	-96.35136415499997	200.00000000000000	1
124	0	3	16	0.000000	0.000000	0.000000	0.000000	30.57815908000000	-96.35170490000000	200.00000000000000	1
125	0	3	16	0.000000	0.000000	0.000000	0.000000	30.57844789000000	-96.35153305999999	200.00000000000000	1
126	0	3	16	0.000000	0.000000	0.000000	0.000000	30.57846219000000	-96.35192816999999	200.00000000000000	1
127	0	3	16	0.000000	0.000000	0.000000	0.000000	30.57818726666667	-96.35170734904762	200.00000000000000	1
128	0	3	16	0.000000	0.000000	0.000000	0.000000	30.57843481809524	-96.35156005761904	200.00000000000000	1
129	0	3	16	0.000000	0.000000	0.000000	0.000000	30.57844707523810	-96.35189872333332	200.00000000000000	1
130	0	3	16	0.000000	0.000000	0.000000	0.000000	30.57821545333334	-96.35170979809523	200.00000000000000	1
131	0	3	16	0.000000	0.000000	0.000000	0.000000	30.57842174619048	-96.35158705523808	200.00000000000000	1
132	0	3	16	0.000000	0.000000	0.000000	0.000000	30.57843196047619	-96.35186927666665	200.00000000000000	1
133	0	3	16	0.000000	0.000000	0.000000	0.000000	30.57824364000000	-96.35171224714284	200.00000000000000	1
134	0	3	16	0.000000	0.000000	0.000000	0.000000	30.57840867428572	-96.35161405285713	200.00000000000000	1
135	0	3	16	0.000000	0.000000	0.000000	0.000000	30.57841684571429	-96.35183982999997	200.00000000000000	1
136	0	3	16	0.000000	0.000000	0.000000	0.000000	30.57827182666667	-96.35171469619046	200.00000000000000	1
137	0	3	16	0.000000	0.000000	0.000000	0.000000	30.57839560238096	-96.35164105047618	200.00000000000000	1
138	0	3	16	0.000000	0.000000	0.000000	0.000000	30.57840173095238	-96.35181038333330	200.00000000000000	1
139	0	3	16	0.000000	0.000000	0.000000	0.000000	30.57830001333334	-96.35171714523807	200.00000000000000	1
140	0	3	16	0.000000	0.000000	0.000000	0.000000	30.57838253047620	-96.35166804809522	200.00000000000000	1
141	0	3	16	0.000000	0.000000	0.000000	0.000000	30.57838661619048	-96.35178093666663	200.00000000000000	1
142	0	3	16	0.000000	0.000000	0.000000	0.000000	30.57832820000001	-96.35171959428568	200.00000000000000	1
143	0	3	16	0.000000	0.000000	0.000000	0.000000	30.57836945857144	-96.35169504571427	200.00000000000000	1
144	0	3	16	0.000000	0.000000	0.000000	0.000000	30.57837150142857	-96.35175148999996	200.00000000000000	1
145	0	3	16	0.000000	0.000000	0.000000	0.000000	30.57835638666668	-96.35172204333330	200.00000000000000	1
146	0	3	16	0.000000	0.000000	0.000000	0.000000	30.57844789000000	-96.35153305999999	200.00000000000000	1
147	0	3	16	0.000000	0.000000	0.000000	0.000000	30.57821008000000	-96.35069472000001	200.00000000000000	1
148	0	3	16	0.000000	0.000000	0.000000	0.000000	30.57828019000000	-96.35046051000000	200.00000000000000	1
149	0	3	16	0.000000	0.000000	0.000000	0.000000	30.57842858000000	-96.35144206523809	200.00000000000000	1
150	0	3	16	0.000000	0.000000	0.000000	0.000000	30.57822474285715	-96.35072348809524	200.00000000000000	1
151	0	3	16	0.000000	0.000000	0.000000	0.000000	30.57828483714286	-96.35052273666668	200.00000000000000	1
152	0	3	16	0.000000	0.000000	0.000000	0.000000	30.57840927000000	-96.35135107047618	200.00000000000000	1
153	0	3	16	0.000000	0.000000	0.000000	0.000000	30.57823940571429	-96.35075225619048	200.00000000000000	1
154	0	3	16	0.000000	0.000000	0.000000	0.000000	30.57828948428571	-96.35058496333335	200.00000000000000	1
155	0	3	16	0.000000	0.000000	0.000000	0.000000	30.57838996000000	-96.35126007571428	200.00000000000000	1
156	0	3	16	0.000000	0.000000	0.000000	0.000000	30.57825406857143	-96.35078102428571	200.00000000000000	1
157	0	3	16	0.000000	0.000000	0.000000	0.000000	30.57829413142857	-96.35064719000002	200.00000000000000	1
158	0	3	16	0.000000	0.000000	0.000000	0.000000	30.57837065000000	-96.35116908095237	200.00000000000000	1
159	0	3	16	0.000000	0.000000	0.000000	0.000000	30.57826873142858	-96.35080979238094	200.00000000000000	1
160	0	3	16	0.000000	0.000000	0.000000	0.000000	30.57829877857142	-96.35070941666669	200.00000000000000	1
161	0	3	16	0.000000	0.000000	0.000000	0.000000	30.57835134000000	-96.35107808619047	200.00000000000000	1
162	0	3	16	0.000000	0.000000	0.000000	0.000000	30.57828339428572	-96.35083856047618	200.00000000000000	1
163	0	3	16	0.000000	0.000000	0.000000	0.000000	30.57830342571428	-96.35077164333336	200.00000000000000	1
164	0	3	16	0.000000	0.000000	0.000000	0.000000	30.57833203000001	-96.35098709142856	200.00000000000000	1
165	0	3	16	0.000000	0.000000	0.000000	0.000000	30.57829805714286	-96.35086732857141	200.00000000000000	1
166	0	3	16	0.000000	0.000000	0.000000	0.000000	30.57830807285713	-96.35083387000003	200.00000000000000	1
167	0	3	16	0.000000	0.000000	0.000000	0.000000	30.57831272000001	-96.35089609666666	200.00000000000000	1
168	0	3	16	0.000000	0.000000	0.000000	0.000000	30.57821008000000	-96.35069472000001	200.00000000000000	1
169	0	3	16	0.000000	0.000000	0.000000	0.000000	30.57682268000000	-96.35158393000000	200.00000000000000	1
170	0	3	16	0.000000	0.000000	0.000000	0.000000	30.57714354000000	-96.35078381000000	200.00000000000000	1
171	0	3	16	0.000000	0.000000	0.000000	0.000000	30.57806106000000	-96.35051122000000	200.00000000000000	1
172	0	3	16	0.000000	0.000000	0.000000	0.000000	30.57828019000000	-96.35046051000000	200.00000000000000	1
173	0	3	16	0.000000	0.000000	0.000000	0.000000	30.57813771285715	-96.35071073685715	200.00000000000000	1
174	0	3	16	0.000000	0.000000	0.000000	0.000000	30.57694851285714	-96.35147291685715	200.00000000000000	1
175	0	3	16	0.000000	0.000000	0.000000	0.000000	30.57722353571429	-96.35078709971428	200.00000000000000	1
176	0	3	16	0.000000	0.000000	0.000000	0.000000	30.57800998142857	-96.35055345114286	200.00000000000000	1
177	0	3	16	0.000000	0.000000	0.000000	0.000000	30.57819780714286	-96.35050998542857	200.00000000000000	1
178	0	3	16	0.000000	0.000000	0.000000	0.000000	30.57806534571429	-96.35072675371430	200.00000000000000	1
179	0	3	16	0.000000	0.000000	0.000000	0.000000	30.57707434571429	-96.35136190371429	200.00000000000000	1
180	0	3	16	0.000000	0.000000	0.000000	0.000000	30.57730353142858	-96.35079038942857	200.00000000000000	1
181	0	3	16	0.000000	0.000000	0.000000	0.000000	30.57795890285714	-96.35059568228571	200.00000000000000	1
182	0	3	16	0.000000	0.000000	0.000000	0.000000	30.57811542428571	-96.35055946085714	200.00000000000000	1
183	0	3	16	0.000000	0.000000	0.000000	0.000000	30.57799297857143	-96.35074277057144	200.00000000000000	1
184	0	3	16	0.000000	0.000000	0.000000	0.000000	30.57720017857143	-96.35125089057144	200.00000000000000	1
185	0	3	16	0.000000	0.000000	0.000000	0.000000	30.57738352714286	-96.35079367914285	200.00000000000000	1
186	0	3	16	0.000000	0.000000	0.000000	0.000000	30.57790782428572	-96.35063791342857	200.00000000000000	1
187	0	3	16	0.000000	0.000000	0.000000	0.000000	30.57803304142857	-96.35060893628571	200.00000000000000	1
188	0	3	16	0.000000	0.000000	0.000000	0.000000	30.57792061142858	-96.35075878742859	200.00000000000000	1
189	0	3	16	0.000000	0.000000	0.000000	0.000000	30.57732601142857	-96.35113987742858	200.00000000000000	1
190	0	3	16	0.000000	0.000000	0.000000	0.000000	30.57746352285715	-96.35079696885714	200.00000000000000	1
191	0	3	16	0.000000	0.000000	0.000000	0.000000	30.57785674571429	-96.35068014457143	200.00000000000000	1
192	0	3	16	0.000000	0.000000	0.000000	0.000000	30.57795065857142	-96.35065841171428	200.00000000000000	1
193	0	3	16	0.000000	0.000000	0.000000	0.000000	30.57784824428572	-96.35077480428573	200.00000000000000	1
194	0	3	16	0.000000	0.000000	0.000000	0.000000	30.57745184428572	-96.35102886428572	200.00000000000000	1
195	0	3	16	0.000000	0.000000	0.000000	0.000000	30.57754351857144	-96.35080025857143	200.00000000000000	1
196	0	3	16	0.000000	0.000000	0.000000	0.000000	30.57780566714286	-96.35072237571428	200.00000000000000	1
197	0	3	16	0.000000	0.000000	0.000000	0.000000	30.57786827571428	-96.35070788714285	200.00000000000000	1
198	0	3	16	0.000000	0.000000	0.000000	0.000000	30.57777587714287	-96.35079082114288	200.00000000000000	1
199	0	3	16	0.000000	0.000000	0.000000	0.000000	30.57757767714286	-96.35091785114287	200.00000000000000	1
200	0	3	16	0.000000	0.000000	0.000000	0.000000	30.57762351428573	-96.35080354828571	200.00000000000000	1
201	0	3	16	0.000000	0.000000	0.000000	0.000000	30.57775458857143	-96.35076460685714	200.00000000000000	1
202	0	3	16	0.000000	0.000000	0.000000	0.000000	30.57778589285714	-96.35075736257141	200.00000000000000	1
203	0	3	16	0.000000	0.000000	0.000000	0.000000	30.57770351000001	-96.35080683800003	200.00000000000000	1
204	0	3	16	0.000000	0.000000	0.000000	0.000000	30.57806106000000	-96.35051122000000	200.00000000000000	1
205	0	3	16	0.000000	0.000000	0.000000	0.000000	30.57697460000000	-96.35059604999999	200.00000000000000	1
206	0	3	16	0.000000	0.000000	0.000000	0.000000	30.57828019000000	-96.35046051000000	200.00000000000000	1
207	0	3	16	0.000000	0.000000	0.000000	0.000000	30.57801975857143	-96.35051284476191	200.00000000000000	1
208	0	3	16	0.000000	0.000000	0.000000	0.000000	30.57708850714286	-96.35058555619047	200.00000000000000	1
209	0	3	16	0.000000	0.000000	0.000000	0.000000	30.57820758428571	-96.35046937904762	200.00000000000000	1
210	0	3	16	0.000000	0.000000	0.000000	0.000000	30.57797845714286	-96.35051446952382	200.00000000000000	1
211	0	3	16	0.000000	0.000000	0.000000	0.000000	30.57720241428571	-96.35057506238094	200.00000000000000	1
212	0	3	16	0.000000	0.000000	0.000000	0.000000	30.57813497857143	-96.35047824809524	200.00000000000000	1
213	0	3	16	0.000000	0.000000	0.000000	0.000000	30.57793715571429	-96.35051609428572	200.00000000000000	1
214	0	3	16	0.000000	0.000000	0.000000	0.000000	30.57731632142857	-96.35056456857141	200.00000000000000	1
215	0	3	16	0.000000	0.000000	0.000000	0.000000	30.57806237285714	-96.35048711714286	200.00000000000000	1
216	0	3	16	0.000000	0.000000	0.000000	0.000000	30.57789585428572	-96.35051771904763	200.00000000000000	1
217	0	3	16	0.000000	0.000000	0.000000	0.000000	30.57743022857143	-96.35055407476189	200.00000000000000	1
218	0	3	16	0.000000	0.000000	0.000000	0.000000	30.57798976714285	-96.35049598619048	200.00000000000000	1
219	0	3	16	0.000000	0.000000	0.000000	0.000000	30.57785455285715	-96.35051934380954	200.00000000000000	1
220	0	3	16	0.000000	0.000000	0.000000	0.000000	30.57754413571429	-96.35054358095236	200.00000000000000	1
221	0	3	16	0.000000	0.000000	0.000000	0.000000	30.57791716142857	-96.35050485523810	200.00000000000000	1
222	0	3	16	0.000000	0.000000	0.000000	0.000000	30.57781325142858	-96.35052096857144	200.00000000000000	1
223	0	3	16	0.000000	0.000000	0.000000	0.000000	30.57765804285714	-96.35053308714284	200.00000000000000	1
224	0	3	16	0.000000	0.000000	0.000000	0.000000	30.57784455571428	-96.35051372428572	200.00000000000000	1
225	0	3	16	0.000000	0.000000	0.000000	0.000000	30.57777195000001	-96.35052259333335	200.00000000000000	1
