QGC WPL 110
0	0	0	16	0.000000	0.000000	0.000000	0.000000	30.57746643000000	-96.35159276000000	200.00000000000000	1
1	0	3	16	0.000000	0.000000	0.000000	0.000000	30.57765407000000	-96.35170977999999	200.00000000000000	1
2	0	3	16	0.000000	0.000000	0.000000	0.000000	30.57714616000000	-96.35200617000000	200.00000000000000	1
3	0	3	16	0.000000	0.000000	0.000000	0.000000	30.57674286000000	-96.35187043000001	200.00000000000000	1
4	0	3	16	0.000000	0.000000	0.000000	0.000000	30.57743585142857	-96.35162162071428	200.00000000000000	1
5	0	3	16	0.000000	0.000000	0.000000	0.000000	30.57759668571429	-96.35172192357142	200.00000000000000	1
6	0	3	16	0.000000	0.000000	0.000000	0.000000	30.57716133428572	-96.35197597214285	200.00000000000000	1
7	0	3	16	0.000000	0.000000	0.000000	0.000000	30.57681564857143	-96.35185962357143	200.00000000000000	1
8	0	3	16	0.000000	0.000000	0.000000	0.000000	30.57740527285714	-96.35165048142856	200.00000000000000	1
9	0	3	16	0.000000	0.000000	0.000000	0.000000	30.57753930142857	-96.35173406714284	200.00000000000000	1
10	0	3	16	0.000000	0.000000	0.000000	0.000000	30.57717650857143	-96.35194577428571	200.00000000000000	1
11	0	3	16	0.000000	0.000000	0.000000	0.000000	30.57688843714286	-96.35184881714285	200.00000000000000	1
12	0	3	16	0.000000	0.000000	0.000000	0.000000	30.57737469428571	-96.35167934214284	200.00000000000000	1
13	0	3	16	0.000000	0.000000	0.000000	0.000000	30.57748191714286	-96.35174621071427	200.00000000000000	1
14	0	3	16	0.000000	0.000000	0.000000	0.000000	30.57719168285714	-96.35191557642857	200.00000000000000	1
15	0	3	16	0.000000	0.000000	0.000000	0.000000	30.57696122571429	-96.35183801071427	200.00000000000000	1
16	0	3	16	0.000000	0.000000	0.000000	0.000000	30.57734411571428	-96.35170820285713	200.00000000000000	1
17	0	3	16	0.000000	0.000000	0.000000	0.000000	30.57742453285714	-96.35175835428569	200.00000000000000	1
18	0	3	16	0.000000	0.000000	0.000000	0.000000	30.57720685714286	-96.35188537857142	200.00000000000000	1
19	0	3	16	0.000000	0.000000	0.000000	0.000000	30.57703401428572	-96.35182720428570	200.00000000000000	1
20	0	3	16	0.000000	0.000000	0.000000	0.000000	30.57731353714285	-96.35173706357141	200.00000000000000	1
21	0	3	16	0.000000	0.000000	0.000000	0.000000	30.57736714857143	-96.35177049785712	200.00000000000000	1
22	0	3	16	0.000000	0.000000	0.000000	0.000000	30.57722203142857	-96.35185518071428	200.00000000000000	1
23	0	3	16	0.000000	0.000000	0.000000	0.000000	30.57710680285715	-96.35181639785712	200.00000000000000	1
24	0	3	16	0.000000	0.000000	0.000000	0.000000	30.57728295857142	-96.35176592428569	200.00000000000000	1
25	0	3	16	0.000000	0.000000	0.000000	0.000000	30.57730976428572	-96.35178264142854	200.00000000000000	1
26	0	3	16	0.000000	0.000000	0.000000	0.000000	30.57723720571429	-96.35182498285714	200.00000000000000	1
27	0	3	16	0.000000	0.000000	0.000000	0.000000	30.57717959142858	-96.35180559142854	200.00000000000000	1
28	0	3	16	0.000000	0.000000	0.000000	0.000000	30.57725237999999	-96.35179478499997	200.00000000000000	1
29	0	3	16	0.000000	0.000000	0.000000	0.000000	30.57746643000000	-96.35159276000000	200.00000000000000	1
30	0	3	16	0.000000	0.000000	0.000000	0.000000	30.57805186000000	-96.35172381000000	200.00000000000000	1
31	0	3	16	0.000000	0.000000	0.000000	0.000000	30.57836891000000	-96.35195097000000	200.00000000000000	1
32	0	3	16	0.000000	0.000000	0.000000	0.000000	30.57765407000000	-96.35170977999999	200.00000000000000	1
33	0	3	16	0.000000	0.000000	0.000000	0.000000	30.57752627107143	-96.35161441285715	200.00000000000000	1
34	0	3	16	0.000000	0.000000	0.000000	0.000000	30.57802806821428	-96.35172674142856	200.00000000000000	1
35	0	3	16	0.000000	0.000000	0.000000	0.000000	30.57829982535714	-96.35192145000001	200.00000000000000	1
36	0	3	16	0.000000	0.000000	0.000000	0.000000	30.57768710535714	-96.35171471571428	200.00000000000000	1
37	0	3	16	0.000000	0.000000	0.000000	0.000000	30.57758611214286	-96.35163606571429	200.00000000000000	1
38	0	3	16	0.000000	0.000000	0.000000	0.000000	30.57800427642857	-96.35172967285713	200.00000000000000	1
39	0	3	16	0.000000	0.000000	0.000000	0.000000	30.57823074071429	-96.35189193000001	200.00000000000000	1
40	0	3	16	0.000000	0.000000	0.000000	0.000000	30.57772014071428	-96.35171965142857	200.00000000000000	1
41	0	3	16	0.000000	0.000000	0.000000	0.000000	30.57764595321429	-96.35165771857143	200.00000000000000	1
42	0	3	16	0.000000	0.000000	0.000000	0.000000	30.57798048464285	-96.35173260428570	200.00000000000000	1
43	0	3	16	0.000000	0.000000	0.000000	0.000000	30.57816165607143	-96.35186241000001	200.00000000000000	1
44	0	3	16	0.000000	0.000000	0.000000	0.000000	30.57775317607143	-96.35172458714285	200.00000000000000	1
45	0	3	16	0.000000	0.000000	0.000000	0.000000	30.57770579428572	-96.35167937142857	200.00000000000000	1
46	0	3	16	0.000000	0.000000	0.000000	0.000000	30.57795669285714	-96.35173553571427	200.00000000000000	1
47	0	3	16	0.000000	0.000000	0.000000	0.000000	30.57809257142857	-96.35183289000001	200.00000000000000	1
48	0	3	16	0.000000	0.000000	0.000000	0.000000	30.57778621142857	-96.35172952285714	200.00000000000000	1
49	0	3	16	0.000000	0.000000	0.000000	0.000000	30.57776563535715	-96.35170102428572	200.00000000000000	1
50	0	3	16	0.000000	0.000000	0.000000	0.000000	30.57793290107142	-96.35173846714284	200.00000000000000	1
51	0	3	16	0.000000	0.000000	0.000000	0.000000	30.57802348678572	-96.35180337000001	200.00000000000000	1
52	0	3	16	0.000000	0.000000	0.000000	0.000000	30.57781924678571	-96.35173445857143	200.00000000000000	1
53	0	3	16	0.000000	0.000000	0.000000	0.000000	30.57782547642858	-96.35172267714286	200.00000000000000	1
54	0	3	16	0.000000	0.000000	0.000000	0.000000	30.57790910928571	-96.35174139857141	200.00000000000000	1
55	0	3	16	0.000000	0.000000	0.000000	0.000000	30.57795440214286	-96.35177385000001	200.00000000000000	1
56	0	3	16	0.000000	0.000000	0.000000	0.000000	30.57785228214285	-96.35173939428572	200.00000000000000	1
57	0	3	16	0.000000	0.000000	0.000000	0.000000	30.57788531750001	-96.35174433000000	200.00000000000000	1
58	0	3	16	0.000000	0.000000	0.000000	0.000000	30.57746643000000	-96.35159276000000	200.00000000000000	1
59	0	3	16	0.000000	0.000000	0.000000	0.000000	30.57674286000000	-96.35187043000001	200.00000000000000	1
60	0	3	16	0.000000	0.000000	0.000000	0.000000	30.57691184000000	-96.35170522000000	200.00000000000000	1
61	0	3	16	0.000000	0.000000	0.000000	0.000000	30.57785242000000	-96.35143083000000	200.00000000000000	1
62	0	3	16	0.000000	0.000000	0.000000	0.000000	30.57743456678572	-96.35160091000000	200.00000000000000	1
63	0	3	16	0.000000	0.000000	0.000000	0.000000	30.57681436392857	-96.35183891285715	200.00000000000000	1
64	0	3	16	0.000000	0.000000	0.000000	0.000000	30.57695920392857	-96.35169730428571	200.00000000000000	1
65	0	3	16	0.000000	0.000000	0.000000	0.000000	30.57776541535714	-96.35146211285713	200.00000000000000	1
66	0	3	16	0.000000	0.000000	0.000000	0.000000	30.57740270357143	-96.35160906000000	200.00000000000000	1
67	0	3	16	0.000000	0.000000	0.000000	0.000000	30.57688586785714	-96.35180739571429	200.00000000000000	1
68	0	3	16	0.000000	0.000000	0.000000	0.000000	30.57700656785714	-96.35168938857142	200.00000000000000	1
69	0	3	16	0.000000	0.000000	0.000000	0.000000	30.57767841071428	-96.35149339571427	200.00000000000000	1
70	0	3	16	0.000000	0.000000	0.000000	0.000000	30.57737084035714	-96.35161721000000	200.00000000000000	1
71	0	3	16	0.000000	0.000000	0.000000	0.000000	30.57695737178571	-96.35177587857143	200.00000000000000	1
72	0	3	16	0.000000	0.000000	0.000000	0.000000	30.57705393178571	-96.35168147285712	200.00000000000000	1
73	0	3	16	0.000000	0.000000	0.000000	0.000000	30.57759140607143	-96.35152467857141	200.00000000000000	1
74	0	3	16	0.000000	0.000000	0.000000	0.000000	30.57733897714286	-96.35162536000000	200.00000000000000	1
75	0	3	16	0.000000	0.000000	0.000000	0.000000	30.57702887571428	-96.35174436142857	200.00000000000000	1
76	0	3	16	0.000000	0.000000	0.000000	0.000000	30.57710129571428	-96.35167355714283	200.00000000000000	1
77	0	3	16	0.000000	0.000000	0.000000	0.000000	30.57750440142857	-96.35155596142855	200.00000000000000	1
78	0	3	16	0.000000	0.000000	0.000000	0.000000	30.57730711392857	-96.35163351000000	200.00000000000000	1
79	0	3	16	0.000000	0.000000	0.000000	0.000000	30.57710037964285	-96.35171284428571	200.00000000000000	1
80	0	3	16	0.000000	0.000000	0.000000	0.000000	30.57714865964285	-96.35166564142854	200.00000000000000	1
81	0	3	16	0.000000	0.000000	0.000000	0.000000	30.57741739678571	-96.35158724428568	200.00000000000000	1
82	0	3	16	0.000000	0.000000	0.000000	0.000000	30.57727525071429	-96.35164166000000	200.00000000000000	1
83	0	3	16	0.000000	0.000000	0.000000	0.000000	30.57717188357142	-96.35168132714286	200.00000000000000	1
84	0	3	16	0.000000	0.000000	0.000000	0.000000	30.57719602357142	-96.35165772571425	200.00000000000000	1
85	0	3	16	0.000000	0.000000	0.000000	0.000000	30.57733039214285	-96.35161852714282	200.00000000000000	1
86	0	3	16	0.000000	0.000000	0.000000	0.000000	30.57724338750000	-96.35164981000000	200.00000000000000	1
87	0	3	16	0.000000	0.000000	0.000000	0.000000	30.57691184000000	-96.35170522000000	200.00000000000000	1
88	0	3	16	0.000000	0.000000	0.000000	0.000000	30.57666668000000	-96.35137647000001	200.00000000000000	1
89	0	3	16	0.000000	0.000000	0.000000	0.000000	30.57737610000000	-96.35043130000000	200.00000000000000	1
90	0	3	16	0.000000	0.000000	0.000000	0.000000	30.57781524000000	-96.35121875000000	200.00000000000000	1
91	0	3	16	0.000000	0.000000	0.000000	0.000000	30.57785242000000	-96.35143083000000	200.00000000000000	1
92	0	3	16	0.000000	0.000000	0.000000	0.000000	30.57697078514286	-96.35163769057142	200.00000000000000	1
93	0	3	16	0.000000	0.000000	0.000000	0.000000	30.57676064800000	-96.35135590485714	200.00000000000000	1
94	0	3	16	0.000000	0.000000	0.000000	0.000000	30.57736872228571	-96.35054575914285	200.00000000000000	1
95	0	3	16	0.000000	0.000000	0.000000	0.000000	30.57774512800000	-96.35122071628571	200.00000000000000	1
96	0	3	16	0.000000	0.000000	0.000000	0.000000	30.57777699657143	-96.35140249914285	200.00000000000000	1
97	0	3	16	0.000000	0.000000	0.000000	0.000000	30.57702973028572	-96.35157016114285	200.00000000000000	1
98	0	3	16	0.000000	0.000000	0.000000	0.000000	30.57685461599999	-96.35133533971428	200.00000000000000	1
99	0	3	16	0.000000	0.000000	0.000000	0.000000	30.57736134457143	-96.35066021828570	200.00000000000000	1
100	0	3	16	0.000000	0.000000	0.000000	0.000000	30.57767501600000	-96.35122268257142	200.00000000000000	1
101	0	3	16	0.000000	0.000000	0.000000	0.000000	30.57770157314285	-96.35137416828570	200.00000000000000	1
102	0	3	16	0.000000	0.000000	0.000000	0.000000	30.57708867542857	-96.35150263171427	200.00000000000000	1
103	0	3	16	0.000000	0.000000	0.000000	0.000000	30.57694858399999	-96.35131477457142	200.00000000000000	1
104	0	3	16	0.000000	0.000000	0.000000	0.000000	30.57735396685714	-96.35077467742855	200.00000000000000	1
105	0	3	16	0.000000	0.000000	0.000000	0.000000	30.57760490400000	-96.35122464885713	200.00000000000000	1
106	0	3	16	0.000000	0.000000	0.000000	0.000000	30.57762614971428	-96.35134583742855	200.00000000000000	1
107	0	3	16	0.000000	0.000000	0.000000	0.000000	30.57714762057143	-96.35143510228569	200.00000000000000	1
108	0	3	16	0.000000	0.000000	0.000000	0.000000	30.57704255199999	-96.35129420942856	200.00000000000000	1
109	0	3	16	0.000000	0.000000	0.000000	0.000000	30.57734658914285	-96.35088913657140	200.00000000000000	1
110	0	3	16	0.000000	0.000000	0.000000	0.000000	30.57753479200000	-96.35122661514283	200.00000000000000	1
111	0	3	16	0.000000	0.000000	0.000000	0.000000	30.57755072628571	-96.35131750657141	200.00000000000000	1
112	0	3	16	0.000000	0.000000	0.000000	0.000000	30.57720656571429	-96.35136757285711	200.00000000000000	1
113	0	3	16	0.000000	0.000000	0.000000	0.000000	30.57713651999999	-96.35127364428570	200.00000000000000	1
114	0	3	16	0.000000	0.000000	0.000000	0.000000	30.57733921142857	-96.35100359571425	200.00000000000000	1
115	0	3	16	0.000000	0.000000	0.000000	0.000000	30.57746468000000	-96.35122858142854	200.00000000000000	1
116	0	3	16	0.000000	0.000000	0.000000	0.000000	30.57747530285713	-96.35128917571426	200.00000000000000	1
117	0	3	16	0.000000	0.000000	0.000000	0.000000	30.57726551085715	-96.35130004342854	200.00000000000000	1
118	0	3	16	0.000000	0.000000	0.000000	0.000000	30.57723048799999	-96.35125307914284	200.00000000000000	1
119	0	3	16	0.000000	0.000000	0.000000	0.000000	30.57733183371428	-96.35111805485710	200.00000000000000	1
120	0	3	16	0.000000	0.000000	0.000000	0.000000	30.57739456800000	-96.35123054771425	200.00000000000000	1
121	0	3	16	0.000000	0.000000	0.000000	0.000000	30.57739987942856	-96.35126084485711	200.00000000000000	1
122	0	3	16	0.000000	0.000000	0.000000	0.000000	30.57732445600000	-96.35123251399996	200.00000000000000	1
123	0	3	16	0.000000	0.000000	0.000000	0.000000	30.57781524000000	-96.35121875000000	200.00000000000000	1
124	0	3	16	0.000000	0.000000	0.000000	0.000000	30.57774511000000	-96.35065695999999	200.00000000000000	1
125	0	3	16	0.000000	0.000000	0.000000	0.000000	30.57833283000000	-96.35153055000001	200.00000000000000	1
126	0	3	16	0.000000	0.000000	0.000000	0.000000	30.57839509000000	-96.35167401000000	200.00000000000000	1
127	0	3	16	0.000000	0.000000	0.000000	0.000000	30.57804385000000	-96.35167274000000	200.00000000000000	1
128	0	3	16	0.000000	0.000000	0.000000	0.000000	30.57785242000000	-96.35143083000000	200.00000000000000	1
129	0	3	16	0.000000	0.000000	0.000000	0.000000	30.57784602809524	-96.35123949619047	200.00000000000000	1
130	0	3	16	0.000000	0.000000	0.000000	0.000000	30.57778591666667	-96.35075796190476	200.00000000000000	1
131	0	3	16	0.000000	0.000000	0.000000	0.000000	30.57828967666667	-96.35150675333334	200.00000000000000	1
132	0	3	16	0.000000	0.000000	0.000000	0.000000	30.57834304238095	-96.35162971904762	200.00000000000000	1
133	0	3	16	0.000000	0.000000	0.000000	0.000000	30.57804197952381	-96.35162863047618	200.00000000000000	1
134	0	3	16	0.000000	0.000000	0.000000	0.000000	30.57787789666667	-96.35142127904761	200.00000000000000	1
135	0	3	16	0.000000	0.000000	0.000000	0.000000	30.57787681619048	-96.35126024238095	200.00000000000000	1
136	0	3	16	0.000000	0.000000	0.000000	0.000000	30.57782672333333	-96.35085896380953	200.00000000000000	1
137	0	3	16	0.000000	0.000000	0.000000	0.000000	30.57824652333333	-96.35148295666667	200.00000000000000	1
138	0	3	16	0.000000	0.000000	0.000000	0.000000	30.57829099476191	-96.35158542809525	200.00000000000000	1
139	0	3	16	0.000000	0.000000	0.000000	0.000000	30.57804010904762	-96.35158452095237	200.00000000000000	1
140	0	3	16	0.000000	0.000000	0.000000	0.000000	30.57790337333333	-96.35141172809523	200.00000000000000	1
141	0	3	16	0.000000	0.000000	0.000000	0.000000	30.57790760428571	-96.35128098857142	200.00000000000000	1
142	0	3	16	0.000000	0.000000	0.000000	0.000000	30.57786753000000	-96.35095996571430	200.00000000000000	1
143	0	3	16	0.000000	0.000000	0.000000	0.000000	30.57820337000000	-96.35145916000000	200.00000000000000	1
144	0	3	16	0.000000	0.000000	0.000000	0.000000	30.57823894714286	-96.35154113714287	200.00000000000000	1
145	0	3	16	0.000000	0.000000	0.000000	0.000000	30.57803823857143	-96.35154041142856	200.00000000000000	1
146	0	3	16	0.000000	0.000000	0.000000	0.000000	30.57792885000000	-96.35140217714284	200.00000000000000	1
147	0	3	16	0.000000	0.000000	0.000000	0.000000	30.57793839238095	-96.35130173476189	200.00000000000000	1
148	0	3	16	0.000000	0.000000	0.000000	0.000000	30.57790833666667	-96.35106096761906	200.00000000000000	1
149	0	3	16	0.000000	0.000000	0.000000	0.000000	30.57816021666667	-96.35143536333334	200.00000000000000	1
150	0	3	16	0.000000	0.000000	0.000000	0.000000	30.57818689952381	-96.35149684619050	200.00000000000000	1
151	0	3	16	0.000000	0.000000	0.000000	0.000000	30.57803636809524	-96.35149630190475	200.00000000000000	1
152	0	3	16	0.000000	0.000000	0.000000	0.000000	30.57795432666667	-96.35139262619046	200.00000000000000	1
153	0	3	16	0.000000	0.000000	0.000000	0.000000	30.57796918047619	-96.35132248095236	200.00000000000000	1
154	0	3	16	0.000000	0.000000	0.000000	0.000000	30.57794914333334	-96.35116196952383	200.00000000000000	1
155	0	3	16	0.000000	0.000000	0.000000	0.000000	30.57811706333333	-96.35141156666667	200.00000000000000	1
156	0	3	16	0.000000	0.000000	0.000000	0.000000	30.57813485190477	-96.35145255523813	200.00000000000000	1
157	0	3	16	0.000000	0.000000	0.000000	0.000000	30.57803449761905	-96.35145219238093	200.00000000000000	1
158	0	3	16	0.000000	0.000000	0.000000	0.000000	30.57797980333334	-96.35138307523808	200.00000000000000	1
159	0	3	16	0.000000	0.000000	0.000000	0.000000	30.57799996857143	-96.35134322714283	200.00000000000000	1
160	0	3	16	0.000000	0.000000	0.000000	0.000000	30.57798995000001	-96.35126297142860	200.00000000000000	1
161	0	3	16	0.000000	0.000000	0.000000	0.000000	30.57807391000000	-96.35138777000000	200.00000000000000	1
162	0	3	16	0.000000	0.000000	0.000000	0.000000	30.57808280428572	-96.35140826428575	200.00000000000000	1
163	0	3	16	0.000000	0.000000	0.000000	0.000000	30.57803262714286	-96.35140808285712	200.00000000000000	1
164	0	3	16	0.000000	0.000000	0.000000	0.000000	30.57800528000001	-96.35137352428569	200.00000000000000	1
165	0	3	16	0.000000	0.000000	0.000000	0.000000	30.57803075666666	-96.35136397333331	200.00000000000000	1
