QGC WPL 110
0	0	0	16	0.000000	0.000000	0.000000	0.000000	30.57842100000000	-96.35183263000000	200.00000000000000	1
1	0	3	16	0.000000	0.000000	0.000000	0.000000	30.57684694000000	-96.35201149000000	200.00000000000000	1
2	0	3	16	0.000000	0.000000	0.000000	0.000000	30.57682381000000	-96.35147949000000	200.00000000000000	1
3	0	3	16	0.000000	0.000000	0.000000	0.000000	30.57789819000000	-96.35148567000000	200.00000000000000	1
4	0	3	16	0.000000	0.000000	0.000000	0.000000	30.57828906928571	-96.35181401428572	200.00000000000000	1
5	0	3	16	0.000000	0.000000	0.000000	0.000000	30.57693987500000	-96.35196732285713	200.00000000000000	1
6	0	3	16	0.000000	0.000000	0.000000	0.000000	30.57692004928571	-96.35151132285715	200.00000000000000	1
7	0	3	16	0.000000	0.000000	0.000000	0.000000	30.57784094642857	-96.35151662000000	200.00000000000000	1
8	0	3	16	0.000000	0.000000	0.000000	0.000000	30.57815713857143	-96.35179539857144	200.00000000000000	1
9	0	3	16	0.000000	0.000000	0.000000	0.000000	30.57703281000000	-96.35192315571427	200.00000000000000	1
10	0	3	16	0.000000	0.000000	0.000000	0.000000	30.57701628857143	-96.35154315571430	200.00000000000000	1
11	0	3	16	0.000000	0.000000	0.000000	0.000000	30.57778370285714	-96.35154756999999	200.00000000000000	1
12	0	3	16	0.000000	0.000000	0.000000	0.000000	30.57802520785714	-96.35177678285716	200.00000000000000	1
13	0	3	16	0.000000	0.000000	0.000000	0.000000	30.57712574500000	-96.35187898857141	200.00000000000000	1
14	0	3	16	0.000000	0.000000	0.000000	0.000000	30.57711252785714	-96.35157498857144	200.00000000000000	1
15	0	3	16	0.000000	0.000000	0.000000	0.000000	30.57772645928571	-96.35157851999999	200.00000000000000	1
16	0	3	16	0.000000	0.000000	0.000000	0.000000	30.57789327714286	-96.35175816714288	200.00000000000000	1
17	0	3	16	0.000000	0.000000	0.000000	0.000000	30.57721868000000	-96.35183482142855	200.00000000000000	1
18	0	3	16	0.000000	0.000000	0.000000	0.000000	30.57720876714286	-96.35160682142859	200.00000000000000	1
19	0	3	16	0.000000	0.000000	0.000000	0.000000	30.57766921571428	-96.35160946999999	200.00000000000000	1
20	0	3	16	0.000000	0.000000	0.000000	0.000000	30.57776134642857	-96.35173955142859	200.00000000000000	1
21	0	3	16	0.000000	0.000000	0.000000	0.000000	30.57731161500001	-96.35179065428569	200.00000000000000	1
22	0	3	16	0.000000	0.000000	0.000000	0.000000	30.57730500642857	-96.35163865428574	200.00000000000000	1
23	0	3	16	0.000000	0.000000	0.000000	0.000000	30.57761197214285	-96.35164041999998	200.00000000000000	1
24	0	3	16	0.000000	0.000000	0.000000	0.000000	30.57762941571428	-96.35172093571431	200.00000000000000	1
25	0	3	16	0.000000	0.000000	0.000000	0.000000	30.57740455000001	-96.35174648714283	200.00000000000000	1
26	0	3	16	0.000000	0.000000	0.000000	0.000000	30.57740124571428	-96.35167048714288	200.00000000000000	1
27	0	3	16	0.000000	0.000000	0.000000	0.000000	30.57755472857142	-96.35167136999998	200.00000000000000	1
28	0	3	16	0.000000	0.000000	0.000000	0.000000	30.57749748500000	-96.35170232000003	200.00000000000000	1
29	0	3	16	0.000000	0.000000	0.000000	0.000000	30.57789819000000	-96.35148567000000	200.00000000000000	1
30	0	3	16	0.000000	0.000000	0.000000	0.000000	30.57788064000000	-96.35045475000000	200.00000000000000	1
31	0	3	16	0.000000	0.000000	0.000000	0.000000	30.57805091000000	-96.35029256000000	200.00000000000000	1
32	0	3	16	0.000000	0.000000	0.000000	0.000000	30.57842100000000	-96.35183263000000	200.00000000000000	1
33	0	3	16	0.000000	0.000000	0.000000	0.000000	30.57792168928571	-96.35141863178572	200.00000000000000	1
34	0	3	16	0.000000	0.000000	0.000000	0.000000	30.57790664642857	-96.35053498607142	200.00000000000000	1
35	0	3	16	0.000000	0.000000	0.000000	0.000000	30.57805259214286	-96.35039596607143	200.00000000000000	1
36	0	3	16	0.000000	0.000000	0.000000	0.000000	30.57836981214286	-96.35171602607143	200.00000000000000	1
37	0	3	16	0.000000	0.000000	0.000000	0.000000	30.57794518857143	-96.35135159357144	200.00000000000000	1
38	0	3	16	0.000000	0.000000	0.000000	0.000000	30.57793265285715	-96.35061522214285	200.00000000000000	1
39	0	3	16	0.000000	0.000000	0.000000	0.000000	30.57805427428572	-96.35049937214286	200.00000000000000	1
40	0	3	16	0.000000	0.000000	0.000000	0.000000	30.57831862428571	-96.35159942214285	200.00000000000000	1
41	0	3	16	0.000000	0.000000	0.000000	0.000000	30.57796868785714	-96.35128455535715	200.00000000000000	1
42	0	3	16	0.000000	0.000000	0.000000	0.000000	30.57795865928572	-96.35069545821428	200.00000000000000	1
43	0	3	16	0.000000	0.000000	0.000000	0.000000	30.57805595642858	-96.35060277821430	200.00000000000000	1
44	0	3	16	0.000000	0.000000	0.000000	0.000000	30.57826743642857	-96.35148281821428	200.00000000000000	1
45	0	3	16	0.000000	0.000000	0.000000	0.000000	30.57799218714285	-96.35121751714287	200.00000000000000	1
46	0	3	16	0.000000	0.000000	0.000000	0.000000	30.57798466571429	-96.35077569428570	200.00000000000000	1
47	0	3	16	0.000000	0.000000	0.000000	0.000000	30.57805763857144	-96.35070618428573	200.00000000000000	1
48	0	3	16	0.000000	0.000000	0.000000	0.000000	30.57821624857143	-96.35136621428570	200.00000000000000	1
49	0	3	16	0.000000	0.000000	0.000000	0.000000	30.57801568642857	-96.35115047892859	200.00000000000000	1
50	0	3	16	0.000000	0.000000	0.000000	0.000000	30.57801067214287	-96.35085593035713	200.00000000000000	1
51	0	3	16	0.000000	0.000000	0.000000	0.000000	30.57805932071430	-96.35080959035716	200.00000000000000	1
52	0	3	16	0.000000	0.000000	0.000000	0.000000	30.57816506071429	-96.35124961035713	200.00000000000000	1
53	0	3	16	0.000000	0.000000	0.000000	0.000000	30.57803918571428	-96.35108344071431	200.00000000000000	1
54	0	3	16	0.000000	0.000000	0.000000	0.000000	30.57803667857144	-96.35093616642855	200.00000000000000	1
55	0	3	16	0.000000	0.000000	0.000000	0.000000	30.57806100285715	-96.35091299642859	200.00000000000000	1
56	0	3	16	0.000000	0.000000	0.000000	0.000000	30.57811387285714	-96.35113300642855	200.00000000000000	1
57	0	3	16	0.000000	0.000000	0.000000	0.000000	30.57806268500000	-96.35101640250002	200.00000000000000	1
58	0	3	16	0.000000	0.000000	0.000000	0.000000	30.57788064000000	-96.35045475000000	200.00000000000000	1
59	0	3	16	0.000000	0.000000	0.000000	0.000000	30.57729794000000	-96.35071360000001	200.00000000000000	1
60	0	3	16	0.000000	0.000000	0.000000	0.000000	30.57805091000000	-96.35029256000000	200.00000000000000	1
61	0	3	16	0.000000	0.000000	0.000000	0.000000	30.57786100047619	-96.35045935285714	200.00000000000000	1
62	0	3	16	0.000000	0.000000	0.000000	0.000000	30.57736154333334	-96.35068122428572	200.00000000000000	1
63	0	3	16	0.000000	0.000000	0.000000	0.000000	30.57800694619048	-96.35032033285714	200.00000000000000	1
64	0	3	16	0.000000	0.000000	0.000000	0.000000	30.57784136095238	-96.35046395571429	200.00000000000000	1
65	0	3	16	0.000000	0.000000	0.000000	0.000000	30.57742514666667	-96.35064884857144	200.00000000000000	1
66	0	3	16	0.000000	0.000000	0.000000	0.000000	30.57796298238095	-96.35034810571427	200.00000000000000	1
67	0	3	16	0.000000	0.000000	0.000000	0.000000	30.57782172142857	-96.35046855857144	200.00000000000000	1
68	0	3	16	0.000000	0.000000	0.000000	0.000000	30.57748875000000	-96.35061647285715	200.00000000000000	1
69	0	3	16	0.000000	0.000000	0.000000	0.000000	30.57791901857143	-96.35037587857141	200.00000000000000	1
70	0	3	16	0.000000	0.000000	0.000000	0.000000	30.57780208190476	-96.35047316142858	200.00000000000000	1
71	0	3	16	0.000000	0.000000	0.000000	0.000000	30.57755235333334	-96.35058409714287	200.00000000000000	1
72	0	3	16	0.000000	0.000000	0.000000	0.000000	30.57787505476190	-96.35040365142855	200.00000000000000	1
73	0	3	16	0.000000	0.000000	0.000000	0.000000	30.57778244238095	-96.35047776428573	200.00000000000000	1
74	0	3	16	0.000000	0.000000	0.000000	0.000000	30.57761595666667	-96.35055172142859	200.00000000000000	1
75	0	3	16	0.000000	0.000000	0.000000	0.000000	30.57783109095238	-96.35043142428569	200.00000000000000	1
76	0	3	16	0.000000	0.000000	0.000000	0.000000	30.57776280285714	-96.35048236714287	200.00000000000000	1
77	0	3	16	0.000000	0.000000	0.000000	0.000000	30.57767956000001	-96.35051934571430	200.00000000000000	1
78	0	3	16	0.000000	0.000000	0.000000	0.000000	30.57778712714286	-96.35045919714283	200.00000000000000	1
79	0	3	16	0.000000	0.000000	0.000000	0.000000	30.57774316333333	-96.35048697000002	200.00000000000000	1
80	0	3	16	0.000000	0.000000	0.000000	0.000000	30.57788064000000	-96.35045475000000	200.00000000000000	1
81	0	3	16	0.000000	0.000000	0.000000	0.000000	30.57783362000000	-96.35139693000001	200.00000000000000	1
82	0	3	16	0.000000	0.000000	0.000000	0.000000	30.57754983000000	-96.35128672000000	200.00000000000000	1
83	0	3	16	0.000000	0.000000	0.000000	0.000000	30.57752876000000	-96.35098703000000	200.00000000000000	1
84	0	3	16	0.000000	0.000000	0.000000	0.000000	30.57785457892857	-96.35053712250000	200.00000000000000	1
85	0	3	16	0.000000	0.000000	0.000000	0.000000	30.57781427607143	-96.35134470535715	200.00000000000000	1
86	0	3	16	0.000000	0.000000	0.000000	0.000000	30.57757102750000	-96.35125023964287	200.00000000000000	1
87	0	3	16	0.000000	0.000000	0.000000	0.000000	30.57755296750000	-96.35099336250001	200.00000000000000	1
88	0	3	16	0.000000	0.000000	0.000000	0.000000	30.57782851785714	-96.35061949500000	200.00000000000000	1
89	0	3	16	0.000000	0.000000	0.000000	0.000000	30.57779493214286	-96.35129248071429	200.00000000000000	1
90	0	3	16	0.000000	0.000000	0.000000	0.000000	30.57759222500000	-96.35121375928573	200.00000000000000	1
91	0	3	16	0.000000	0.000000	0.000000	0.000000	30.57757717500000	-96.35099969500001	200.00000000000000	1
92	0	3	16	0.000000	0.000000	0.000000	0.000000	30.57780245678571	-96.35070186750001	200.00000000000000	1
93	0	3	16	0.000000	0.000000	0.000000	0.000000	30.57777558821429	-96.35124025607143	200.00000000000000	1
94	0	3	16	0.000000	0.000000	0.000000	0.000000	30.57761342250000	-96.35117727892859	200.00000000000000	1
95	0	3	16	0.000000	0.000000	0.000000	0.000000	30.57760138250000	-96.35100602750002	200.00000000000000	1
96	0	3	16	0.000000	0.000000	0.000000	0.000000	30.57777639571428	-96.35078424000001	200.00000000000000	1
97	0	3	16	0.000000	0.000000	0.000000	0.000000	30.57775624428572	-96.35118803142858	200.00000000000000	1
98	0	3	16	0.000000	0.000000	0.000000	0.000000	30.57763462000000	-96.35114079857145	200.00000000000000	1
99	0	3	16	0.000000	0.000000	0.000000	0.000000	30.57762559000000	-96.35101236000003	200.00000000000000	1
100	0	3	16	0.000000	0.000000	0.000000	0.000000	30.57775033464285	-96.35086661250001	200.00000000000000	1
101	0	3	16	0.000000	0.000000	0.000000	0.000000	30.57773690035715	-96.35113580678572	200.00000000000000	1
102	0	3	16	0.000000	0.000000	0.000000	0.000000	30.57765581750000	-96.35110431821431	200.00000000000000	1
103	0	3	16	0.000000	0.000000	0.000000	0.000000	30.57764979750000	-96.35101869250003	200.00000000000000	1
104	0	3	16	0.000000	0.000000	0.000000	0.000000	30.57772427357142	-96.35094898500002	200.00000000000000	1
105	0	3	16	0.000000	0.000000	0.000000	0.000000	30.57771755642857	-96.35108358214286	200.00000000000000	1
106	0	3	16	0.000000	0.000000	0.000000	0.000000	30.57767701500000	-96.35106783785717	200.00000000000000	1
107	0	3	16	0.000000	0.000000	0.000000	0.000000	30.57767400500001	-96.35102502500004	200.00000000000000	1
108	0	3	16	0.000000	0.000000	0.000000	0.000000	30.57769821249999	-96.35103135750002	200.00000000000000	1
109	0	3	16	0.000000	0.000000	0.000000	0.000000	30.57752876000000	-96.35098703000000	200.00000000000000	1
110	0	3	16	0.000000	0.000000	0.000000	0.000000	30.57687542000000	-96.35113497000000	200.00000000000000	1
111	0	3	16	0.000000	0.000000	0.000000	0.000000	30.57749939000000	-96.35092693999999	200.00000000000000	1
112	0	3	16	0.000000	0.000000	0.000000	0.000000	30.57749625000000	-96.35099121333333	200.00000000000000	1
113	0	3	16	0.000000	0.000000	0.000000	0.000000	30.57693624428572	-96.35111801904762	200.00000000000000	1
114	0	3	16	0.000000	0.000000	0.000000	0.000000	30.57747107571429	-96.35093970761905	200.00000000000000	1
115	0	3	16	0.000000	0.000000	0.000000	0.000000	30.57746374000000	-96.35099539666666	200.00000000000000	1
116	0	3	16	0.000000	0.000000	0.000000	0.000000	30.57699706857143	-96.35110106809523	200.00000000000000	1
117	0	3	16	0.000000	0.000000	0.000000	0.000000	30.57744276142857	-96.35095247523810	200.00000000000000	1
118	0	3	16	0.000000	0.000000	0.000000	0.000000	30.57743123000000	-96.35099957999999	200.00000000000000	1
119	0	3	16	0.000000	0.000000	0.000000	0.000000	30.57705789285714	-96.35108411714285	200.00000000000000	1
120	0	3	16	0.000000	0.000000	0.000000	0.000000	30.57741444714286	-96.35096524285716	200.00000000000000	1
121	0	3	16	0.000000	0.000000	0.000000	0.000000	30.57739872000000	-96.35100376333332	200.00000000000000	1
122	0	3	16	0.000000	0.000000	0.000000	0.000000	30.57711871714286	-96.35106716619046	200.00000000000000	1
123	0	3	16	0.000000	0.000000	0.000000	0.000000	30.57738613285714	-96.35097801047621	200.00000000000000	1
124	0	3	16	0.000000	0.000000	0.000000	0.000000	30.57736621000000	-96.35100794666666	200.00000000000000	1
125	0	3	16	0.000000	0.000000	0.000000	0.000000	30.57717954142857	-96.35105021523808	200.00000000000000	1
126	0	3	16	0.000000	0.000000	0.000000	0.000000	30.57735781857143	-96.35099077809527	200.00000000000000	1
127	0	3	16	0.000000	0.000000	0.000000	0.000000	30.57733370000000	-96.35101212999999	200.00000000000000	1
128	0	3	16	0.000000	0.000000	0.000000	0.000000	30.57724036571429	-96.35103326428569	200.00000000000000	1
129	0	3	16	0.000000	0.000000	0.000000	0.000000	30.57732950428571	-96.35100354571432	200.00000000000000	1
130	0	3	16	0.000000	0.000000	0.000000	0.000000	30.57730119000000	-96.35101631333332	200.00000000000000	1
131	0	3	16	0.000000	0.000000	0.000000	0.000000	30.57749939000000	-96.35092693999999	200.00000000000000	1
132	0	3	16	0.000000	0.000000	0.000000	0.000000	30.57788064000000	-96.35045475000000	200.00000000000000	1
133	0	3	16	0.000000	0.000000	0.000000	0.000000	30.57752876000000	-96.35098703000000	200.00000000000000	1
134	0	3	16	0.000000	0.000000	0.000000	0.000000	30.57751894333333	-96.35090731619047	200.00000000000000	1
135	0	3	16	0.000000	0.000000	0.000000	0.000000	30.57784572904762	-96.35050258190476	200.00000000000000	1
136	0	3	16	0.000000	0.000000	0.000000	0.000000	30.57754411761905	-96.35095882190475	200.00000000000000	1
137	0	3	16	0.000000	0.000000	0.000000	0.000000	30.57753849666667	-96.35088769238095	200.00000000000000	1
138	0	3	16	0.000000	0.000000	0.000000	0.000000	30.57781081809524	-96.35055041380953	200.00000000000000	1
139	0	3	16	0.000000	0.000000	0.000000	0.000000	30.57755947523810	-96.35093061380951	200.00000000000000	1
140	0	3	16	0.000000	0.000000	0.000000	0.000000	30.57755805000000	-96.35086806857143	200.00000000000000	1
141	0	3	16	0.000000	0.000000	0.000000	0.000000	30.57777590714286	-96.35059824571429	200.00000000000000	1
142	0	3	16	0.000000	0.000000	0.000000	0.000000	30.57757483285715	-96.35090240571427	200.00000000000000	1
143	0	3	16	0.000000	0.000000	0.000000	0.000000	30.57757760333334	-96.35084844476191	200.00000000000000	1
144	0	3	16	0.000000	0.000000	0.000000	0.000000	30.57774099619048	-96.35064607761906	200.00000000000000	1
145	0	3	16	0.000000	0.000000	0.000000	0.000000	30.57759019047619	-96.35087419761902	200.00000000000000	1
146	0	3	16	0.000000	0.000000	0.000000	0.000000	30.57759715666667	-96.35082882095239	200.00000000000000	1
147	0	3	16	0.000000	0.000000	0.000000	0.000000	30.57770608523810	-96.35069390952383	200.00000000000000	1
148	0	3	16	0.000000	0.000000	0.000000	0.000000	30.57760554809524	-96.35084598952378	200.00000000000000	1
149	0	3	16	0.000000	0.000000	0.000000	0.000000	30.57761671000001	-96.35080919714287	200.00000000000000	1
150	0	3	16	0.000000	0.000000	0.000000	0.000000	30.57767117428572	-96.35074174142859	200.00000000000000	1
151	0	3	16	0.000000	0.000000	0.000000	0.000000	30.57762090571429	-96.35081778142853	200.00000000000000	1
152	0	3	16	0.000000	0.000000	0.000000	0.000000	30.57763626333334	-96.35078957333334	200.00000000000000	1
153	0	3	16	0.000000	0.000000	0.000000	0.000000	30.57749939000000	-96.35092693999999	200.00000000000000	1
154	0	3	16	0.000000	0.000000	0.000000	0.000000	30.57729794000000	-96.35071360000001	200.00000000000000	1
155	0	3	16	0.000000	0.000000	0.000000	0.000000	30.57788064000000	-96.35045475000000	200.00000000000000	1
156	0	3	16	0.000000	0.000000	0.000000	0.000000	30.57750795190476	-96.35089429571428	200.00000000000000	1
157	0	3	16	0.000000	0.000000	0.000000	0.000000	30.57733528047619	-96.35071143285715	200.00000000000000	1
158	0	3	16	0.000000	0.000000	0.000000	0.000000	30.57783473761905	-96.35048956142857	200.00000000000000	1
159	0	3	16	0.000000	0.000000	0.000000	0.000000	30.57751651380952	-96.35086165142857	200.00000000000000	1
160	0	3	16	0.000000	0.000000	0.000000	0.000000	30.57737262095238	-96.35070926571430	200.00000000000000	1
161	0	3	16	0.000000	0.000000	0.000000	0.000000	30.57778883523809	-96.35052437285715	200.00000000000000	1
162	0	3	16	0.000000	0.000000	0.000000	0.000000	30.57752507571428	-96.35082900714286	200.00000000000000	1
163	0	3	16	0.000000	0.000000	0.000000	0.000000	30.57740996142857	-96.35070709857145	200.00000000000000	1
164	0	3	16	0.000000	0.000000	0.000000	0.000000	30.57774293285714	-96.35055918428573	200.00000000000000	1
165	0	3	16	0.000000	0.000000	0.000000	0.000000	30.57753363761904	-96.35079636285715	200.00000000000000	1
166	0	3	16	0.000000	0.000000	0.000000	0.000000	30.57744730190476	-96.35070493142860	200.00000000000000	1
167	0	3	16	0.000000	0.000000	0.000000	0.000000	30.57769703047618	-96.35059399571431	200.00000000000000	1
168	0	3	16	0.000000	0.000000	0.000000	0.000000	30.57754219952380	-96.35076371857144	200.00000000000000	1
169	0	3	16	0.000000	0.000000	0.000000	0.000000	30.57748464238095	-96.35070276428574	200.00000000000000	1
170	0	3	16	0.000000	0.000000	0.000000	0.000000	30.57765112809523	-96.35062880714288	200.00000000000000	1
171	0	3	16	0.000000	0.000000	0.000000	0.000000	30.57755076142856	-96.35073107428573	200.00000000000000	1
172	0	3	16	0.000000	0.000000	0.000000	0.000000	30.57752198285714	-96.35070059714289	200.00000000000000	1
173	0	3	16	0.000000	0.000000	0.000000	0.000000	30.57760522571428	-96.35066361857146	200.00000000000000	1
174	0	3	16	0.000000	0.000000	0.000000	0.000000	30.57755932333332	-96.35069843000002	200.00000000000000	1
175	0	3	16	0.000000	0.000000	0.000000	0.000000	30.57749939000000	-96.35092693999999	200.00000000000000	1
176	0	3	16	0.000000	0.000000	0.000000	0.000000	30.57665347000000	-96.35103345000000	200.00000000000000	1
177	0	3	16	0.000000	0.000000	0.000000	0.000000	30.57668650000000	-96.35099984999999	200.00000000000000	1
178	0	3	16	0.000000	0.000000	0.000000	0.000000	30.57729794000000	-96.35071360000001	200.00000000000000	1
179	0	3	16	0.000000	0.000000	0.000000	0.000000	30.57743295214286	-96.35092572857143	200.00000000000000	1
180	0	3	16	0.000000	0.000000	0.000000	0.000000	30.57670787785714	-96.35101702285715	200.00000000000000	1
181	0	3	16	0.000000	0.000000	0.000000	0.000000	30.57673618928571	-96.35098822285714	200.00000000000000	1
182	0	3	16	0.000000	0.000000	0.000000	0.000000	30.57726028071429	-96.35074286571430	200.00000000000000	1
183	0	3	16	0.000000	0.000000	0.000000	0.000000	30.57736651428571	-96.35092451714286	200.00000000000000	1
184	0	3	16	0.000000	0.000000	0.000000	0.000000	30.57676228571428	-96.35100059571430	200.00000000000000	1
185	0	3	16	0.000000	0.000000	0.000000	0.000000	30.57678587857143	-96.35097659571429	200.00000000000000	1
186	0	3	16	0.000000	0.000000	0.000000	0.000000	30.57722262142858	-96.35077213142858	200.00000000000000	1
187	0	3	16	0.000000	0.000000	0.000000	0.000000	30.57730007642857	-96.35092330571429	200.00000000000000	1
188	0	3	16	0.000000	0.000000	0.000000	0.000000	30.57681669357143	-96.35098416857144	200.00000000000000	1
189	0	3	16	0.000000	0.000000	0.000000	0.000000	30.57683556785714	-96.35096496857143	200.00000000000000	1
190	0	3	16	0.000000	0.000000	0.000000	0.000000	30.57718496214286	-96.35080139714287	200.00000000000000	1
191	0	3	16	0.000000	0.000000	0.000000	0.000000	30.57723363857143	-96.35092209428572	200.00000000000000	1
192	0	3	16	0.000000	0.000000	0.000000	0.000000	30.57687110142857	-96.35096774142859	200.00000000000000	1
193	0	3	16	0.000000	0.000000	0.000000	0.000000	30.57688525714286	-96.35095334142858	200.00000000000000	1
194	0	3	16	0.000000	0.000000	0.000000	0.000000	30.57714730285715	-96.35083066285716	200.00000000000000	1
195	0	3	16	0.000000	0.000000	0.000000	0.000000	30.57716720071429	-96.35092088285715	200.00000000000000	1
196	0	3	16	0.000000	0.000000	0.000000	0.000000	30.57692550928571	-96.35095131428574	200.00000000000000	1
197	0	3	16	0.000000	0.000000	0.000000	0.000000	30.57693494642857	-96.35094171428572	200.00000000000000	1
198	0	3	16	0.000000	0.000000	0.000000	0.000000	30.57710964357144	-96.35085992857145	200.00000000000000	1
199	0	3	16	0.000000	0.000000	0.000000	0.000000	30.57710076285714	-96.35091967142858	200.00000000000000	1
200	0	3	16	0.000000	0.000000	0.000000	0.000000	30.57697991714285	-96.35093488714288	200.00000000000000	1
201	0	3	16	0.000000	0.000000	0.000000	0.000000	30.57698463571428	-96.35093008714287	200.00000000000000	1
202	0	3	16	0.000000	0.000000	0.000000	0.000000	30.57707198428572	-96.35088919428574	200.00000000000000	1
203	0	3	16	0.000000	0.000000	0.000000	0.000000	30.57703432500000	-96.35091846000002	200.00000000000000	1
204	0	3	16	0.000000	0.000000	0.000000	0.000000	30.57668650000000	-96.35099984999999	200.00000000000000	1
205	0	3	16	0.000000	0.000000	0.000000	0.000000	30.57665347000000	-96.35103345000000	200.00000000000000	1
206	0	3	16	0.000000	0.000000	0.000000	0.000000	30.57661709000000	-96.35072839000000	200.00000000000000	1
207	0	3	16	0.000000	0.000000	0.000000	0.000000	30.57668162190476	-96.35098852333333	200.00000000000000	1
208	0	3	16	0.000000	0.000000	0.000000	0.000000	30.57665331047619	-96.35101732333334	200.00000000000000	1
209	0	3	16	0.000000	0.000000	0.000000	0.000000	30.57662212761905	-96.35075584333333	200.00000000000000	1
210	0	3	16	0.000000	0.000000	0.000000	0.000000	30.57667674380952	-96.35097719666666	200.00000000000000	1
211	0	3	16	0.000000	0.000000	0.000000	0.000000	30.57665315095238	-96.35100119666667	200.00000000000000	1
212	0	3	16	0.000000	0.000000	0.000000	0.000000	30.57662716523809	-96.35078329666666	200.00000000000000	1
213	0	3	16	0.000000	0.000000	0.000000	0.000000	30.57667186571428	-96.35096587000000	200.00000000000000	1
214	0	3	16	0.000000	0.000000	0.000000	0.000000	30.57665299142857	-96.35098507000001	200.00000000000000	1
215	0	3	16	0.000000	0.000000	0.000000	0.000000	30.57663220285714	-96.35081074999999	200.00000000000000	1
216	0	3	16	0.000000	0.000000	0.000000	0.000000	30.57666698761904	-96.35095454333333	200.00000000000000	1
217	0	3	16	0.000000	0.000000	0.000000	0.000000	30.57665283190476	-96.35096894333334	200.00000000000000	1
218	0	3	16	0.000000	0.000000	0.000000	0.000000	30.57663724047619	-96.35083820333332	200.00000000000000	1
219	0	3	16	0.000000	0.000000	0.000000	0.000000	30.57666210952380	-96.35094321666666	200.00000000000000	1
220	0	3	16	0.000000	0.000000	0.000000	0.000000	30.57665267238094	-96.35095281666668	200.00000000000000	1
221	0	3	16	0.000000	0.000000	0.000000	0.000000	30.57664227809524	-96.35086565666666	200.00000000000000	1
222	0	3	16	0.000000	0.000000	0.000000	0.000000	30.57665723142856	-96.35093189000000	200.00000000000000	1
223	0	3	16	0.000000	0.000000	0.000000	0.000000	30.57665251285713	-96.35093669000001	200.00000000000000	1
224	0	3	16	0.000000	0.000000	0.000000	0.000000	30.57664731571428	-96.35089310999999	200.00000000000000	1
225	0	3	16	0.000000	0.000000	0.000000	0.000000	30.57665235333332	-96.35092056333333	200.00000000000000	1
