QGC WPL 110
0	0	0	16	0.000000	0.000000	0.000000	0.000000	30.57846370000000	-96.35164320000000	200.00000000000000	1
1	0	3	16	0.000000	0.000000	0.000000	0.000000	30.57842263000000	-96.35193346000000	200.00000000000000	1
2	0	3	16	0.000000	0.000000	0.000000	0.000000	30.57733187000000	-96.35206875999999	200.00000000000000	1
3	0	3	16	0.000000	0.000000	0.000000	0.000000	30.57760733000000	-96.35186355000000	200.00000000000000	1
4	0	3	16	0.000000	0.000000	0.000000	0.000000	30.57839122607143	-96.35167663464286	200.00000000000000	1
5	0	3	16	0.000000	0.000000	0.000000	0.000000	30.57835602321428	-96.35192542892857	200.00000000000000	1
6	0	3	16	0.000000	0.000000	0.000000	0.000000	30.57742108607143	-96.35204140035714	200.00000000000000	1
7	0	3	16	0.000000	0.000000	0.000000	0.000000	30.57765719464286	-96.35186550607143	200.00000000000000	1
8	0	3	16	0.000000	0.000000	0.000000	0.000000	30.57831875214286	-96.35171006928572	200.00000000000000	1
9	0	3	16	0.000000	0.000000	0.000000	0.000000	30.57828941642857	-96.35191739785714	200.00000000000000	1
10	0	3	16	0.000000	0.000000	0.000000	0.000000	30.57751030214286	-96.35201404071428	200.00000000000000	1
11	0	3	16	0.000000	0.000000	0.000000	0.000000	30.57770705928571	-96.35186746214286	200.00000000000000	1
12	0	3	16	0.000000	0.000000	0.000000	0.000000	30.57824627821428	-96.35174350392857	200.00000000000000	1
13	0	3	16	0.000000	0.000000	0.000000	0.000000	30.57822280964285	-96.35190936678570	200.00000000000000	1
14	0	3	16	0.000000	0.000000	0.000000	0.000000	30.57759951821429	-96.35198668107142	200.00000000000000	1
15	0	3	16	0.000000	0.000000	0.000000	0.000000	30.57775692392857	-96.35186941821429	200.00000000000000	1
16	0	3	16	0.000000	0.000000	0.000000	0.000000	30.57817380428571	-96.35177693857143	200.00000000000000	1
17	0	3	16	0.000000	0.000000	0.000000	0.000000	30.57815620285714	-96.35190133571427	200.00000000000000	1
18	0	3	16	0.000000	0.000000	0.000000	0.000000	30.57768873428572	-96.35195932142857	200.00000000000000	1
19	0	3	16	0.000000	0.000000	0.000000	0.000000	30.57780678857143	-96.35187137428572	200.00000000000000	1
20	0	3	16	0.000000	0.000000	0.000000	0.000000	30.57810133035714	-96.35181037321429	200.00000000000000	1
21	0	3	16	0.000000	0.000000	0.000000	0.000000	30.57808959607142	-96.35189330464284	200.00000000000000	1
22	0	3	16	0.000000	0.000000	0.000000	0.000000	30.57777795035715	-96.35193196178571	200.00000000000000	1
23	0	3	16	0.000000	0.000000	0.000000	0.000000	30.57785665321429	-96.35187333035715	200.00000000000000	1
24	0	3	16	0.000000	0.000000	0.000000	0.000000	30.57802885642857	-96.35184380785715	200.00000000000000	1
25	0	3	16	0.000000	0.000000	0.000000	0.000000	30.57802298928571	-96.35188527357141	200.00000000000000	1
26	0	3	16	0.000000	0.000000	0.000000	0.000000	30.57786716642858	-96.35190460214285	200.00000000000000	1
27	0	3	16	0.000000	0.000000	0.000000	0.000000	30.57790651785714	-96.35187528642858	200.00000000000000	1
28	0	3	16	0.000000	0.000000	0.000000	0.000000	30.57795638249999	-96.35187724250001	200.00000000000000	1
29	0	3	16	0.000000	0.000000	0.000000	0.000000	30.57760733000000	-96.35186355000000	200.00000000000000	1
30	0	3	16	0.000000	0.000000	0.000000	0.000000	30.57794817000000	-96.35144235000000	200.00000000000000	1
31	0	3	16	0.000000	0.000000	0.000000	0.000000	30.57840791000000	-96.35150753000001	200.00000000000000	1
32	0	3	16	0.000000	0.000000	0.000000	0.000000	30.57846370000000	-96.35164320000000	200.00000000000000	1
33	0	3	16	0.000000	0.000000	0.000000	0.000000	30.57767867964286	-96.35182792250001	200.00000000000000	1
34	0	3	16	0.000000	0.000000	0.000000	0.000000	30.57797082821428	-96.35146689392857	200.00000000000000	1
35	0	3	16	0.000000	0.000000	0.000000	0.000000	30.57836489107143	-96.35152276250001	200.00000000000000	1
36	0	3	16	0.000000	0.000000	0.000000	0.000000	30.57841271107143	-96.35163905107143	200.00000000000000	1
37	0	3	16	0.000000	0.000000	0.000000	0.000000	30.57775002928572	-96.35179229500001	200.00000000000000	1
38	0	3	16	0.000000	0.000000	0.000000	0.000000	30.57799348642857	-96.35149143785715	200.00000000000000	1
39	0	3	16	0.000000	0.000000	0.000000	0.000000	30.57832187214285	-96.35153799500002	200.00000000000000	1
40	0	3	16	0.000000	0.000000	0.000000	0.000000	30.57836172214286	-96.35163490214286	200.00000000000000	1
41	0	3	16	0.000000	0.000000	0.000000	0.000000	30.57782137892858	-96.35175666750001	200.00000000000000	1
42	0	3	16	0.000000	0.000000	0.000000	0.000000	30.57801614464285	-96.35151598178572	200.00000000000000	1
43	0	3	16	0.000000	0.000000	0.000000	0.000000	30.57827885321428	-96.35155322750002	200.00000000000000	1
44	0	3	16	0.000000	0.000000	0.000000	0.000000	30.57831073321429	-96.35163075321429	200.00000000000000	1
45	0	3	16	0.000000	0.000000	0.000000	0.000000	30.57789272857143	-96.35172104000002	200.00000000000000	1
46	0	3	16	0.000000	0.000000	0.000000	0.000000	30.57803880285714	-96.35154052571430	200.00000000000000	1
47	0	3	16	0.000000	0.000000	0.000000	0.000000	30.57823583428571	-96.35156846000002	200.00000000000000	1
48	0	3	16	0.000000	0.000000	0.000000	0.000000	30.57825974428572	-96.35162660428573	200.00000000000000	1
49	0	3	16	0.000000	0.000000	0.000000	0.000000	30.57796407821429	-96.35168541250002	200.00000000000000	1
50	0	3	16	0.000000	0.000000	0.000000	0.000000	30.57806146107142	-96.35156506964287	200.00000000000000	1
51	0	3	16	0.000000	0.000000	0.000000	0.000000	30.57819281535714	-96.35158369250003	200.00000000000000	1
52	0	3	16	0.000000	0.000000	0.000000	0.000000	30.57820875535715	-96.35162245535716	200.00000000000000	1
53	0	3	16	0.000000	0.000000	0.000000	0.000000	30.57803542785715	-96.35164978500002	200.00000000000000	1
54	0	3	16	0.000000	0.000000	0.000000	0.000000	30.57808411928571	-96.35158961357145	200.00000000000000	1
55	0	3	16	0.000000	0.000000	0.000000	0.000000	30.57814979642857	-96.35159892500003	200.00000000000000	1
56	0	3	16	0.000000	0.000000	0.000000	0.000000	30.57815776642857	-96.35161830642859	200.00000000000000	1
57	0	3	16	0.000000	0.000000	0.000000	0.000000	30.57810677750001	-96.35161415750002	200.00000000000000	1
58	0	3	16	0.000000	0.000000	0.000000	0.000000	30.57794817000000	-96.35144235000000	200.00000000000000	1
59	0	3	16	0.000000	0.000000	0.000000	0.000000	30.57770025000000	-96.35097433999999	200.00000000000000	1
60	0	3	16	0.000000	0.000000	0.000000	0.000000	30.57840791000000	-96.35150753000001	200.00000000000000	1
61	0	3	16	0.000000	0.000000	0.000000	0.000000	30.57795825666667	-96.35142316761905	200.00000000000000	1
62	0	3	16	0.000000	0.000000	0.000000	0.000000	30.57774575380952	-96.35102201619047	200.00000000000000	1
63	0	3	16	0.000000	0.000000	0.000000	0.000000	30.57835231952381	-96.35147903619048	200.00000000000000	1
64	0	3	16	0.000000	0.000000	0.000000	0.000000	30.57796834333333	-96.35140398523809	200.00000000000000	1
65	0	3	16	0.000000	0.000000	0.000000	0.000000	30.57779125761905	-96.35106969238095	200.00000000000000	1
66	0	3	16	0.000000	0.000000	0.000000	0.000000	30.57829672904762	-96.35145054238096	200.00000000000000	1
67	0	3	16	0.000000	0.000000	0.000000	0.000000	30.57797843000000	-96.35138480285714	200.00000000000000	1
68	0	3	16	0.000000	0.000000	0.000000	0.000000	30.57783676142857	-96.35111736857142	200.00000000000000	1
69	0	3	16	0.000000	0.000000	0.000000	0.000000	30.57824113857143	-96.35142204857144	200.00000000000000	1
70	0	3	16	0.000000	0.000000	0.000000	0.000000	30.57798851666666	-96.35136562047619	200.00000000000000	1
71	0	3	16	0.000000	0.000000	0.000000	0.000000	30.57788226523810	-96.35116504476190	200.00000000000000	1
72	0	3	16	0.000000	0.000000	0.000000	0.000000	30.57818554809524	-96.35139355476191	200.00000000000000	1
73	0	3	16	0.000000	0.000000	0.000000	0.000000	30.57799860333333	-96.35134643809523	200.00000000000000	1
74	0	3	16	0.000000	0.000000	0.000000	0.000000	30.57792776904762	-96.35121272095238	200.00000000000000	1
75	0	3	16	0.000000	0.000000	0.000000	0.000000	30.57812995761905	-96.35136506095239	200.00000000000000	1
76	0	3	16	0.000000	0.000000	0.000000	0.000000	30.57800869000000	-96.35132725571428	200.00000000000000	1
77	0	3	16	0.000000	0.000000	0.000000	0.000000	30.57797327285714	-96.35126039714285	200.00000000000000	1
78	0	3	16	0.000000	0.000000	0.000000	0.000000	30.57807436714286	-96.35133656714287	200.00000000000000	1
79	0	3	16	0.000000	0.000000	0.000000	0.000000	30.57801877666666	-96.35130807333333	200.00000000000000	1
80	0	3	16	0.000000	0.000000	0.000000	0.000000	30.57794817000000	-96.35144235000000	200.00000000000000	1
81	0	3	16	0.000000	0.000000	0.000000	0.000000	30.57733040000000	-96.35172331000000	200.00000000000000	1
82	0	3	16	0.000000	0.000000	0.000000	0.000000	30.57770025000000	-96.35097433999999	200.00000000000000	1
83	0	3	16	0.000000	0.000000	0.000000	0.000000	30.57790694666667	-96.35143344285714	200.00000000000000	1
84	0	3	16	0.000000	0.000000	0.000000	0.000000	30.57737742952381	-96.35167426571428	200.00000000000000	1
85	0	3	16	0.000000	0.000000	0.000000	0.000000	30.57769444380952	-96.35103229142857	200.00000000000000	1
86	0	3	16	0.000000	0.000000	0.000000	0.000000	30.57786572333333	-96.35142453571429	200.00000000000000	1
87	0	3	16	0.000000	0.000000	0.000000	0.000000	30.57742445904762	-96.35162522142856	200.00000000000000	1
88	0	3	16	0.000000	0.000000	0.000000	0.000000	30.57768863761905	-96.35109024285714	200.00000000000000	1
89	0	3	16	0.000000	0.000000	0.000000	0.000000	30.57782450000000	-96.35141562857143	200.00000000000000	1
90	0	3	16	0.000000	0.000000	0.000000	0.000000	30.57747148857143	-96.35157617714285	200.00000000000000	1
91	0	3	16	0.000000	0.000000	0.000000	0.000000	30.57768283142857	-96.35114819428571	200.00000000000000	1
92	0	3	16	0.000000	0.000000	0.000000	0.000000	30.57778327666666	-96.35140672142857	200.00000000000000	1
93	0	3	16	0.000000	0.000000	0.000000	0.000000	30.57751851809524	-96.35152713285713	200.00000000000000	1
94	0	3	16	0.000000	0.000000	0.000000	0.000000	30.57767702523810	-96.35120614571429	200.00000000000000	1
95	0	3	16	0.000000	0.000000	0.000000	0.000000	30.57774205333333	-96.35139781428572	200.00000000000000	1
96	0	3	16	0.000000	0.000000	0.000000	0.000000	30.57756554761905	-96.35147808857141	200.00000000000000	1
97	0	3	16	0.000000	0.000000	0.000000	0.000000	30.57767121904762	-96.35126409714286	200.00000000000000	1
98	0	3	16	0.000000	0.000000	0.000000	0.000000	30.57770083000000	-96.35138890714286	200.00000000000000	1
99	0	3	16	0.000000	0.000000	0.000000	0.000000	30.57761257714286	-96.35142904428569	200.00000000000000	1
100	0	3	16	0.000000	0.000000	0.000000	0.000000	30.57766541285714	-96.35132204857143	200.00000000000000	1
101	0	3	16	0.000000	0.000000	0.000000	0.000000	30.57765960666666	-96.35138000000001	200.00000000000000	1
102	0	3	16	0.000000	0.000000	0.000000	0.000000	30.57770025000000	-96.35097433999999	200.00000000000000	1
103	0	3	16	0.000000	0.000000	0.000000	0.000000	30.57733040000000	-96.35172331000000	200.00000000000000	1
104	0	3	16	0.000000	0.000000	0.000000	0.000000	30.57700490000000	-96.35204112000000	200.00000000000000	1
105	0	3	16	0.000000	0.000000	0.000000	0.000000	30.57764952619048	-96.35106080428571	200.00000000000000	1
106	0	3	16	0.000000	0.000000	0.000000	0.000000	30.57733251190476	-96.35170277857142	200.00000000000000	1
107	0	3	16	0.000000	0.000000	0.000000	0.000000	30.57705351190476	-96.35197518714286	200.00000000000000	1
108	0	3	16	0.000000	0.000000	0.000000	0.000000	30.57759880238095	-96.35114726857142	200.00000000000000	1
109	0	3	16	0.000000	0.000000	0.000000	0.000000	30.57733462380953	-96.35168224714285	200.00000000000000	1
110	0	3	16	0.000000	0.000000	0.000000	0.000000	30.57710212380952	-96.35190925428572	200.00000000000000	1
111	0	3	16	0.000000	0.000000	0.000000	0.000000	30.57754807857143	-96.35123373285714	200.00000000000000	1
112	0	3	16	0.000000	0.000000	0.000000	0.000000	30.57733673571429	-96.35166171571427	200.00000000000000	1
113	0	3	16	0.000000	0.000000	0.000000	0.000000	30.57715073571429	-96.35184332142857	200.00000000000000	1
114	0	3	16	0.000000	0.000000	0.000000	0.000000	30.57749735476191	-96.35132019714285	200.00000000000000	1
115	0	3	16	0.000000	0.000000	0.000000	0.000000	30.57733884761905	-96.35164118428570	200.00000000000000	1
116	0	3	16	0.000000	0.000000	0.000000	0.000000	30.57719934761905	-96.35177738857143	200.00000000000000	1
117	0	3	16	0.000000	0.000000	0.000000	0.000000	30.57744663095239	-96.35140666142857	200.00000000000000	1
118	0	3	16	0.000000	0.000000	0.000000	0.000000	30.57734095952382	-96.35162065285712	200.00000000000000	1
119	0	3	16	0.000000	0.000000	0.000000	0.000000	30.57724795952381	-96.35171145571429	200.00000000000000	1
120	0	3	16	0.000000	0.000000	0.000000	0.000000	30.57739590714286	-96.35149312571428	200.00000000000000	1
121	0	3	16	0.000000	0.000000	0.000000	0.000000	30.57734307142858	-96.35160012142855	200.00000000000000	1
122	0	3	16	0.000000	0.000000	0.000000	0.000000	30.57729657142858	-96.35164552285715	200.00000000000000	1
123	0	3	16	0.000000	0.000000	0.000000	0.000000	30.57734518333334	-96.35157959000000	200.00000000000000	1
124	0	3	16	0.000000	0.000000	0.000000	0.000000	30.57700490000000	-96.35204112000000	200.00000000000000	1
125	0	3	16	0.000000	0.000000	0.000000	0.000000	30.57753844000000	-96.35076889000000	200.00000000000000	1
126	0	3	16	0.000000	0.000000	0.000000	0.000000	30.57770025000000	-96.35097433999999	200.00000000000000	1
127	0	3	16	0.000000	0.000000	0.000000	0.000000	30.57706341857143	-96.35192973857143	200.00000000000000	1
128	0	3	16	0.000000	0.000000	0.000000	0.000000	30.57752073857143	-96.35083925571428	200.00000000000000	1
129	0	3	16	0.000000	0.000000	0.000000	0.000000	30.57765943285714	-96.35101535571428	200.00000000000000	1
130	0	3	16	0.000000	0.000000	0.000000	0.000000	30.57712193714286	-96.35181835714286	200.00000000000000	1
131	0	3	16	0.000000	0.000000	0.000000	0.000000	30.57750303714286	-96.35090962142856	200.00000000000000	1
132	0	3	16	0.000000	0.000000	0.000000	0.000000	30.57761861571429	-96.35105637142857	200.00000000000000	1
133	0	3	16	0.000000	0.000000	0.000000	0.000000	30.57718045571428	-96.35170697571429	200.00000000000000	1
134	0	3	16	0.000000	0.000000	0.000000	0.000000	30.57748533571429	-96.35097998714284	200.00000000000000	1
135	0	3	16	0.000000	0.000000	0.000000	0.000000	30.57757779857143	-96.35109738714286	200.00000000000000	1
136	0	3	16	0.000000	0.000000	0.000000	0.000000	30.57723897428571	-96.35159559428573	200.00000000000000	1
137	0	3	16	0.000000	0.000000	0.000000	0.000000	30.57746763428571	-96.35105035285711	200.00000000000000	1
138	0	3	16	0.000000	0.000000	0.000000	0.000000	30.57753698142857	-96.35113840285715	200.00000000000000	1
139	0	3	16	0.000000	0.000000	0.000000	0.000000	30.57729749285714	-96.35148421285716	200.00000000000000	1
140	0	3	16	0.000000	0.000000	0.000000	0.000000	30.57744993285714	-96.35112071857139	200.00000000000000	1
141	0	3	16	0.000000	0.000000	0.000000	0.000000	30.57749616428572	-96.35117941857143	200.00000000000000	1
142	0	3	16	0.000000	0.000000	0.000000	0.000000	30.57735601142857	-96.35137283142859	200.00000000000000	1
143	0	3	16	0.000000	0.000000	0.000000	0.000000	30.57743223142857	-96.35119108428567	200.00000000000000	1
144	0	3	16	0.000000	0.000000	0.000000	0.000000	30.57745534714286	-96.35122043428572	200.00000000000000	1
145	0	3	16	0.000000	0.000000	0.000000	0.000000	30.57741453000000	-96.35126145000002	200.00000000000000	1
146	0	3	16	0.000000	0.000000	0.000000	0.000000	30.57753844000000	-96.35076889000000	200.00000000000000	1
147	0	3	16	0.000000	0.000000	0.000000	0.000000	30.57700490000000	-96.35204112000000	200.00000000000000	1
148	0	3	16	0.000000	0.000000	0.000000	0.000000	30.57659073000000	-96.35091557000000	200.00000000000000	1
149	0	3	16	0.000000	0.000000	0.000000	0.000000	30.57737621000000	-96.35034446000000	200.00000000000000	1
150	0	3	16	0.000000	0.000000	0.000000	0.000000	30.57747974428571	-96.35080440714286	200.00000000000000	1
151	0	3	16	0.000000	0.000000	0.000000	0.000000	30.57702242428571	-96.35189489000000	200.00000000000000	1
152	0	3	16	0.000000	0.000000	0.000000	0.000000	30.57666742142857	-96.35093013285714	200.00000000000000	1
153	0	3	16	0.000000	0.000000	0.000000	0.000000	30.57734069000000	-96.35044061000001	200.00000000000000	1
154	0	3	16	0.000000	0.000000	0.000000	0.000000	30.57742104857143	-96.35083992428572	200.00000000000000	1
155	0	3	16	0.000000	0.000000	0.000000	0.000000	30.57703994857143	-96.35174866000000	200.00000000000000	1
156	0	3	16	0.000000	0.000000	0.000000	0.000000	30.57674411285714	-96.35094469571429	200.00000000000000	1
157	0	3	16	0.000000	0.000000	0.000000	0.000000	30.57730517000000	-96.35053676000001	200.00000000000000	1
158	0	3	16	0.000000	0.000000	0.000000	0.000000	30.57736235285714	-96.35087544142858	200.00000000000000	1
159	0	3	16	0.000000	0.000000	0.000000	0.000000	30.57705747285714	-96.35160243000000	200.00000000000000	1
160	0	3	16	0.000000	0.000000	0.000000	0.000000	30.57682080428571	-96.35095925857144	200.00000000000000	1
161	0	3	16	0.000000	0.000000	0.000000	0.000000	30.57726965000000	-96.35063291000002	200.00000000000000	1
162	0	3	16	0.000000	0.000000	0.000000	0.000000	30.57730365714285	-96.35091095857145	200.00000000000000	1
163	0	3	16	0.000000	0.000000	0.000000	0.000000	30.57707499714285	-96.35145620000000	200.00000000000000	1
164	0	3	16	0.000000	0.000000	0.000000	0.000000	30.57689749571428	-96.35097382142858	200.00000000000000	1
165	0	3	16	0.000000	0.000000	0.000000	0.000000	30.57723413000000	-96.35072906000002	200.00000000000000	1
166	0	3	16	0.000000	0.000000	0.000000	0.000000	30.57724496142857	-96.35094647571431	200.00000000000000	1
167	0	3	16	0.000000	0.000000	0.000000	0.000000	30.57709252142856	-96.35130997000000	200.00000000000000	1
168	0	3	16	0.000000	0.000000	0.000000	0.000000	30.57697418714286	-96.35098838428573	200.00000000000000	1
169	0	3	16	0.000000	0.000000	0.000000	0.000000	30.57719861000000	-96.35082521000002	200.00000000000000	1
170	0	3	16	0.000000	0.000000	0.000000	0.000000	30.57718626571428	-96.35098199285717	200.00000000000000	1
171	0	3	16	0.000000	0.000000	0.000000	0.000000	30.57711004571428	-96.35116374000000	200.00000000000000	1
172	0	3	16	0.000000	0.000000	0.000000	0.000000	30.57705087857143	-96.35100294714287	200.00000000000000	1
173	0	3	16	0.000000	0.000000	0.000000	0.000000	30.57716309000000	-96.35092136000003	200.00000000000000	1
174	0	3	16	0.000000	0.000000	0.000000	0.000000	30.57712756999999	-96.35101751000003	200.00000000000000	1
175	0	3	16	0.000000	0.000000	0.000000	0.000000	30.57753844000000	-96.35076889000000	200.00000000000000	1
176	0	3	16	0.000000	0.000000	0.000000	0.000000	30.57737621000000	-96.35034446000000	200.00000000000000	1
177	0	3	16	0.000000	0.000000	0.000000	0.000000	30.57777917000000	-96.35048298000000	200.00000000000000	1
178	0	3	16	0.000000	0.000000	0.000000	0.000000	30.57818204000000	-96.35107111000001	200.00000000000000	1
179	0	3	16	0.000000	0.000000	0.000000	0.000000	30.57768090000000	-96.35094161000001	200.00000000000000	1
180	0	3	16	0.000000	0.000000	0.000000	0.000000	30.57756314171429	-96.35076216428571	200.00000000000000	1
181	0	3	16	0.000000	0.000000	0.000000	0.000000	30.57742408742857	-96.35039836714286	200.00000000000000	1
182	0	3	16	0.000000	0.000000	0.000000	0.000000	30.57776948171428	-96.35051709857143	200.00000000000000	1
183	0	3	16	0.000000	0.000000	0.000000	0.000000	30.57811479885714	-96.35102121000001	200.00000000000000	1
184	0	3	16	0.000000	0.000000	0.000000	0.000000	30.57768525028571	-96.35091021000001	200.00000000000000	1
185	0	3	16	0.000000	0.000000	0.000000	0.000000	30.57758784342857	-96.35075543857143	200.00000000000000	1
186	0	3	16	0.000000	0.000000	0.000000	0.000000	30.57747196485714	-96.35045227428571	200.00000000000000	1
187	0	3	16	0.000000	0.000000	0.000000	0.000000	30.57775979342857	-96.35055121714286	200.00000000000000	1
188	0	3	16	0.000000	0.000000	0.000000	0.000000	30.57804755771429	-96.35097131000002	200.00000000000000	1
189	0	3	16	0.000000	0.000000	0.000000	0.000000	30.57768960057143	-96.35087881000001	200.00000000000000	1
190	0	3	16	0.000000	0.000000	0.000000	0.000000	30.57761254514286	-96.35074871285714	200.00000000000000	1
191	0	3	16	0.000000	0.000000	0.000000	0.000000	30.57751984228571	-96.35050618142857	200.00000000000000	1
192	0	3	16	0.000000	0.000000	0.000000	0.000000	30.57775010514285	-96.35058533571430	200.00000000000000	1
193	0	3	16	0.000000	0.000000	0.000000	0.000000	30.57798031657143	-96.35092141000003	200.00000000000000	1
194	0	3	16	0.000000	0.000000	0.000000	0.000000	30.57769395085714	-96.35084741000001	200.00000000000000	1
195	0	3	16	0.000000	0.000000	0.000000	0.000000	30.57763724685714	-96.35074198714285	200.00000000000000	1
196	0	3	16	0.000000	0.000000	0.000000	0.000000	30.57756771971428	-96.35056008857143	200.00000000000000	1
197	0	3	16	0.000000	0.000000	0.000000	0.000000	30.57774041685714	-96.35061945428573	200.00000000000000	1
198	0	3	16	0.000000	0.000000	0.000000	0.000000	30.57791307542857	-96.35087151000003	200.00000000000000	1
199	0	3	16	0.000000	0.000000	0.000000	0.000000	30.57769830114286	-96.35081601000002	200.00000000000000	1
200	0	3	16	0.000000	0.000000	0.000000	0.000000	30.57766194857142	-96.35073526142857	200.00000000000000	1
201	0	3	16	0.000000	0.000000	0.000000	0.000000	30.57761559714286	-96.35061399571428	200.00000000000000	1
202	0	3	16	0.000000	0.000000	0.000000	0.000000	30.57773072857142	-96.35065357285717	200.00000000000000	1
203	0	3	16	0.000000	0.000000	0.000000	0.000000	30.57784583428571	-96.35082161000004	200.00000000000000	1
204	0	3	16	0.000000	0.000000	0.000000	0.000000	30.57770265142857	-96.35078461000002	200.00000000000000	1
205	0	3	16	0.000000	0.000000	0.000000	0.000000	30.57768665028571	-96.35072853571428	200.00000000000000	1
206	0	3	16	0.000000	0.000000	0.000000	0.000000	30.57766347457143	-96.35066790285714	200.00000000000000	1
207	0	3	16	0.000000	0.000000	0.000000	0.000000	30.57772104028571	-96.35068769142860	200.00000000000000	1
208	0	3	16	0.000000	0.000000	0.000000	0.000000	30.57777859314285	-96.35077171000005	200.00000000000000	1
209	0	3	16	0.000000	0.000000	0.000000	0.000000	30.57770700171428	-96.35075321000002	200.00000000000000	1
210	0	3	16	0.000000	0.000000	0.000000	0.000000	30.57771135199999	-96.35072181000000	200.00000000000000	1
