QGC WPL 110
0	0	0	16	0.000000	0.000000	0.000000	0.000000	30.57684115000000	-96.35077038999999	200.00000000000000	1
1	0	3	16	0.000000	0.000000	0.000000	0.000000	30.57684457000000	-96.35206681000000	200.00000000000000	1
2	0	3	16	0.000000	0.000000	0.000000	0.000000	30.57676766000000	-96.35210003000000	200.00000000000000	1
3	0	3	16	0.000000	0.000000	0.000000	0.000000	30.57652714000000	-96.35199580000000	200.00000000000000	1
4	0	3	16	0.000000	0.000000	0.000000	0.000000	30.57653861000000	-96.35171461000000	200.00000000000000	1
5	0	3	16	0.000000	0.000000	0.000000	0.000000	30.57682153228571	-96.35090740971428	200.00000000000000	1
6	0	3	16	0.000000	0.000000	0.000000	0.000000	30.57682446371428	-96.35201862685715	200.00000000000000	1
7	0	3	16	0.000000	0.000000	0.000000	0.000000	30.57675854085715	-96.35204710114286	200.00000000000000	1
8	0	3	16	0.000000	0.000000	0.000000	0.000000	30.57655238085714	-96.35195776114286	200.00000000000000	1
9	0	3	16	0.000000	0.000000	0.000000	0.000000	30.57656221228572	-96.35171674114285	200.00000000000000	1
10	0	3	16	0.000000	0.000000	0.000000	0.000000	30.57680191457143	-96.35104442942857	200.00000000000000	1
11	0	3	16	0.000000	0.000000	0.000000	0.000000	30.57680435742857	-96.35197044371429	200.00000000000000	1
12	0	3	16	0.000000	0.000000	0.000000	0.000000	30.57674942171429	-96.35199417228571	200.00000000000000	1
13	0	3	16	0.000000	0.000000	0.000000	0.000000	30.57657762171428	-96.35191972228571	200.00000000000000	1
14	0	3	16	0.000000	0.000000	0.000000	0.000000	30.57658581457143	-96.35171887228570	200.00000000000000	1
15	0	3	16	0.000000	0.000000	0.000000	0.000000	30.57678229685714	-96.35118144914286	200.00000000000000	1
16	0	3	16	0.000000	0.000000	0.000000	0.000000	30.57678425114286	-96.35192226057144	200.00000000000000	1
17	0	3	16	0.000000	0.000000	0.000000	0.000000	30.57674030257143	-96.35194124342857	200.00000000000000	1
18	0	3	16	0.000000	0.000000	0.000000	0.000000	30.57660286257142	-96.35188168342857	200.00000000000000	1
19	0	3	16	0.000000	0.000000	0.000000	0.000000	30.57660941685715	-96.35172100342855	200.00000000000000	1
20	0	3	16	0.000000	0.000000	0.000000	0.000000	30.57676267914285	-96.35131846885714	200.00000000000000	1
21	0	3	16	0.000000	0.000000	0.000000	0.000000	30.57676414485714	-96.35187407742859	200.00000000000000	1
22	0	3	16	0.000000	0.000000	0.000000	0.000000	30.57673118342858	-96.35188831457143	200.00000000000000	1
23	0	3	16	0.000000	0.000000	0.000000	0.000000	30.57662810342856	-96.35184364457143	200.00000000000000	1
24	0	3	16	0.000000	0.000000	0.000000	0.000000	30.57663301914286	-96.35172313457140	200.00000000000000	1
25	0	3	16	0.000000	0.000000	0.000000	0.000000	30.57674306142857	-96.35145548857143	200.00000000000000	1
26	0	3	16	0.000000	0.000000	0.000000	0.000000	30.57674403857143	-96.35182589428574	200.00000000000000	1
27	0	3	16	0.000000	0.000000	0.000000	0.000000	30.57672206428572	-96.35183538571428	200.00000000000000	1
28	0	3	16	0.000000	0.000000	0.000000	0.000000	30.57665334428571	-96.35180560571429	200.00000000000000	1
29	0	3	16	0.000000	0.000000	0.000000	0.000000	30.57665662142858	-96.35172526571425	200.00000000000000	1
30	0	3	16	0.000000	0.000000	0.000000	0.000000	30.57672344371428	-96.35159250828572	200.00000000000000	1
31	0	3	16	0.000000	0.000000	0.000000	0.000000	30.57672393228572	-96.35177771114289	200.00000000000000	1
32	0	3	16	0.000000	0.000000	0.000000	0.000000	30.57671294514287	-96.35178245685714	200.00000000000000	1
33	0	3	16	0.000000	0.000000	0.000000	0.000000	30.57667858514285	-96.35176756685715	200.00000000000000	1
34	0	3	16	0.000000	0.000000	0.000000	0.000000	30.57668022371429	-96.35172739685710	200.00000000000000	1
35	0	3	16	0.000000	0.000000	0.000000	0.000000	30.57670382599999	-96.35172952800001	200.00000000000000	1
36	0	3	16	0.000000	0.000000	0.000000	0.000000	30.57653861000000	-96.35171461000000	200.00000000000000	1
37	0	3	16	0.000000	0.000000	0.000000	0.000000	30.57652525000000	-96.35033195000000	200.00000000000000	1
38	0	3	16	0.000000	0.000000	0.000000	0.000000	30.57684115000000	-96.35077038999999	200.00000000000000	1
39	0	3	16	0.000000	0.000000	0.000000	0.000000	30.57655238047619	-96.35160380619048	200.00000000000000	1
40	0	3	16	0.000000	0.000000	0.000000	0.000000	30.57654092904762	-96.35041866904761	200.00000000000000	1
41	0	3	16	0.000000	0.000000	0.000000	0.000000	30.57681170047619	-96.35079447476190	200.00000000000000	1
42	0	3	16	0.000000	0.000000	0.000000	0.000000	30.57656615095238	-96.35149300238096	200.00000000000000	1
43	0	3	16	0.000000	0.000000	0.000000	0.000000	30.57655660809523	-96.35050538809523	200.00000000000000	1
44	0	3	16	0.000000	0.000000	0.000000	0.000000	30.57678225095238	-96.35081855952380	200.00000000000000	1
45	0	3	16	0.000000	0.000000	0.000000	0.000000	30.57657992142857	-96.35138219857144	200.00000000000000	1
46	0	3	16	0.000000	0.000000	0.000000	0.000000	30.57657228714285	-96.35059210714284	200.00000000000000	1
47	0	3	16	0.000000	0.000000	0.000000	0.000000	30.57675280142858	-96.35084264428571	200.00000000000000	1
48	0	3	16	0.000000	0.000000	0.000000	0.000000	30.57659369190476	-96.35127139476192	200.00000000000000	1
49	0	3	16	0.000000	0.000000	0.000000	0.000000	30.57658796619047	-96.35067882619046	200.00000000000000	1
50	0	3	16	0.000000	0.000000	0.000000	0.000000	30.57672335190477	-96.35086672904761	200.00000000000000	1
51	0	3	16	0.000000	0.000000	0.000000	0.000000	30.57660746238095	-96.35116059095240	200.00000000000000	1
52	0	3	16	0.000000	0.000000	0.000000	0.000000	30.57660364523809	-96.35076554523808	200.00000000000000	1
53	0	3	16	0.000000	0.000000	0.000000	0.000000	30.57669390238096	-96.35089081380951	200.00000000000000	1
54	0	3	16	0.000000	0.000000	0.000000	0.000000	30.57662123285714	-96.35104978714288	200.00000000000000	1
55	0	3	16	0.000000	0.000000	0.000000	0.000000	30.57661932428570	-96.35085226428569	200.00000000000000	1
56	0	3	16	0.000000	0.000000	0.000000	0.000000	30.57666445285715	-96.35091489857142	200.00000000000000	1
57	0	3	16	0.000000	0.000000	0.000000	0.000000	30.57663500333333	-96.35093898333336	200.00000000000000	1
58	0	3	16	0.000000	0.000000	0.000000	0.000000	30.57684115000000	-96.35077038999999	200.00000000000000	1
59	0	3	16	0.000000	0.000000	0.000000	0.000000	30.57652525000000	-96.35033195000000	200.00000000000000	1
60	0	3	16	0.000000	0.000000	0.000000	0.000000	30.57661657000000	-96.35028851000000	200.00000000000000	1
61	0	3	16	0.000000	0.000000	0.000000	0.000000	30.57735674000000	-96.35036663000000	200.00000000000000	1
62	0	3	16	0.000000	0.000000	0.000000	0.000000	30.57684026107143	-96.35072310142857	200.00000000000000	1
63	0	3	16	0.000000	0.000000	0.000000	0.000000	30.57656948964286	-96.35034729571429	200.00000000000000	1
64	0	3	16	0.000000	0.000000	0.000000	0.000000	30.57664776392857	-96.35031006142857	200.00000000000000	1
65	0	3	16	0.000000	0.000000	0.000000	0.000000	30.57728219535714	-96.35037702142857	200.00000000000000	1
66	0	3	16	0.000000	0.000000	0.000000	0.000000	30.57683937214286	-96.35067581285715	200.00000000000000	1
67	0	3	16	0.000000	0.000000	0.000000	0.000000	30.57661372928571	-96.35036264142857	200.00000000000000	1
68	0	3	16	0.000000	0.000000	0.000000	0.000000	30.57667895785714	-96.35033161285715	200.00000000000000	1
69	0	3	16	0.000000	0.000000	0.000000	0.000000	30.57720765071429	-96.35038741285715	200.00000000000000	1
70	0	3	16	0.000000	0.000000	0.000000	0.000000	30.57683848321428	-96.35062852428572	200.00000000000000	1
71	0	3	16	0.000000	0.000000	0.000000	0.000000	30.57665796892857	-96.35037798714286	200.00000000000000	1
72	0	3	16	0.000000	0.000000	0.000000	0.000000	30.57671015178571	-96.35035316428572	200.00000000000000	1
73	0	3	16	0.000000	0.000000	0.000000	0.000000	30.57713310607143	-96.35039780428572	200.00000000000000	1
74	0	3	16	0.000000	0.000000	0.000000	0.000000	30.57683759428571	-96.35058123571430	200.00000000000000	1
75	0	3	16	0.000000	0.000000	0.000000	0.000000	30.57670220857143	-96.35039333285715	200.00000000000000	1
76	0	3	16	0.000000	0.000000	0.000000	0.000000	30.57674134571428	-96.35037471571430	200.00000000000000	1
77	0	3	16	0.000000	0.000000	0.000000	0.000000	30.57705856142857	-96.35040819571429	200.00000000000000	1
78	0	3	16	0.000000	0.000000	0.000000	0.000000	30.57683670535714	-96.35053394714288	200.00000000000000	1
79	0	3	16	0.000000	0.000000	0.000000	0.000000	30.57674644821429	-96.35040867857144	200.00000000000000	1
80	0	3	16	0.000000	0.000000	0.000000	0.000000	30.57677253964285	-96.35039626714287	200.00000000000000	1
81	0	3	16	0.000000	0.000000	0.000000	0.000000	30.57698401678572	-96.35041858714287	200.00000000000000	1
82	0	3	16	0.000000	0.000000	0.000000	0.000000	30.57683581642857	-96.35048665857146	200.00000000000000	1
83	0	3	16	0.000000	0.000000	0.000000	0.000000	30.57679068785714	-96.35042402428573	200.00000000000000	1
84	0	3	16	0.000000	0.000000	0.000000	0.000000	30.57680373357142	-96.35041781857144	200.00000000000000	1
85	0	3	16	0.000000	0.000000	0.000000	0.000000	30.57690947214286	-96.35042897857144	200.00000000000000	1
86	0	3	16	0.000000	0.000000	0.000000	0.000000	30.57683492750000	-96.35043937000003	200.00000000000000	1
87	0	3	16	0.000000	0.000000	0.000000	0.000000	30.57684115000000	-96.35077038999999	200.00000000000000	1
88	0	3	16	0.000000	0.000000	0.000000	0.000000	30.57735674000000	-96.35036663000000	200.00000000000000	1
89	0	3	16	0.000000	0.000000	0.000000	0.000000	30.57794718000000	-96.35028991999999	200.00000000000000	1
90	0	3	16	0.000000	0.000000	0.000000	0.000000	30.57734888000000	-96.35071321000000	200.00000000000000	1
91	0	3	16	0.000000	0.000000	0.000000	0.000000	30.57691719821429	-96.35073676821428	200.00000000000000	1
92	0	3	16	0.000000	0.000000	0.000000	0.000000	30.57735913250000	-96.35039068821428	200.00000000000000	1
93	0	3	16	0.000000	0.000000	0.000000	0.000000	30.57786522392857	-96.35032493678571	200.00000000000000	1
94	0	3	16	0.000000	0.000000	0.000000	0.000000	30.57735239535714	-96.35068775678570	200.00000000000000	1
95	0	3	16	0.000000	0.000000	0.000000	0.000000	30.57699324642857	-96.35070314642856	200.00000000000000	1
96	0	3	16	0.000000	0.000000	0.000000	0.000000	30.57736152500000	-96.35041474642856	200.00000000000000	1
97	0	3	16	0.000000	0.000000	0.000000	0.000000	30.57778326785714	-96.35035995357143	200.00000000000000	1
98	0	3	16	0.000000	0.000000	0.000000	0.000000	30.57735591071429	-96.35066230357141	200.00000000000000	1
99	0	3	16	0.000000	0.000000	0.000000	0.000000	30.57706929464286	-96.35066952464284	200.00000000000000	1
100	0	3	16	0.000000	0.000000	0.000000	0.000000	30.57736391750000	-96.35043880464283	200.00000000000000	1
101	0	3	16	0.000000	0.000000	0.000000	0.000000	30.57770131178571	-96.35039497035714	200.00000000000000	1
102	0	3	16	0.000000	0.000000	0.000000	0.000000	30.57735942607143	-96.35063685035712	200.00000000000000	1
103	0	3	16	0.000000	0.000000	0.000000	0.000000	30.57714534285714	-96.35063590285712	200.00000000000000	1
104	0	3	16	0.000000	0.000000	0.000000	0.000000	30.57736631000000	-96.35046286285711	200.00000000000000	1
105	0	3	16	0.000000	0.000000	0.000000	0.000000	30.57761935571428	-96.35042998714286	200.00000000000000	1
106	0	3	16	0.000000	0.000000	0.000000	0.000000	30.57736294142857	-96.35061139714283	200.00000000000000	1
107	0	3	16	0.000000	0.000000	0.000000	0.000000	30.57722139107143	-96.35060228107140	200.00000000000000	1
108	0	3	16	0.000000	0.000000	0.000000	0.000000	30.57736870250000	-96.35048692107139	200.00000000000000	1
109	0	3	16	0.000000	0.000000	0.000000	0.000000	30.57753739964285	-96.35046500392858	200.00000000000000	1
110	0	3	16	0.000000	0.000000	0.000000	0.000000	30.57736645678571	-96.35058594392854	200.00000000000000	1
111	0	3	16	0.000000	0.000000	0.000000	0.000000	30.57729743928572	-96.35056865928568	200.00000000000000	1
112	0	3	16	0.000000	0.000000	0.000000	0.000000	30.57737109500000	-96.35051097928567	200.00000000000000	1
113	0	3	16	0.000000	0.000000	0.000000	0.000000	30.57745544357142	-96.35050002071429	200.00000000000000	1
114	0	3	16	0.000000	0.000000	0.000000	0.000000	30.57736997214286	-96.35056049071424	200.00000000000000	1
115	0	3	16	0.000000	0.000000	0.000000	0.000000	30.57737348750000	-96.35053503749997	200.00000000000000	1
116	0	3	16	0.000000	0.000000	0.000000	0.000000	30.57734888000000	-96.35071321000000	200.00000000000000	1
117	0	3	16	0.000000	0.000000	0.000000	0.000000	30.57794718000000	-96.35028991999999	200.00000000000000	1
118	0	3	16	0.000000	0.000000	0.000000	0.000000	30.57820389000000	-96.35058382000000	200.00000000000000	1
119	0	3	16	0.000000	0.000000	0.000000	0.000000	30.57757979000000	-96.35196437000000	200.00000000000000	1
120	0	3	16	0.000000	0.000000	0.000000	0.000000	30.57739802000000	-96.35190073000000	200.00000000000000	1
121	0	3	16	0.000000	0.000000	0.000000	0.000000	30.57729103000000	-96.35088143999999	200.00000000000000	1
122	0	3	16	0.000000	0.000000	0.000000	0.000000	30.57738877309524	-96.35076212023809	200.00000000000000	1
123	0	3	16	0.000000	0.000000	0.000000	0.000000	30.57790160166667	-96.35039930023810	200.00000000000000	1
124	0	3	16	0.000000	0.000000	0.000000	0.000000	30.57812163880952	-96.35065121452381	200.00000000000000	1
125	0	3	16	0.000000	0.000000	0.000000	0.000000	30.57758669595238	-96.35183454309524	200.00000000000000	1
126	0	3	16	0.000000	0.000000	0.000000	0.000000	30.57743089309524	-96.35177999452381	200.00000000000000	1
127	0	3	16	0.000000	0.000000	0.000000	0.000000	30.57733918738095	-96.35090631738095	200.00000000000000	1
128	0	3	16	0.000000	0.000000	0.000000	0.000000	30.57742866619047	-96.35081103047618	200.00000000000000	1
129	0	3	16	0.000000	0.000000	0.000000	0.000000	30.57785602333334	-96.35050868047620	200.00000000000000	1
130	0	3	16	0.000000	0.000000	0.000000	0.000000	30.57803938761905	-96.35071860904762	200.00000000000000	1
131	0	3	16	0.000000	0.000000	0.000000	0.000000	30.57759360190477	-96.35170471619047	200.00000000000000	1
132	0	3	16	0.000000	0.000000	0.000000	0.000000	30.57746376619048	-96.35165925904762	200.00000000000000	1
133	0	3	16	0.000000	0.000000	0.000000	0.000000	30.57738734476191	-96.35093119476190	200.00000000000000	1
134	0	3	16	0.000000	0.000000	0.000000	0.000000	30.57746855928571	-96.35085994071427	200.00000000000000	1
135	0	3	16	0.000000	0.000000	0.000000	0.000000	30.57781044500000	-96.35061806071430	200.00000000000000	1
136	0	3	16	0.000000	0.000000	0.000000	0.000000	30.57795713642857	-96.35078600357143	200.00000000000000	1
137	0	3	16	0.000000	0.000000	0.000000	0.000000	30.57760050785715	-96.35157488928570	200.00000000000000	1
138	0	3	16	0.000000	0.000000	0.000000	0.000000	30.57749663928572	-96.35153852357143	200.00000000000000	1
139	0	3	16	0.000000	0.000000	0.000000	0.000000	30.57743550214286	-96.35095607214285	200.00000000000000	1
140	0	3	16	0.000000	0.000000	0.000000	0.000000	30.57750845238095	-96.35090885095237	200.00000000000000	1
141	0	3	16	0.000000	0.000000	0.000000	0.000000	30.57776486666667	-96.35072744095240	200.00000000000000	1
142	0	3	16	0.000000	0.000000	0.000000	0.000000	30.57787488523809	-96.35085339809524	200.00000000000000	1
143	0	3	16	0.000000	0.000000	0.000000	0.000000	30.57760741380953	-96.35144506238093	200.00000000000000	1
144	0	3	16	0.000000	0.000000	0.000000	0.000000	30.57752951238096	-96.35141778809525	200.00000000000000	1
145	0	3	16	0.000000	0.000000	0.000000	0.000000	30.57748365952381	-96.35098094952380	200.00000000000000	1
146	0	3	16	0.000000	0.000000	0.000000	0.000000	30.57754834547619	-96.35095776119046	200.00000000000000	1
147	0	3	16	0.000000	0.000000	0.000000	0.000000	30.57771928833334	-96.35083682119050	200.00000000000000	1
148	0	3	16	0.000000	0.000000	0.000000	0.000000	30.57779263404761	-96.35092079261905	200.00000000000000	1
149	0	3	16	0.000000	0.000000	0.000000	0.000000	30.57761431976191	-96.35131523547616	200.00000000000000	1
150	0	3	16	0.000000	0.000000	0.000000	0.000000	30.57756238547620	-96.35129705261906	200.00000000000000	1
151	0	3	16	0.000000	0.000000	0.000000	0.000000	30.57753181690476	-96.35100582690475	200.00000000000000	1
152	0	3	16	0.000000	0.000000	0.000000	0.000000	30.57758823857143	-96.35100667142855	200.00000000000000	1
153	0	3	16	0.000000	0.000000	0.000000	0.000000	30.57767371000001	-96.35094620142860	200.00000000000000	1
154	0	3	16	0.000000	0.000000	0.000000	0.000000	30.57771038285714	-96.35098818714286	200.00000000000000	1
155	0	3	16	0.000000	0.000000	0.000000	0.000000	30.57762122571430	-96.35118540857140	200.00000000000000	1
156	0	3	16	0.000000	0.000000	0.000000	0.000000	30.57759525857144	-96.35117631714287	200.00000000000000	1
157	0	3	16	0.000000	0.000000	0.000000	0.000000	30.57757997428572	-96.35103070428571	200.00000000000000	1
158	0	3	16	0.000000	0.000000	0.000000	0.000000	30.57762813166666	-96.35105558166664	200.00000000000000	1
159	0	3	16	0.000000	0.000000	0.000000	0.000000	30.57820389000000	-96.35058382000000	200.00000000000000	1
160	0	3	16	0.000000	0.000000	0.000000	0.000000	30.57831410000000	-96.35037444000000	200.00000000000000	1
161	0	3	16	0.000000	0.000000	0.000000	0.000000	30.57757979000000	-96.35196437000000	200.00000000000000	1
162	0	3	16	0.000000	0.000000	0.000000	0.000000	30.57817941904762	-96.35063959000000	200.00000000000000	1
163	0	3	16	0.000000	0.000000	0.000000	0.000000	30.57827388476191	-96.35046012142857	200.00000000000000	1
164	0	3	16	0.000000	0.000000	0.000000	0.000000	30.57764447619048	-96.35182291857143	200.00000000000000	1
165	0	3	16	0.000000	0.000000	0.000000	0.000000	30.57815494809524	-96.35069536000000	200.00000000000000	1
166	0	3	16	0.000000	0.000000	0.000000	0.000000	30.57823366952381	-96.35054580285714	200.00000000000000	1
167	0	3	16	0.000000	0.000000	0.000000	0.000000	30.57770916238096	-96.35168146714285	200.00000000000000	1
168	0	3	16	0.000000	0.000000	0.000000	0.000000	30.57813047714285	-96.35075113000001	200.00000000000000	1
169	0	3	16	0.000000	0.000000	0.000000	0.000000	30.57819345428572	-96.35063148428571	200.00000000000000	1
170	0	3	16	0.000000	0.000000	0.000000	0.000000	30.57777384857143	-96.35154001571428	200.00000000000000	1
171	0	3	16	0.000000	0.000000	0.000000	0.000000	30.57810600619047	-96.35080690000001	200.00000000000000	1
172	0	3	16	0.000000	0.000000	0.000000	0.000000	30.57815323904762	-96.35071716571429	200.00000000000000	1
173	0	3	16	0.000000	0.000000	0.000000	0.000000	30.57783853476191	-96.35139856428570	200.00000000000000	1
174	0	3	16	0.000000	0.000000	0.000000	0.000000	30.57808153523809	-96.35086267000001	200.00000000000000	1
175	0	3	16	0.000000	0.000000	0.000000	0.000000	30.57811302380953	-96.35080284714286	200.00000000000000	1
176	0	3	16	0.000000	0.000000	0.000000	0.000000	30.57790322095239	-96.35125711285713	200.00000000000000	1
177	0	3	16	0.000000	0.000000	0.000000	0.000000	30.57805706428571	-96.35091844000002	200.00000000000000	1
178	0	3	16	0.000000	0.000000	0.000000	0.000000	30.57807280857143	-96.35088852857143	200.00000000000000	1
179	0	3	16	0.000000	0.000000	0.000000	0.000000	30.57796790714286	-96.35111566142855	200.00000000000000	1
180	0	3	16	0.000000	0.000000	0.000000	0.000000	30.57803259333332	-96.35097421000002	200.00000000000000	1
