QGC WPL 110
0	0	0	16	0.000000	0.000000	0.000000	0.000000	30.57673845000000	-96.35144858000000	200.00000000000000	1
1	0	3	16	0.000000	0.000000	0.000000	0.000000	30.57740073000000	-96.35108039000001	200.00000000000000	1
2	0	3	16	0.000000	0.000000	0.000000	0.000000	30.57740406000000	-96.35119365000000	200.00000000000000	1
3	0	3	16	0.000000	0.000000	0.000000	0.000000	30.57700353000000	-96.35208446000000	200.00000000000000	1
4	0	3	16	0.000000	0.000000	0.000000	0.000000	30.57665550000000	-96.35202762999999	200.00000000000000	1
5	0	3	16	0.000000	0.000000	0.000000	0.000000	30.57678159342857	-96.35146548885714	200.00000000000000	1
6	0	3	16	0.000000	0.000000	0.000000	0.000000	30.57734926200000	-96.35114989742858	200.00000000000000	1
7	0	3	16	0.000000	0.000000	0.000000	0.000000	30.57735211628571	-96.35124697742857	200.00000000000000	1
8	0	3	16	0.000000	0.000000	0.000000	0.000000	30.57700880485714	-96.35201052885715	200.00000000000000	1
9	0	3	16	0.000000	0.000000	0.000000	0.000000	30.57671049342857	-96.35196181742857	200.00000000000000	1
10	0	3	16	0.000000	0.000000	0.000000	0.000000	30.57682473685714	-96.35148239771429	200.00000000000000	1
11	0	3	16	0.000000	0.000000	0.000000	0.000000	30.57729779400000	-96.35121940485716	200.00000000000000	1
12	0	3	16	0.000000	0.000000	0.000000	0.000000	30.57730017257143	-96.35130030485715	200.00000000000000	1
13	0	3	16	0.000000	0.000000	0.000000	0.000000	30.57701407971429	-96.35193659771430	200.00000000000000	1
14	0	3	16	0.000000	0.000000	0.000000	0.000000	30.57676548685714	-96.35189600485715	200.00000000000000	1
15	0	3	16	0.000000	0.000000	0.000000	0.000000	30.57686788028571	-96.35149930657144	200.00000000000000	1
16	0	3	16	0.000000	0.000000	0.000000	0.000000	30.57724632600000	-96.35128891228574	200.00000000000000	1
17	0	3	16	0.000000	0.000000	0.000000	0.000000	30.57724822885714	-96.35135363228572	200.00000000000000	1
18	0	3	16	0.000000	0.000000	0.000000	0.000000	30.57701935457143	-96.35186266657145	200.00000000000000	1
19	0	3	16	0.000000	0.000000	0.000000	0.000000	30.57682048028571	-96.35183019228573	200.00000000000000	1
20	0	3	16	0.000000	0.000000	0.000000	0.000000	30.57691102371428	-96.35151621542859	200.00000000000000	1
21	0	3	16	0.000000	0.000000	0.000000	0.000000	30.57719485800001	-96.35135841971432	200.00000000000000	1
22	0	3	16	0.000000	0.000000	0.000000	0.000000	30.57719628514285	-96.35140695971430	200.00000000000000	1
23	0	3	16	0.000000	0.000000	0.000000	0.000000	30.57702462942858	-96.35178873542860	200.00000000000000	1
24	0	3	16	0.000000	0.000000	0.000000	0.000000	30.57687547371428	-96.35176437971431	200.00000000000000	1
25	0	3	16	0.000000	0.000000	0.000000	0.000000	30.57695416714285	-96.35153312428574	200.00000000000000	1
26	0	3	16	0.000000	0.000000	0.000000	0.000000	30.57714339000001	-96.35142792714289	200.00000000000000	1
27	0	3	16	0.000000	0.000000	0.000000	0.000000	30.57714434142857	-96.35146028714287	200.00000000000000	1
28	0	3	16	0.000000	0.000000	0.000000	0.000000	30.57702990428572	-96.35171480428575	200.00000000000000	1
29	0	3	16	0.000000	0.000000	0.000000	0.000000	30.57693046714285	-96.35169856714289	200.00000000000000	1
30	0	3	16	0.000000	0.000000	0.000000	0.000000	30.57699731057142	-96.35155003314289	200.00000000000000	1
31	0	3	16	0.000000	0.000000	0.000000	0.000000	30.57709192200001	-96.35149743457147	200.00000000000000	1
32	0	3	16	0.000000	0.000000	0.000000	0.000000	30.57709239771428	-96.35151361457145	200.00000000000000	1
33	0	3	16	0.000000	0.000000	0.000000	0.000000	30.57703517914287	-96.35164087314290	200.00000000000000	1
34	0	3	16	0.000000	0.000000	0.000000	0.000000	30.57698546057142	-96.35163275457147	200.00000000000000	1
35	0	3	16	0.000000	0.000000	0.000000	0.000000	30.57704045399999	-96.35156694200003	200.00000000000000	1
36	0	3	16	0.000000	0.000000	0.000000	0.000000	30.57673845000000	-96.35144858000000	200.00000000000000	1
37	0	3	16	0.000000	0.000000	0.000000	0.000000	30.57665550000000	-96.35202762999999	200.00000000000000	1
38	0	3	16	0.000000	0.000000	0.000000	0.000000	30.57687615000000	-96.35029084000000	200.00000000000000	1
39	0	3	16	0.000000	0.000000	0.000000	0.000000	30.57674105714286	-96.35142102333333	200.00000000000000	1
40	0	3	16	0.000000	0.000000	0.000000	0.000000	30.57666995714286	-96.35191735190476	200.00000000000000	1
41	0	3	16	0.000000	0.000000	0.000000	0.000000	30.57685908571429	-96.35042867476190	200.00000000000000	1
42	0	3	16	0.000000	0.000000	0.000000	0.000000	30.57674366428571	-96.35139346666666	200.00000000000000	1
43	0	3	16	0.000000	0.000000	0.000000	0.000000	30.57668441428572	-96.35180707380952	200.00000000000000	1
44	0	3	16	0.000000	0.000000	0.000000	0.000000	30.57684202142857	-96.35056650952380	200.00000000000000	1
45	0	3	16	0.000000	0.000000	0.000000	0.000000	30.57674627142857	-96.35136591000000	200.00000000000000	1
46	0	3	16	0.000000	0.000000	0.000000	0.000000	30.57669887142857	-96.35169679571429	200.00000000000000	1
47	0	3	16	0.000000	0.000000	0.000000	0.000000	30.57682495714286	-96.35070434428570	200.00000000000000	1
48	0	3	16	0.000000	0.000000	0.000000	0.000000	30.57674887857143	-96.35133835333333	200.00000000000000	1
49	0	3	16	0.000000	0.000000	0.000000	0.000000	30.57671332857143	-96.35158651761905	200.00000000000000	1
50	0	3	16	0.000000	0.000000	0.000000	0.000000	30.57680789285714	-96.35084217904760	200.00000000000000	1
51	0	3	16	0.000000	0.000000	0.000000	0.000000	30.57675148571429	-96.35131079666667	200.00000000000000	1
52	0	3	16	0.000000	0.000000	0.000000	0.000000	30.57672778571429	-96.35147623952382	200.00000000000000	1
53	0	3	16	0.000000	0.000000	0.000000	0.000000	30.57679082857143	-96.35098001380950	200.00000000000000	1
54	0	3	16	0.000000	0.000000	0.000000	0.000000	30.57675409285714	-96.35128324000000	200.00000000000000	1
55	0	3	16	0.000000	0.000000	0.000000	0.000000	30.57674224285714	-96.35136596142858	200.00000000000000	1
56	0	3	16	0.000000	0.000000	0.000000	0.000000	30.57677376428571	-96.35111784857141	200.00000000000000	1
57	0	3	16	0.000000	0.000000	0.000000	0.000000	30.57675670000000	-96.35125568333333	200.00000000000000	1
58	0	3	16	0.000000	0.000000	0.000000	0.000000	30.57673845000000	-96.35144858000000	200.00000000000000	1
59	0	3	16	0.000000	0.000000	0.000000	0.000000	30.57687615000000	-96.35029084000000	200.00000000000000	1
60	0	3	16	0.000000	0.000000	0.000000	0.000000	30.57716045000000	-96.35047105000000	200.00000000000000	1
61	0	3	16	0.000000	0.000000	0.000000	0.000000	30.57706918000000	-96.35104789000000	200.00000000000000	1
62	0	3	16	0.000000	0.000000	0.000000	0.000000	30.57677025107143	-96.35135801000000	200.00000000000000	1
63	0	3	16	0.000000	0.000000	0.000000	0.000000	30.57688827964286	-96.35036566142857	200.00000000000000	1
64	0	3	16	0.000000	0.000000	0.000000	0.000000	30.57713196535714	-96.35052012714286	200.00000000000000	1
65	0	3	16	0.000000	0.000000	0.000000	0.000000	30.57705373392857	-96.35101456142857	200.00000000000000	1
66	0	3	16	0.000000	0.000000	0.000000	0.000000	30.57680205214286	-96.35126744000000	200.00000000000000	1
67	0	3	16	0.000000	0.000000	0.000000	0.000000	30.57690040928572	-96.35044048285714	200.00000000000000	1
68	0	3	16	0.000000	0.000000	0.000000	0.000000	30.57710348071429	-96.35056920428572	200.00000000000000	1
69	0	3	16	0.000000	0.000000	0.000000	0.000000	30.57703828785714	-96.35098123285714	200.00000000000000	1
70	0	3	16	0.000000	0.000000	0.000000	0.000000	30.57683385321429	-96.35117687000000	200.00000000000000	1
71	0	3	16	0.000000	0.000000	0.000000	0.000000	30.57691253892857	-96.35051530428571	200.00000000000000	1
72	0	3	16	0.000000	0.000000	0.000000	0.000000	30.57707499607143	-96.35061828142858	200.00000000000000	1
73	0	3	16	0.000000	0.000000	0.000000	0.000000	30.57702284178571	-96.35094790428570	200.00000000000000	1
74	0	3	16	0.000000	0.000000	0.000000	0.000000	30.57686565428572	-96.35108630000001	200.00000000000000	1
75	0	3	16	0.000000	0.000000	0.000000	0.000000	30.57692466857143	-96.35059012571428	200.00000000000000	1
76	0	3	16	0.000000	0.000000	0.000000	0.000000	30.57704651142857	-96.35066735857144	200.00000000000000	1
77	0	3	16	0.000000	0.000000	0.000000	0.000000	30.57700739571428	-96.35091457571427	200.00000000000000	1
78	0	3	16	0.000000	0.000000	0.000000	0.000000	30.57689745535715	-96.35099573000001	200.00000000000000	1
79	0	3	16	0.000000	0.000000	0.000000	0.000000	30.57693679821429	-96.35066494714285	200.00000000000000	1
80	0	3	16	0.000000	0.000000	0.000000	0.000000	30.57701802678571	-96.35071643571430	200.00000000000000	1
81	0	3	16	0.000000	0.000000	0.000000	0.000000	30.57699194964285	-96.35088124714284	200.00000000000000	1
82	0	3	16	0.000000	0.000000	0.000000	0.000000	30.57692925642858	-96.35090516000001	200.00000000000000	1
83	0	3	16	0.000000	0.000000	0.000000	0.000000	30.57694892785715	-96.35073976857142	200.00000000000000	1
84	0	3	16	0.000000	0.000000	0.000000	0.000000	30.57698954214285	-96.35076551285717	200.00000000000000	1
85	0	3	16	0.000000	0.000000	0.000000	0.000000	30.57697650357142	-96.35084791857140	200.00000000000000	1
86	0	3	16	0.000000	0.000000	0.000000	0.000000	30.57696105750001	-96.35081459000001	200.00000000000000	1
87	0	3	16	0.000000	0.000000	0.000000	0.000000	30.57706918000000	-96.35104789000000	200.00000000000000	1
88	0	3	16	0.000000	0.000000	0.000000	0.000000	30.57716045000000	-96.35047105000000	200.00000000000000	1
89	0	3	16	0.000000	0.000000	0.000000	0.000000	30.57759003000000	-96.35070967000000	200.00000000000000	1
90	0	3	16	0.000000	0.000000	0.000000	0.000000	30.57755925000000	-96.35086456000001	200.00000000000000	1
91	0	3	16	0.000000	0.000000	0.000000	0.000000	30.57750483000000	-96.35098775000000	200.00000000000000	1
92	0	3	16	0.000000	0.000000	0.000000	0.000000	30.57711311828571	-96.35101478914287	200.00000000000000	1
93	0	3	16	0.000000	0.000000	0.000000	0.000000	30.57719134971429	-96.35052035485714	200.00000000000000	1
94	0	3	16	0.000000	0.000000	0.000000	0.000000	30.57755956114286	-96.35072488628572	200.00000000000000	1
95	0	3	16	0.000000	0.000000	0.000000	0.000000	30.57753317828572	-96.35085764914287	200.00000000000000	1
96	0	3	16	0.000000	0.000000	0.000000	0.000000	30.57748653257143	-96.35096324057143	200.00000000000000	1
97	0	3	16	0.000000	0.000000	0.000000	0.000000	30.57715705657143	-96.35098168828573	200.00000000000000	1
98	0	3	16	0.000000	0.000000	0.000000	0.000000	30.57722224942857	-96.35056965971428	200.00000000000000	1
99	0	3	16	0.000000	0.000000	0.000000	0.000000	30.57752909228571	-96.35074010257144	200.00000000000000	1
100	0	3	16	0.000000	0.000000	0.000000	0.000000	30.57750710657143	-96.35085073828573	200.00000000000000	1
101	0	3	16	0.000000	0.000000	0.000000	0.000000	30.57746823514286	-96.35093873114286	200.00000000000000	1
102	0	3	16	0.000000	0.000000	0.000000	0.000000	30.57720099485714	-96.35094858742859	200.00000000000000	1
103	0	3	16	0.000000	0.000000	0.000000	0.000000	30.57725314914286	-96.35061896457142	200.00000000000000	1
104	0	3	16	0.000000	0.000000	0.000000	0.000000	30.57749862342857	-96.35075531885715	200.00000000000000	1
105	0	3	16	0.000000	0.000000	0.000000	0.000000	30.57748103485715	-96.35084382742859	200.00000000000000	1
106	0	3	16	0.000000	0.000000	0.000000	0.000000	30.57744993771428	-96.35091422171429	200.00000000000000	1
107	0	3	16	0.000000	0.000000	0.000000	0.000000	30.57724493314285	-96.35091548657145	200.00000000000000	1
108	0	3	16	0.000000	0.000000	0.000000	0.000000	30.57728404885714	-96.35066826942857	200.00000000000000	1
109	0	3	16	0.000000	0.000000	0.000000	0.000000	30.57746815457142	-96.35077053514287	200.00000000000000	1
110	0	3	16	0.000000	0.000000	0.000000	0.000000	30.57745496314286	-96.35083691657145	200.00000000000000	1
111	0	3	16	0.000000	0.000000	0.000000	0.000000	30.57743164028571	-96.35088971228572	200.00000000000000	1
112	0	3	16	0.000000	0.000000	0.000000	0.000000	30.57728887142857	-96.35088238571431	200.00000000000000	1
113	0	3	16	0.000000	0.000000	0.000000	0.000000	30.57731494857143	-96.35071757428571	200.00000000000000	1
114	0	3	16	0.000000	0.000000	0.000000	0.000000	30.57743768571428	-96.35078575142859	200.00000000000000	1
115	0	3	16	0.000000	0.000000	0.000000	0.000000	30.57742889142858	-96.35083000571431	200.00000000000000	1
116	0	3	16	0.000000	0.000000	0.000000	0.000000	30.57741334285714	-96.35086520285715	200.00000000000000	1
117	0	3	16	0.000000	0.000000	0.000000	0.000000	30.57733280971428	-96.35084928485718	200.00000000000000	1
118	0	3	16	0.000000	0.000000	0.000000	0.000000	30.57734584828572	-96.35076687914285	200.00000000000000	1
119	0	3	16	0.000000	0.000000	0.000000	0.000000	30.57740721685714	-96.35080096771431	200.00000000000000	1
120	0	3	16	0.000000	0.000000	0.000000	0.000000	30.57740281971429	-96.35082309485718	200.00000000000000	1
121	0	3	16	0.000000	0.000000	0.000000	0.000000	30.57739504542857	-96.35084069342858	200.00000000000000	1
122	0	3	16	0.000000	0.000000	0.000000	0.000000	30.57737674800000	-96.35081618400004	200.00000000000000	1
123	0	3	16	0.000000	0.000000	0.000000	0.000000	30.57755925000000	-96.35086456000001	200.00000000000000	1
124	0	3	16	0.000000	0.000000	0.000000	0.000000	30.57759003000000	-96.35070967000000	200.00000000000000	1
125	0	3	16	0.000000	0.000000	0.000000	0.000000	30.57796097000000	-96.35087507999999	200.00000000000000	1
126	0	3	16	0.000000	0.000000	0.000000	0.000000	30.57806764000000	-96.35123346000000	200.00000000000000	1
127	0	3	16	0.000000	0.000000	0.000000	0.000000	30.57759285321428	-96.35087257892857	200.00000000000000	1
128	0	3	16	0.000000	0.000000	0.000000	0.000000	30.57761923607143	-96.35073981607142	200.00000000000000	1
129	0	3	16	0.000000	0.000000	0.000000	0.000000	30.57793718464286	-96.35088159607142	200.00000000000000	1
130	0	3	16	0.000000	0.000000	0.000000	0.000000	30.57802861607143	-96.35118877892857	200.00000000000000	1
131	0	3	16	0.000000	0.000000	0.000000	0.000000	30.57762645642857	-96.35088059785714	200.00000000000000	1
132	0	3	16	0.000000	0.000000	0.000000	0.000000	30.57764844214286	-96.35076996214285	200.00000000000000	1
133	0	3	16	0.000000	0.000000	0.000000	0.000000	30.57791339928571	-96.35088811214284	200.00000000000000	1
134	0	3	16	0.000000	0.000000	0.000000	0.000000	30.57798959214286	-96.35114409785714	200.00000000000000	1
135	0	3	16	0.000000	0.000000	0.000000	0.000000	30.57766005964285	-96.35088861678571	200.00000000000000	1
136	0	3	16	0.000000	0.000000	0.000000	0.000000	30.57767764821428	-96.35080010821427	200.00000000000000	1
137	0	3	16	0.000000	0.000000	0.000000	0.000000	30.57788961392857	-96.35089462821426	200.00000000000000	1
138	0	3	16	0.000000	0.000000	0.000000	0.000000	30.57795056821428	-96.35109941678571	200.00000000000000	1
139	0	3	16	0.000000	0.000000	0.000000	0.000000	30.57769366285714	-96.35089663571428	200.00000000000000	1
140	0	3	16	0.000000	0.000000	0.000000	0.000000	30.57770685428571	-96.35083025428570	200.00000000000000	1
141	0	3	16	0.000000	0.000000	0.000000	0.000000	30.57786582857143	-96.35090114428569	200.00000000000000	1
142	0	3	16	0.000000	0.000000	0.000000	0.000000	30.57791154428571	-96.35105473571429	200.00000000000000	1
143	0	3	16	0.000000	0.000000	0.000000	0.000000	30.57772726607142	-96.35090465464285	200.00000000000000	1
144	0	3	16	0.000000	0.000000	0.000000	0.000000	30.57773606035714	-96.35086040035712	200.00000000000000	1
145	0	3	16	0.000000	0.000000	0.000000	0.000000	30.57784204321428	-96.35090766035711	200.00000000000000	1
146	0	3	16	0.000000	0.000000	0.000000	0.000000	30.57787252035714	-96.35101005464286	200.00000000000000	1
147	0	3	16	0.000000	0.000000	0.000000	0.000000	30.57776086928570	-96.35091267357141	200.00000000000000	1
148	0	3	16	0.000000	0.000000	0.000000	0.000000	30.57776526642857	-96.35089054642854	200.00000000000000	1
149	0	3	16	0.000000	0.000000	0.000000	0.000000	30.57781825785714	-96.35091417642853	200.00000000000000	1
150	0	3	16	0.000000	0.000000	0.000000	0.000000	30.57783349642857	-96.35096537357143	200.00000000000000	1
151	0	3	16	0.000000	0.000000	0.000000	0.000000	30.57779447249999	-96.35092069249998	200.00000000000000	1
152	0	3	16	0.000000	0.000000	0.000000	0.000000	30.57796097000000	-96.35087507999999	200.00000000000000	1
153	0	3	16	0.000000	0.000000	0.000000	0.000000	30.57822962000000	-96.35061168999999	200.00000000000000	1
154	0	3	16	0.000000	0.000000	0.000000	0.000000	30.57831988000000	-96.35203192000000	200.00000000000000	1
155	0	3	16	0.000000	0.000000	0.000000	0.000000	30.57806764000000	-96.35123346000000	200.00000000000000	1
156	0	3	16	0.000000	0.000000	0.000000	0.000000	30.57798719250000	-96.35091978821428	200.00000000000000	1
157	0	3	16	0.000000	0.000000	0.000000	0.000000	30.57821746392857	-96.35069402535714	200.00000000000000	1
158	0	3	16	0.000000	0.000000	0.000000	0.000000	30.57829482964286	-96.35191136535714	200.00000000000000	1
159	0	3	16	0.000000	0.000000	0.000000	0.000000	30.57807862392857	-96.35122697107143	200.00000000000000	1
160	0	3	16	0.000000	0.000000	0.000000	0.000000	30.57801341500000	-96.35096449642857	200.00000000000000	1
161	0	3	16	0.000000	0.000000	0.000000	0.000000	30.57820530785714	-96.35077636071429	200.00000000000000	1
162	0	3	16	0.000000	0.000000	0.000000	0.000000	30.57826977928572	-96.35179081071428	200.00000000000000	1
163	0	3	16	0.000000	0.000000	0.000000	0.000000	30.57808960785714	-96.35122048214285	200.00000000000000	1
164	0	3	16	0.000000	0.000000	0.000000	0.000000	30.57803963750000	-96.35100920464286	200.00000000000000	1
165	0	3	16	0.000000	0.000000	0.000000	0.000000	30.57819315178572	-96.35085869607144	200.00000000000000	1
166	0	3	16	0.000000	0.000000	0.000000	0.000000	30.57824472892857	-96.35167025607142	200.00000000000000	1
167	0	3	16	0.000000	0.000000	0.000000	0.000000	30.57810059178572	-96.35121399321427	200.00000000000000	1
168	0	3	16	0.000000	0.000000	0.000000	0.000000	30.57806586000000	-96.35105391285715	200.00000000000000	1
169	0	3	16	0.000000	0.000000	0.000000	0.000000	30.57818099571429	-96.35094103142859	200.00000000000000	1
170	0	3	16	0.000000	0.000000	0.000000	0.000000	30.57821967857143	-96.35154970142855	200.00000000000000	1
171	0	3	16	0.000000	0.000000	0.000000	0.000000	30.57811157571429	-96.35120750428570	200.00000000000000	1
172	0	3	16	0.000000	0.000000	0.000000	0.000000	30.57809208250000	-96.35109862107144	200.00000000000000	1
173	0	3	16	0.000000	0.000000	0.000000	0.000000	30.57816883964286	-96.35102336678574	200.00000000000000	1
174	0	3	16	0.000000	0.000000	0.000000	0.000000	30.57819462821429	-96.35142914678569	200.00000000000000	1
175	0	3	16	0.000000	0.000000	0.000000	0.000000	30.57812255964286	-96.35120101535712	200.00000000000000	1
176	0	3	16	0.000000	0.000000	0.000000	0.000000	30.57811830500000	-96.35114332928573	200.00000000000000	1
177	0	3	16	0.000000	0.000000	0.000000	0.000000	30.57815668357143	-96.35110570214289	200.00000000000000	1
178	0	3	16	0.000000	0.000000	0.000000	0.000000	30.57816957785715	-96.35130859214283	200.00000000000000	1
179	0	3	16	0.000000	0.000000	0.000000	0.000000	30.57813354357143	-96.35119452642854	200.00000000000000	1
180	0	3	16	0.000000	0.000000	0.000000	0.000000	30.57814452750000	-96.35118803750002	200.00000000000000	1
