QGC WPL 110
0	0	0	16	0.000000	0.000000	0.000000	0.000000	30.57708135000000	-96.35139986999999	200.00000000000000	1
1	0	3	16	0.000000	0.000000	0.000000	0.000000	30.57766507000000	-96.35145588000000	200.00000000000000	1
2	0	3	16	0.000000	0.000000	0.000000	0.000000	30.57749892000000	-96.35182708000001	200.00000000000000	1
3	0	3	16	0.000000	0.000000	0.000000	0.000000	30.57712903047619	-96.35142288047618	200.00000000000000	1
4	0	3	16	0.000000	0.000000	0.000000	0.000000	30.57762936190476	-96.35147088904762	200.00000000000000	1
5	0	3	16	0.000000	0.000000	0.000000	0.000000	30.57748694761905	-96.35178906047619	200.00000000000000	1
6	0	3	16	0.000000	0.000000	0.000000	0.000000	30.57717671095238	-96.35144589095236	200.00000000000000	1
7	0	3	16	0.000000	0.000000	0.000000	0.000000	30.57759365380952	-96.35148589809523	200.00000000000000	1
8	0	3	16	0.000000	0.000000	0.000000	0.000000	30.57747497523809	-96.35175104095238	200.00000000000000	1
9	0	3	16	0.000000	0.000000	0.000000	0.000000	30.57722439142857	-96.35146890142855	200.00000000000000	1
10	0	3	16	0.000000	0.000000	0.000000	0.000000	30.57755794571428	-96.35150090714285	200.00000000000000	1
11	0	3	16	0.000000	0.000000	0.000000	0.000000	30.57746300285714	-96.35171302142857	200.00000000000000	1
12	0	3	16	0.000000	0.000000	0.000000	0.000000	30.57727207190476	-96.35149191190473	200.00000000000000	1
13	0	3	16	0.000000	0.000000	0.000000	0.000000	30.57752223761904	-96.35151591619046	200.00000000000000	1
14	0	3	16	0.000000	0.000000	0.000000	0.000000	30.57745103047619	-96.35167500190475	200.00000000000000	1
15	0	3	16	0.000000	0.000000	0.000000	0.000000	30.57731975238095	-96.35151492238091	200.00000000000000	1
16	0	3	16	0.000000	0.000000	0.000000	0.000000	30.57748652952380	-96.35153092523808	200.00000000000000	1
17	0	3	16	0.000000	0.000000	0.000000	0.000000	30.57743905809523	-96.35163698238094	200.00000000000000	1
18	0	3	16	0.000000	0.000000	0.000000	0.000000	30.57736743285714	-96.35153793285710	200.00000000000000	1
19	0	3	16	0.000000	0.000000	0.000000	0.000000	30.57745082142856	-96.35154593428570	200.00000000000000	1
20	0	3	16	0.000000	0.000000	0.000000	0.000000	30.57742708571428	-96.35159896285712	200.00000000000000	1
21	0	3	16	0.000000	0.000000	0.000000	0.000000	30.57741511333333	-96.35156094333328	200.00000000000000	1
22	0	3	16	0.000000	0.000000	0.000000	0.000000	30.57749892000000	-96.35182708000001	200.00000000000000	1
23	0	3	16	0.000000	0.000000	0.000000	0.000000	30.57673784000000	-96.35171213000000	200.00000000000000	1
24	0	3	16	0.000000	0.000000	0.000000	0.000000	30.57702403000000	-96.35139055000000	200.00000000000000	1
25	0	3	16	0.000000	0.000000	0.000000	0.000000	30.57708135000000	-96.35139986999999	200.00000000000000	1
26	0	3	16	0.000000	0.000000	0.000000	0.000000	30.57743986500000	-96.35179212678572	200.00000000000000	1
27	0	3	16	0.000000	0.000000	0.000000	0.000000	30.57678751071429	-96.35169359821428	200.00000000000000	1
28	0	3	16	0.000000	0.000000	0.000000	0.000000	30.57703281642857	-96.35141795821428	200.00000000000000	1
29	0	3	16	0.000000	0.000000	0.000000	0.000000	30.57708194785714	-96.35142594678571	200.00000000000000	1
30	0	3	16	0.000000	0.000000	0.000000	0.000000	30.57738081000000	-96.35175717357144	200.00000000000000	1
31	0	3	16	0.000000	0.000000	0.000000	0.000000	30.57683718142857	-96.35167506642857	200.00000000000000	1
32	0	3	16	0.000000	0.000000	0.000000	0.000000	30.57704160285714	-96.35144536642856	200.00000000000000	1
33	0	3	16	0.000000	0.000000	0.000000	0.000000	30.57708254571428	-96.35145202357143	200.00000000000000	1
34	0	3	16	0.000000	0.000000	0.000000	0.000000	30.57732175500000	-96.35172222035716	200.00000000000000	1
35	0	3	16	0.000000	0.000000	0.000000	0.000000	30.57688685214286	-96.35165653464286	200.00000000000000	1
36	0	3	16	0.000000	0.000000	0.000000	0.000000	30.57705038928571	-96.35147277464284	200.00000000000000	1
37	0	3	16	0.000000	0.000000	0.000000	0.000000	30.57708314357142	-96.35147810035714	200.00000000000000	1
38	0	3	16	0.000000	0.000000	0.000000	0.000000	30.57726270000000	-96.35168726714288	200.00000000000000	1
39	0	3	16	0.000000	0.000000	0.000000	0.000000	30.57693652285715	-96.35163800285714	200.00000000000000	1
40	0	3	16	0.000000	0.000000	0.000000	0.000000	30.57705917571428	-96.35150018285712	200.00000000000000	1
41	0	3	16	0.000000	0.000000	0.000000	0.000000	30.57708374142857	-96.35150417714286	200.00000000000000	1
42	0	3	16	0.000000	0.000000	0.000000	0.000000	30.57720364499999	-96.35165231392860	200.00000000000000	1
43	0	3	16	0.000000	0.000000	0.000000	0.000000	30.57698619357143	-96.35161947107143	200.00000000000000	1
44	0	3	16	0.000000	0.000000	0.000000	0.000000	30.57706796214285	-96.35152759107140	200.00000000000000	1
45	0	3	16	0.000000	0.000000	0.000000	0.000000	30.57708433928571	-96.35153025392857	200.00000000000000	1
46	0	3	16	0.000000	0.000000	0.000000	0.000000	30.57714458999999	-96.35161736071431	200.00000000000000	1
47	0	3	16	0.000000	0.000000	0.000000	0.000000	30.57703586428572	-96.35160093928572	200.00000000000000	1
48	0	3	16	0.000000	0.000000	0.000000	0.000000	30.57707674857142	-96.35155499928568	200.00000000000000	1
49	0	3	16	0.000000	0.000000	0.000000	0.000000	30.57708493714285	-96.35155633071429	200.00000000000000	1
50	0	3	16	0.000000	0.000000	0.000000	0.000000	30.57708553499999	-96.35158240750003	200.00000000000000	1
51	0	3	16	0.000000	0.000000	0.000000	0.000000	30.57708135000000	-96.35139986999999	200.00000000000000	1
52	0	3	16	0.000000	0.000000	0.000000	0.000000	30.57702403000000	-96.35139055000000	200.00000000000000	1
53	0	3	16	0.000000	0.000000	0.000000	0.000000	30.57775663000000	-96.35094659000001	200.00000000000000	1
54	0	3	16	0.000000	0.000000	0.000000	0.000000	30.57817748000000	-96.35082204000000	200.00000000000000	1
55	0	3	16	0.000000	0.000000	0.000000	0.000000	30.57799513000000	-96.35115557000000	200.00000000000000	1
56	0	3	16	0.000000	0.000000	0.000000	0.000000	30.57715643200000	-96.35136316342857	200.00000000000000	1
57	0	3	16	0.000000	0.000000	0.000000	0.000000	30.57710730057143	-96.35135517485715	200.00000000000000	1
58	0	3	16	0.000000	0.000000	0.000000	0.000000	30.57773524342857	-96.35097463771429	200.00000000000000	1
59	0	3	16	0.000000	0.000000	0.000000	0.000000	30.57809597200000	-96.35086788057143	200.00000000000000	1
60	0	3	16	0.000000	0.000000	0.000000	0.000000	30.57793967200000	-96.35115376342857	200.00000000000000	1
61	0	3	16	0.000000	0.000000	0.000000	0.000000	30.57723151400000	-96.35132645685715	200.00000000000000	1
62	0	3	16	0.000000	0.000000	0.000000	0.000000	30.57719057114286	-96.35131979971429	200.00000000000000	1
63	0	3	16	0.000000	0.000000	0.000000	0.000000	30.57771385685714	-96.35100268542857	200.00000000000000	1
64	0	3	16	0.000000	0.000000	0.000000	0.000000	30.57801446400000	-96.35091372114286	200.00000000000000	1
65	0	3	16	0.000000	0.000000	0.000000	0.000000	30.57788421400000	-96.35115195685714	200.00000000000000	1
66	0	3	16	0.000000	0.000000	0.000000	0.000000	30.57730659600000	-96.35128975028573	200.00000000000000	1
67	0	3	16	0.000000	0.000000	0.000000	0.000000	30.57727384171429	-96.35128442457143	200.00000000000000	1
68	0	3	16	0.000000	0.000000	0.000000	0.000000	30.57769247028571	-96.35103073314285	200.00000000000000	1
69	0	3	16	0.000000	0.000000	0.000000	0.000000	30.57793295600000	-96.35095956171429	200.00000000000000	1
70	0	3	16	0.000000	0.000000	0.000000	0.000000	30.57782875600001	-96.35115015028570	200.00000000000000	1
71	0	3	16	0.000000	0.000000	0.000000	0.000000	30.57738167799999	-96.35125304371431	200.00000000000000	1
72	0	3	16	0.000000	0.000000	0.000000	0.000000	30.57735711228572	-96.35124904942857	200.00000000000000	1
73	0	3	16	0.000000	0.000000	0.000000	0.000000	30.57767108371428	-96.35105878085713	200.00000000000000	1
74	0	3	16	0.000000	0.000000	0.000000	0.000000	30.57785144800000	-96.35100540228572	200.00000000000000	1
75	0	3	16	0.000000	0.000000	0.000000	0.000000	30.57777329800001	-96.35114834371427	200.00000000000000	1
76	0	3	16	0.000000	0.000000	0.000000	0.000000	30.57745675999999	-96.35121633714289	200.00000000000000	1
77	0	3	16	0.000000	0.000000	0.000000	0.000000	30.57744038285715	-96.35121367428572	200.00000000000000	1
78	0	3	16	0.000000	0.000000	0.000000	0.000000	30.57764969714285	-96.35108682857141	200.00000000000000	1
79	0	3	16	0.000000	0.000000	0.000000	0.000000	30.57776994000000	-96.35105124285715	200.00000000000000	1
80	0	3	16	0.000000	0.000000	0.000000	0.000000	30.57771784000001	-96.35114653714284	200.00000000000000	1
81	0	3	16	0.000000	0.000000	0.000000	0.000000	30.57753184199999	-96.35117963057147	200.00000000000000	1
82	0	3	16	0.000000	0.000000	0.000000	0.000000	30.57752365342858	-96.35117829914286	200.00000000000000	1
83	0	3	16	0.000000	0.000000	0.000000	0.000000	30.57762831057142	-96.35111487628569	200.00000000000000	1
84	0	3	16	0.000000	0.000000	0.000000	0.000000	30.57768843200000	-96.35109708342858	200.00000000000000	1
85	0	3	16	0.000000	0.000000	0.000000	0.000000	30.57766238200001	-96.35114473057141	200.00000000000000	1
86	0	3	16	0.000000	0.000000	0.000000	0.000000	30.57760692399999	-96.35114292400004	200.00000000000000	1
87	0	3	16	0.000000	0.000000	0.000000	0.000000	30.57775663000000	-96.35094659000001	200.00000000000000	1
88	0	3	16	0.000000	0.000000	0.000000	0.000000	30.57789592000000	-96.35062591000001	200.00000000000000	1
89	0	3	16	0.000000	0.000000	0.000000	0.000000	30.57817748000000	-96.35082204000000	200.00000000000000	1
90	0	3	16	0.000000	0.000000	0.000000	0.000000	30.57778330333333	-96.35092538857144	200.00000000000000	1
91	0	3	16	0.000000	0.000000	0.000000	0.000000	30.57790269476190	-96.35065052000000	200.00000000000000	1
92	0	3	16	0.000000	0.000000	0.000000	0.000000	30.57814403190476	-96.35081863142857	200.00000000000000	1
93	0	3	16	0.000000	0.000000	0.000000	0.000000	30.57780997666667	-96.35090418714287	200.00000000000000	1
94	0	3	16	0.000000	0.000000	0.000000	0.000000	30.57790946952381	-96.35067513000000	200.00000000000000	1
95	0	3	16	0.000000	0.000000	0.000000	0.000000	30.57811058380953	-96.35081522285714	200.00000000000000	1
96	0	3	16	0.000000	0.000000	0.000000	0.000000	30.57783665000000	-96.35088298571431	200.00000000000000	1
97	0	3	16	0.000000	0.000000	0.000000	0.000000	30.57791624428571	-96.35069974000000	200.00000000000000	1
98	0	3	16	0.000000	0.000000	0.000000	0.000000	30.57807713571429	-96.35081181428571	200.00000000000000	1
99	0	3	16	0.000000	0.000000	0.000000	0.000000	30.57786332333334	-96.35086178428574	200.00000000000000	1
100	0	3	16	0.000000	0.000000	0.000000	0.000000	30.57792301904761	-96.35072434999999	200.00000000000000	1
101	0	3	16	0.000000	0.000000	0.000000	0.000000	30.57804368761905	-96.35080840571428	200.00000000000000	1
102	0	3	16	0.000000	0.000000	0.000000	0.000000	30.57788999666667	-96.35084058285717	200.00000000000000	1
103	0	3	16	0.000000	0.000000	0.000000	0.000000	30.57792979380952	-96.35074895999999	200.00000000000000	1
104	0	3	16	0.000000	0.000000	0.000000	0.000000	30.57801023952381	-96.35080499714284	200.00000000000000	1
105	0	3	16	0.000000	0.000000	0.000000	0.000000	30.57791667000000	-96.35081938142861	200.00000000000000	1
106	0	3	16	0.000000	0.000000	0.000000	0.000000	30.57793656857142	-96.35077356999999	200.00000000000000	1
107	0	3	16	0.000000	0.000000	0.000000	0.000000	30.57797679142858	-96.35080158857141	200.00000000000000	1
108	0	3	16	0.000000	0.000000	0.000000	0.000000	30.57794334333334	-96.35079818000004	200.00000000000000	1
109	0	3	16	0.000000	0.000000	0.000000	0.000000	30.57789592000000	-96.35062591000001	200.00000000000000	1
110	0	3	16	0.000000	0.000000	0.000000	0.000000	30.57775663000000	-96.35094659000001	200.00000000000000	1
111	0	3	16	0.000000	0.000000	0.000000	0.000000	30.57715584000000	-96.35123856000000	200.00000000000000	1
112	0	3	16	0.000000	0.000000	0.000000	0.000000	30.57785404523809	-96.35067035428573	200.00000000000000	1
113	0	3	16	0.000000	0.000000	0.000000	0.000000	30.57773465380953	-96.35094522285715	200.00000000000000	1
114	0	3	16	0.000000	0.000000	0.000000	0.000000	30.57721969095238	-96.35119548285714	200.00000000000000	1
115	0	3	16	0.000000	0.000000	0.000000	0.000000	30.57781217047619	-96.35071479857145	200.00000000000000	1
116	0	3	16	0.000000	0.000000	0.000000	0.000000	30.57771267761905	-96.35094385571429	200.00000000000000	1
117	0	3	16	0.000000	0.000000	0.000000	0.000000	30.57728354190476	-96.35115240571427	200.00000000000000	1
118	0	3	16	0.000000	0.000000	0.000000	0.000000	30.57777029571428	-96.35075924285717	200.00000000000000	1
119	0	3	16	0.000000	0.000000	0.000000	0.000000	30.57769070142858	-96.35094248857143	200.00000000000000	1
120	0	3	16	0.000000	0.000000	0.000000	0.000000	30.57734739285714	-96.35110932857141	200.00000000000000	1
121	0	3	16	0.000000	0.000000	0.000000	0.000000	30.57772842095238	-96.35080368714289	200.00000000000000	1
122	0	3	16	0.000000	0.000000	0.000000	0.000000	30.57766872523810	-96.35094112142858	200.00000000000000	1
123	0	3	16	0.000000	0.000000	0.000000	0.000000	30.57741124380952	-96.35106625142855	200.00000000000000	1
124	0	3	16	0.000000	0.000000	0.000000	0.000000	30.57768654619047	-96.35084813142861	200.00000000000000	1
125	0	3	16	0.000000	0.000000	0.000000	0.000000	30.57764674904763	-96.35093975428572	200.00000000000000	1
126	0	3	16	0.000000	0.000000	0.000000	0.000000	30.57747509476190	-96.35102317428569	200.00000000000000	1
127	0	3	16	0.000000	0.000000	0.000000	0.000000	30.57764467142857	-96.35089257571433	200.00000000000000	1
128	0	3	16	0.000000	0.000000	0.000000	0.000000	30.57762477285715	-96.35093838714286	200.00000000000000	1
129	0	3	16	0.000000	0.000000	0.000000	0.000000	30.57753894571428	-96.35098009714282	200.00000000000000	1
130	0	3	16	0.000000	0.000000	0.000000	0.000000	30.57760279666666	-96.35093702000005	200.00000000000000	1
131	0	3	16	0.000000	0.000000	0.000000	0.000000	30.57789592000000	-96.35062591000001	200.00000000000000	1
132	0	3	16	0.000000	0.000000	0.000000	0.000000	30.57715584000000	-96.35123856000000	200.00000000000000	1
133	0	3	16	0.000000	0.000000	0.000000	0.000000	30.57705484000000	-96.35131170000000	200.00000000000000	1
134	0	3	16	0.000000	0.000000	0.000000	0.000000	30.57668285000000	-96.35107415000000	200.00000000000000	1
135	0	3	16	0.000000	0.000000	0.000000	0.000000	30.57651090000000	-96.35012460000000	200.00000000000000	1
136	0	3	16	0.000000	0.000000	0.000000	0.000000	30.57677062000000	-96.35015041000000	200.00000000000000	1
137	0	3	16	0.000000	0.000000	0.000000	0.000000	30.57756765000000	-96.35044860000001	200.00000000000000	1
138	0	3	16	0.000000	0.000000	0.000000	0.000000	30.57778096448980	-96.35063800306122	200.00000000000000	1
139	0	3	16	0.000000	0.000000	0.000000	0.000000	30.57714661020408	-96.35116313163265	200.00000000000000	1
140	0	3	16	0.000000	0.000000	0.000000	0.000000	30.57706003877551	-96.35122582306121	200.00000000000000	1
141	0	3	16	0.000000	0.000000	0.000000	0.000000	30.57674119020408	-96.35102220877550	200.00000000000000	1
142	0	3	16	0.000000	0.000000	0.000000	0.000000	30.57659380448980	-96.35020830877551	200.00000000000000	1
143	0	3	16	0.000000	0.000000	0.000000	0.000000	30.57681642163265	-96.35023043163265	200.00000000000000	1
144	0	3	16	0.000000	0.000000	0.000000	0.000000	30.57749959020408	-96.35048602306122	200.00000000000000	1
145	0	3	16	0.000000	0.000000	0.000000	0.000000	30.57766600897959	-96.35065009612244	200.00000000000000	1
146	0	3	16	0.000000	0.000000	0.000000	0.000000	30.57713738040816	-96.35108770326529	200.00000000000000	1
147	0	3	16	0.000000	0.000000	0.000000	0.000000	30.57706523755102	-96.35113994612243	200.00000000000000	1
148	0	3	16	0.000000	0.000000	0.000000	0.000000	30.57679953040816	-96.35097026755101	200.00000000000000	1
149	0	3	16	0.000000	0.000000	0.000000	0.000000	30.57667670897959	-96.35029201755101	200.00000000000000	1
150	0	3	16	0.000000	0.000000	0.000000	0.000000	30.57686222326531	-96.35031045326531	200.00000000000000	1
151	0	3	16	0.000000	0.000000	0.000000	0.000000	30.57743153040816	-96.35052344612244	200.00000000000000	1
152	0	3	16	0.000000	0.000000	0.000000	0.000000	30.57755105346939	-96.35066218918365	200.00000000000000	1
153	0	3	16	0.000000	0.000000	0.000000	0.000000	30.57712815061225	-96.35101227489794	200.00000000000000	1
154	0	3	16	0.000000	0.000000	0.000000	0.000000	30.57707043632653	-96.35105406918365	200.00000000000000	1
155	0	3	16	0.000000	0.000000	0.000000	0.000000	30.57685787061224	-96.35091832632651	200.00000000000000	1
156	0	3	16	0.000000	0.000000	0.000000	0.000000	30.57675961346939	-96.35037572632652	200.00000000000000	1
157	0	3	16	0.000000	0.000000	0.000000	0.000000	30.57690802489796	-96.35039047489796	200.00000000000000	1
158	0	3	16	0.000000	0.000000	0.000000	0.000000	30.57736347061224	-96.35056086918365	200.00000000000000	1
159	0	3	16	0.000000	0.000000	0.000000	0.000000	30.57743609795919	-96.35067428224487	200.00000000000000	1
160	0	3	16	0.000000	0.000000	0.000000	0.000000	30.57711892081633	-96.35093684653059	200.00000000000000	1
161	0	3	16	0.000000	0.000000	0.000000	0.000000	30.57707563510204	-96.35096819224486	200.00000000000000	1
162	0	3	16	0.000000	0.000000	0.000000	0.000000	30.57691621081633	-96.35086638510201	200.00000000000000	1
163	0	3	16	0.000000	0.000000	0.000000	0.000000	30.57684251795919	-96.35045943510202	200.00000000000000	1
164	0	3	16	0.000000	0.000000	0.000000	0.000000	30.57695382653061	-96.35047049653062	200.00000000000000	1
165	0	3	16	0.000000	0.000000	0.000000	0.000000	30.57729541081633	-96.35059829224487	200.00000000000000	1
166	0	3	16	0.000000	0.000000	0.000000	0.000000	30.57732114244899	-96.35068637530608	200.00000000000000	1
167	0	3	16	0.000000	0.000000	0.000000	0.000000	30.57710969102041	-96.35086141816323	200.00000000000000	1
168	0	3	16	0.000000	0.000000	0.000000	0.000000	30.57708083387756	-96.35088231530608	200.00000000000000	1
169	0	3	16	0.000000	0.000000	0.000000	0.000000	30.57697455102041	-96.35081444387751	200.00000000000000	1
170	0	3	16	0.000000	0.000000	0.000000	0.000000	30.57692542244899	-96.35054314387753	200.00000000000000	1
171	0	3	16	0.000000	0.000000	0.000000	0.000000	30.57699962816326	-96.35055051816327	200.00000000000000	1
172	0	3	16	0.000000	0.000000	0.000000	0.000000	30.57722735102041	-96.35063571530608	200.00000000000000	1
173	0	3	16	0.000000	0.000000	0.000000	0.000000	30.57720618693878	-96.35069846836730	200.00000000000000	1
174	0	3	16	0.000000	0.000000	0.000000	0.000000	30.57710046122449	-96.35078598979588	200.00000000000000	1
175	0	3	16	0.000000	0.000000	0.000000	0.000000	30.57708603265307	-96.35079643836730	200.00000000000000	1
176	0	3	16	0.000000	0.000000	0.000000	0.000000	30.57703289122449	-96.35076250265301	200.00000000000000	1
177	0	3	16	0.000000	0.000000	0.000000	0.000000	30.57700832693878	-96.35062685265304	200.00000000000000	1
178	0	3	16	0.000000	0.000000	0.000000	0.000000	30.57704542979591	-96.35063053979593	200.00000000000000	1
179	0	3	16	0.000000	0.000000	0.000000	0.000000	30.57715929122449	-96.35067313836730	200.00000000000000	1
180	0	3	16	0.000000	0.000000	0.000000	0.000000	30.57709123142858	-96.35071056142851	200.00000000000000	1
