QGC WPL 110
0	0	0	16	0.000000	0.000000	0.000000	0.000000	30.57692995000000	-96.35160507000001	200.00000000000000	1
1	0	3	16	0.000000	0.000000	0.000000	0.000000	30.57728897000000	-96.35173706000000	200.00000000000000	1
2	0	3	16	0.000000	0.000000	0.000000	0.000000	30.57673620000000	-96.35171681000000	200.00000000000000	1
3	0	3	16	0.000000	0.000000	0.000000	0.000000	30.57693782000000	-96.35161667619047	200.00000000000000	1
4	0	3	16	0.000000	0.000000	0.000000	0.000000	30.57724555142857	-96.35172981047620	200.00000000000000	1
5	0	3	16	0.000000	0.000000	0.000000	0.000000	30.57677174857143	-96.35171245333333	200.00000000000000	1
6	0	3	16	0.000000	0.000000	0.000000	0.000000	30.57694569000000	-96.35162828238094	200.00000000000000	1
7	0	3	16	0.000000	0.000000	0.000000	0.000000	30.57720213285714	-96.35172256095240	200.00000000000000	1
8	0	3	16	0.000000	0.000000	0.000000	0.000000	30.57680729714286	-96.35170809666667	200.00000000000000	1
9	0	3	16	0.000000	0.000000	0.000000	0.000000	30.57695356000000	-96.35163988857141	200.00000000000000	1
10	0	3	16	0.000000	0.000000	0.000000	0.000000	30.57715871428571	-96.35171531142859	200.00000000000000	1
11	0	3	16	0.000000	0.000000	0.000000	0.000000	30.57684284571429	-96.35170374000000	200.00000000000000	1
12	0	3	16	0.000000	0.000000	0.000000	0.000000	30.57696143000000	-96.35165149476188	200.00000000000000	1
13	0	3	16	0.000000	0.000000	0.000000	0.000000	30.57711529571428	-96.35170806190479	200.00000000000000	1
14	0	3	16	0.000000	0.000000	0.000000	0.000000	30.57687839428571	-96.35169938333334	200.00000000000000	1
15	0	3	16	0.000000	0.000000	0.000000	0.000000	30.57696930000001	-96.35166310095235	200.00000000000000	1
16	0	3	16	0.000000	0.000000	0.000000	0.000000	30.57707187714285	-96.35170081238098	200.00000000000000	1
17	0	3	16	0.000000	0.000000	0.000000	0.000000	30.57691394285714	-96.35169502666668	200.00000000000000	1
18	0	3	16	0.000000	0.000000	0.000000	0.000000	30.57697717000001	-96.35167470714282	200.00000000000000	1
19	0	3	16	0.000000	0.000000	0.000000	0.000000	30.57702845857142	-96.35169356285718	200.00000000000000	1
20	0	3	16	0.000000	0.000000	0.000000	0.000000	30.57694949142857	-96.35169067000001	200.00000000000000	1
21	0	3	16	0.000000	0.000000	0.000000	0.000000	30.57698504000001	-96.35168631333329	200.00000000000000	1
22	0	3	16	0.000000	0.000000	0.000000	0.000000	30.57692995000000	-96.35160507000001	200.00000000000000	1
23	0	3	16	0.000000	0.000000	0.000000	0.000000	30.57673620000000	-96.35171681000000	200.00000000000000	1
24	0	3	16	0.000000	0.000000	0.000000	0.000000	30.57671494000000	-96.35164021999999	200.00000000000000	1
25	0	3	16	0.000000	0.000000	0.000000	0.000000	30.57706871000000	-96.35114249000000	200.00000000000000	1
26	0	3	16	0.000000	0.000000	0.000000	0.000000	30.57692030714286	-96.35159379535715	200.00000000000000	1
27	0	3	16	0.000000	0.000000	0.000000	0.000000	30.57675423571429	-96.35168957249999	200.00000000000000	1
28	0	3	16	0.000000	0.000000	0.000000	0.000000	30.57673601285714	-96.35162392392857	200.00000000000000	1
29	0	3	16	0.000000	0.000000	0.000000	0.000000	30.57703924428571	-96.35119729821429	200.00000000000000	1
30	0	3	16	0.000000	0.000000	0.000000	0.000000	30.57691066428571	-96.35158252071429	200.00000000000000	1
31	0	3	16	0.000000	0.000000	0.000000	0.000000	30.57677227142857	-96.35166233499999	200.00000000000000	1
32	0	3	16	0.000000	0.000000	0.000000	0.000000	30.57675708571429	-96.35160762785715	200.00000000000000	1
33	0	3	16	0.000000	0.000000	0.000000	0.000000	30.57700977857143	-96.35125210642857	200.00000000000000	1
34	0	3	16	0.000000	0.000000	0.000000	0.000000	30.57690102142857	-96.35157124607143	200.00000000000000	1
35	0	3	16	0.000000	0.000000	0.000000	0.000000	30.57679030714286	-96.35163509749998	200.00000000000000	1
36	0	3	16	0.000000	0.000000	0.000000	0.000000	30.57677815857143	-96.35159133178573	200.00000000000000	1
37	0	3	16	0.000000	0.000000	0.000000	0.000000	30.57698031285715	-96.35130691464286	200.00000000000000	1
38	0	3	16	0.000000	0.000000	0.000000	0.000000	30.57689137857142	-96.35155997142857	200.00000000000000	1
39	0	3	16	0.000000	0.000000	0.000000	0.000000	30.57680834285715	-96.35160785999997	200.00000000000000	1
40	0	3	16	0.000000	0.000000	0.000000	0.000000	30.57679923142858	-96.35157503571430	200.00000000000000	1
41	0	3	16	0.000000	0.000000	0.000000	0.000000	30.57695084714286	-96.35136172285715	200.00000000000000	1
42	0	3	16	0.000000	0.000000	0.000000	0.000000	30.57688173571428	-96.35154869678571	200.00000000000000	1
43	0	3	16	0.000000	0.000000	0.000000	0.000000	30.57682637857144	-96.35158062249997	200.00000000000000	1
44	0	3	16	0.000000	0.000000	0.000000	0.000000	30.57682030428572	-96.35155873964288	200.00000000000000	1
45	0	3	16	0.000000	0.000000	0.000000	0.000000	30.57692138142858	-96.35141653107144	200.00000000000000	1
46	0	3	16	0.000000	0.000000	0.000000	0.000000	30.57687209285714	-96.35153742214285	200.00000000000000	1
47	0	3	16	0.000000	0.000000	0.000000	0.000000	30.57684441428572	-96.35155338499996	200.00000000000000	1
48	0	3	16	0.000000	0.000000	0.000000	0.000000	30.57684137714287	-96.35154244357146	200.00000000000000	1
49	0	3	16	0.000000	0.000000	0.000000	0.000000	30.57689191571429	-96.35147133928572	200.00000000000000	1
50	0	3	16	0.000000	0.000000	0.000000	0.000000	30.57686244999999	-96.35152614750000	200.00000000000000	1
51	0	3	16	0.000000	0.000000	0.000000	0.000000	30.57692995000000	-96.35160507000001	200.00000000000000	1
52	0	3	16	0.000000	0.000000	0.000000	0.000000	30.57706871000000	-96.35114249000000	200.00000000000000	1
53	0	3	16	0.000000	0.000000	0.000000	0.000000	30.57732519000000	-96.35146290000000	200.00000000000000	1
54	0	3	16	0.000000	0.000000	0.000000	0.000000	30.57695537857143	-96.35157627238095	200.00000000000000	1
55	0	3	16	0.000000	0.000000	0.000000	0.000000	30.57707431571428	-96.35117977523809	200.00000000000000	1
56	0	3	16	0.000000	0.000000	0.000000	0.000000	30.57729415571428	-96.35145441238096	200.00000000000000	1
57	0	3	16	0.000000	0.000000	0.000000	0.000000	30.57698080714286	-96.35154747476190	200.00000000000000	1
58	0	3	16	0.000000	0.000000	0.000000	0.000000	30.57707992142857	-96.35121706047619	200.00000000000000	1
59	0	3	16	0.000000	0.000000	0.000000	0.000000	30.57726312142857	-96.35144592476192	200.00000000000000	1
60	0	3	16	0.000000	0.000000	0.000000	0.000000	30.57700623571429	-96.35151867714285	200.00000000000000	1
61	0	3	16	0.000000	0.000000	0.000000	0.000000	30.57708552714286	-96.35125434571428	200.00000000000000	1
62	0	3	16	0.000000	0.000000	0.000000	0.000000	30.57723208714285	-96.35143743714288	200.00000000000000	1
63	0	3	16	0.000000	0.000000	0.000000	0.000000	30.57703166428572	-96.35148987952380	200.00000000000000	1
64	0	3	16	0.000000	0.000000	0.000000	0.000000	30.57709113285714	-96.35129163095237	200.00000000000000	1
65	0	3	16	0.000000	0.000000	0.000000	0.000000	30.57720105285714	-96.35142894952384	200.00000000000000	1
66	0	3	16	0.000000	0.000000	0.000000	0.000000	30.57705709285715	-96.35146108190474	200.00000000000000	1
67	0	3	16	0.000000	0.000000	0.000000	0.000000	30.57709673857143	-96.35132891619047	200.00000000000000	1
68	0	3	16	0.000000	0.000000	0.000000	0.000000	30.57717001857142	-96.35142046190479	200.00000000000000	1
69	0	3	16	0.000000	0.000000	0.000000	0.000000	30.57708252142858	-96.35143228428569	200.00000000000000	1
70	0	3	16	0.000000	0.000000	0.000000	0.000000	30.57710234428571	-96.35136620142856	200.00000000000000	1
71	0	3	16	0.000000	0.000000	0.000000	0.000000	30.57713898428571	-96.35141197428575	200.00000000000000	1
72	0	3	16	0.000000	0.000000	0.000000	0.000000	30.57710795000001	-96.35140348666664	200.00000000000000	1
73	0	3	16	0.000000	0.000000	0.000000	0.000000	30.57732519000000	-96.35146290000000	200.00000000000000	1
74	0	3	16	0.000000	0.000000	0.000000	0.000000	30.57706871000000	-96.35114249000000	200.00000000000000	1
75	0	3	16	0.000000	0.000000	0.000000	0.000000	30.57794253000000	-96.35169156000001	200.00000000000000	1
76	0	3	16	0.000000	0.000000	0.000000	0.000000	30.57734237380953	-96.35145853095239	200.00000000000000	1
77	0	3	16	0.000000	0.000000	0.000000	0.000000	30.57712253380952	-96.35118389380952	200.00000000000000	1
78	0	3	16	0.000000	0.000000	0.000000	0.000000	30.57787152238095	-96.35165452523810	200.00000000000000	1
79	0	3	16	0.000000	0.000000	0.000000	0.000000	30.57735955761905	-96.35145416190477	200.00000000000000	1
80	0	3	16	0.000000	0.000000	0.000000	0.000000	30.57717635761905	-96.35122529761904	200.00000000000000	1
81	0	3	16	0.000000	0.000000	0.000000	0.000000	30.57780051476190	-96.35161749047620	200.00000000000000	1
82	0	3	16	0.000000	0.000000	0.000000	0.000000	30.57737674142858	-96.35144979285715	200.00000000000000	1
83	0	3	16	0.000000	0.000000	0.000000	0.000000	30.57723018142857	-96.35126670142856	200.00000000000000	1
84	0	3	16	0.000000	0.000000	0.000000	0.000000	30.57772950714286	-96.35158045571430	200.00000000000000	1
85	0	3	16	0.000000	0.000000	0.000000	0.000000	30.57739392523810	-96.35144542380954	200.00000000000000	1
86	0	3	16	0.000000	0.000000	0.000000	0.000000	30.57728400523809	-96.35130810523808	200.00000000000000	1
87	0	3	16	0.000000	0.000000	0.000000	0.000000	30.57765849952381	-96.35154342095240	200.00000000000000	1
88	0	3	16	0.000000	0.000000	0.000000	0.000000	30.57741110904763	-96.35144105476192	200.00000000000000	1
89	0	3	16	0.000000	0.000000	0.000000	0.000000	30.57733782904761	-96.35134950904759	200.00000000000000	1
90	0	3	16	0.000000	0.000000	0.000000	0.000000	30.57758749190476	-96.35150638619049	200.00000000000000	1
91	0	3	16	0.000000	0.000000	0.000000	0.000000	30.57742829285715	-96.35143668571430	200.00000000000000	1
92	0	3	16	0.000000	0.000000	0.000000	0.000000	30.57739165285714	-96.35139091285711	200.00000000000000	1
93	0	3	16	0.000000	0.000000	0.000000	0.000000	30.57751648428571	-96.35146935142859	200.00000000000000	1
94	0	3	16	0.000000	0.000000	0.000000	0.000000	30.57744547666668	-96.35143231666669	200.00000000000000	1
95	0	3	16	0.000000	0.000000	0.000000	0.000000	30.57706871000000	-96.35114249000000	200.00000000000000	1
96	0	3	16	0.000000	0.000000	0.000000	0.000000	30.57671494000000	-96.35164021999999	200.00000000000000	1
97	0	3	16	0.000000	0.000000	0.000000	0.000000	30.57694702000000	-96.35118848000000	200.00000000000000	1
98	0	3	16	0.000000	0.000000	0.000000	0.000000	30.57748104000000	-96.35018907000000	200.00000000000000	1
99	0	3	16	0.000000	0.000000	0.000000	0.000000	30.57771087000000	-96.35017071000000	200.00000000000000	1
100	0	3	16	0.000000	0.000000	0.000000	0.000000	30.57708525371428	-96.35110301914285	200.00000000000000	1
101	0	3	16	0.000000	0.000000	0.000000	0.000000	30.57678202228571	-96.35152964485714	200.00000000000000	1
102	0	3	16	0.000000	0.000000	0.000000	0.000000	30.57698094800000	-96.35114243914286	200.00000000000000	1
103	0	3	16	0.000000	0.000000	0.000000	0.000000	30.57743867942857	-96.35028580200000	200.00000000000000	1
104	0	3	16	0.000000	0.000000	0.000000	0.000000	30.57763567657143	-96.35027006485714	200.00000000000000	1
105	0	3	16	0.000000	0.000000	0.000000	0.000000	30.57710179742857	-96.35106354828571	200.00000000000000	1
106	0	3	16	0.000000	0.000000	0.000000	0.000000	30.57684910457143	-96.35141906971428	200.00000000000000	1
107	0	3	16	0.000000	0.000000	0.000000	0.000000	30.57701487600000	-96.35109639828572	200.00000000000000	1
108	0	3	16	0.000000	0.000000	0.000000	0.000000	30.57739631885714	-96.35038253400000	200.00000000000000	1
109	0	3	16	0.000000	0.000000	0.000000	0.000000	30.57756048314286	-96.35036941971428	200.00000000000000	1
110	0	3	16	0.000000	0.000000	0.000000	0.000000	30.57711834114285	-96.35102407742856	200.00000000000000	1
111	0	3	16	0.000000	0.000000	0.000000	0.000000	30.57691618685714	-96.35130849457143	200.00000000000000	1
112	0	3	16	0.000000	0.000000	0.000000	0.000000	30.57704880400000	-96.35105035742858	200.00000000000000	1
113	0	3	16	0.000000	0.000000	0.000000	0.000000	30.57735395828572	-96.35047926600001	200.00000000000000	1
114	0	3	16	0.000000	0.000000	0.000000	0.000000	30.57748528971429	-96.35046877457143	200.00000000000000	1
115	0	3	16	0.000000	0.000000	0.000000	0.000000	30.57713488485714	-96.35098460657142	200.00000000000000	1
116	0	3	16	0.000000	0.000000	0.000000	0.000000	30.57698326914285	-96.35119791942857	200.00000000000000	1
117	0	3	16	0.000000	0.000000	0.000000	0.000000	30.57708273200000	-96.35100431657143	200.00000000000000	1
118	0	3	16	0.000000	0.000000	0.000000	0.000000	30.57731159771429	-96.35057599800001	200.00000000000000	1
119	0	3	16	0.000000	0.000000	0.000000	0.000000	30.57741009628571	-96.35056812942857	200.00000000000000	1
120	0	3	16	0.000000	0.000000	0.000000	0.000000	30.57715142857142	-96.35094513571427	200.00000000000000	1
121	0	3	16	0.000000	0.000000	0.000000	0.000000	30.57705035142857	-96.35108734428572	200.00000000000000	1
122	0	3	16	0.000000	0.000000	0.000000	0.000000	30.57711666000000	-96.35095827571429	200.00000000000000	1
123	0	3	16	0.000000	0.000000	0.000000	0.000000	30.57726923714286	-96.35067273000001	200.00000000000000	1
124	0	3	16	0.000000	0.000000	0.000000	0.000000	30.57733490285714	-96.35066748428571	200.00000000000000	1
125	0	3	16	0.000000	0.000000	0.000000	0.000000	30.57716797228571	-96.35090566485712	200.00000000000000	1
126	0	3	16	0.000000	0.000000	0.000000	0.000000	30.57711743371428	-96.35097676914286	200.00000000000000	1
127	0	3	16	0.000000	0.000000	0.000000	0.000000	30.57715058800000	-96.35091223485715	200.00000000000000	1
128	0	3	16	0.000000	0.000000	0.000000	0.000000	30.57722687657143	-96.35076946200002	200.00000000000000	1
129	0	3	16	0.000000	0.000000	0.000000	0.000000	30.57725970942857	-96.35076683914285	200.00000000000000	1
130	0	3	16	0.000000	0.000000	0.000000	0.000000	30.57718451599999	-96.35086619399998	200.00000000000000	1
131	0	3	16	0.000000	0.000000	0.000000	0.000000	30.57706871000000	-96.35114249000000	200.00000000000000	1
132	0	3	16	0.000000	0.000000	0.000000	0.000000	30.57771087000000	-96.35017071000000	200.00000000000000	1
133	0	3	16	0.000000	0.000000	0.000000	0.000000	30.57825973000000	-96.35041323000000	200.00000000000000	1
134	0	3	16	0.000000	0.000000	0.000000	0.000000	30.57808491000000	-96.35059350000000	200.00000000000000	1
135	0	3	16	0.000000	0.000000	0.000000	0.000000	30.57717047357143	-96.35106213178571	200.00000000000000	1
136	0	3	16	0.000000	0.000000	0.000000	0.000000	30.57772089642857	-96.35022917750000	200.00000000000000	1
137	0	3	16	0.000000	0.000000	0.000000	0.000000	30.57819134785714	-96.35043705178572	200.00000000000000	1
138	0	3	16	0.000000	0.000000	0.000000	0.000000	30.57804150214286	-96.35059156892858	200.00000000000000	1
139	0	3	16	0.000000	0.000000	0.000000	0.000000	30.57727223714286	-96.35098177357142	200.00000000000000	1
140	0	3	16	0.000000	0.000000	0.000000	0.000000	30.57773092285715	-96.35028764499999	200.00000000000000	1
141	0	3	16	0.000000	0.000000	0.000000	0.000000	30.57812296571429	-96.35046087357144	200.00000000000000	1
142	0	3	16	0.000000	0.000000	0.000000	0.000000	30.57799809428572	-96.35058963785715	200.00000000000000	1
143	0	3	16	0.000000	0.000000	0.000000	0.000000	30.57737400071429	-96.35090141535713	200.00000000000000	1
144	0	3	16	0.000000	0.000000	0.000000	0.000000	30.57774094928572	-96.35034611249999	200.00000000000000	1
145	0	3	16	0.000000	0.000000	0.000000	0.000000	30.57805458357143	-96.35048469535715	200.00000000000000	1
146	0	3	16	0.000000	0.000000	0.000000	0.000000	30.57795468642858	-96.35058770678573	200.00000000000000	1
147	0	3	16	0.000000	0.000000	0.000000	0.000000	30.57747576428572	-96.35082105714284	200.00000000000000	1
148	0	3	16	0.000000	0.000000	0.000000	0.000000	30.57775097571429	-96.35040457999999	200.00000000000000	1
149	0	3	16	0.000000	0.000000	0.000000	0.000000	30.57798620142857	-96.35050851714287	200.00000000000000	1
150	0	3	16	0.000000	0.000000	0.000000	0.000000	30.57791127857143	-96.35058577571431	200.00000000000000	1
151	0	3	16	0.000000	0.000000	0.000000	0.000000	30.57757752785714	-96.35074069892855	200.00000000000000	1
152	0	3	16	0.000000	0.000000	0.000000	0.000000	30.57776100214286	-96.35046304749999	200.00000000000000	1
153	0	3	16	0.000000	0.000000	0.000000	0.000000	30.57791781928572	-96.35053233892859	200.00000000000000	1
154	0	3	16	0.000000	0.000000	0.000000	0.000000	30.57786787071429	-96.35058384464288	200.00000000000000	1
155	0	3	16	0.000000	0.000000	0.000000	0.000000	30.57767929142857	-96.35066034071426	200.00000000000000	1
156	0	3	16	0.000000	0.000000	0.000000	0.000000	30.57777102857144	-96.35052151499998	200.00000000000000	1
157	0	3	16	0.000000	0.000000	0.000000	0.000000	30.57784943714286	-96.35055616071431	200.00000000000000	1
158	0	3	16	0.000000	0.000000	0.000000	0.000000	30.57782446285715	-96.35058191357146	200.00000000000000	1
159	0	3	16	0.000000	0.000000	0.000000	0.000000	30.57778105500000	-96.35057998249997	200.00000000000000	1
160	0	3	16	0.000000	0.000000	0.000000	0.000000	30.57771087000000	-96.35017071000000	200.00000000000000	1
161	0	3	16	0.000000	0.000000	0.000000	0.000000	30.57826752000000	-96.35024276999999	200.00000000000000	1
162	0	3	16	0.000000	0.000000	0.000000	0.000000	30.57825973000000	-96.35041323000000	200.00000000000000	1
163	0	3	16	0.000000	0.000000	0.000000	0.000000	30.57776351333333	-96.35018569000000	200.00000000000000	1
164	0	3	16	0.000000	0.000000	0.000000	0.000000	30.57824064190476	-96.35024745571428	200.00000000000000	1
165	0	3	16	0.000000	0.000000	0.000000	0.000000	30.57823396476190	-96.35039356428571	200.00000000000000	1
166	0	3	16	0.000000	0.000000	0.000000	0.000000	30.57781615666667	-96.35020067000001	200.00000000000000	1
167	0	3	16	0.000000	0.000000	0.000000	0.000000	30.57821376380953	-96.35025214142857	200.00000000000000	1
168	0	3	16	0.000000	0.000000	0.000000	0.000000	30.57820819952381	-96.35037389857142	200.00000000000000	1
169	0	3	16	0.000000	0.000000	0.000000	0.000000	30.57786880000000	-96.35021565000001	200.00000000000000	1
170	0	3	16	0.000000	0.000000	0.000000	0.000000	30.57818688571429	-96.35025682714286	200.00000000000000	1
171	0	3	16	0.000000	0.000000	0.000000	0.000000	30.57818243428571	-96.35035423285713	200.00000000000000	1
172	0	3	16	0.000000	0.000000	0.000000	0.000000	30.57792144333333	-96.35023063000001	200.00000000000000	1
173	0	3	16	0.000000	0.000000	0.000000	0.000000	30.57816000761905	-96.35026151285714	200.00000000000000	1
174	0	3	16	0.000000	0.000000	0.000000	0.000000	30.57815666904762	-96.35033456714284	200.00000000000000	1
175	0	3	16	0.000000	0.000000	0.000000	0.000000	30.57797408666667	-96.35024561000002	200.00000000000000	1
176	0	3	16	0.000000	0.000000	0.000000	0.000000	30.57813312952381	-96.35026619857143	200.00000000000000	1
177	0	3	16	0.000000	0.000000	0.000000	0.000000	30.57813090380952	-96.35031490142855	200.00000000000000	1
178	0	3	16	0.000000	0.000000	0.000000	0.000000	30.57802673000000	-96.35026059000002	200.00000000000000	1
179	0	3	16	0.000000	0.000000	0.000000	0.000000	30.57810625142858	-96.35027088428572	200.00000000000000	1
180	0	3	16	0.000000	0.000000	0.000000	0.000000	30.57810513857142	-96.35029523571426	200.00000000000000	1
181	0	3	16	0.000000	0.000000	0.000000	0.000000	30.57807937333333	-96.35027557000002	200.00000000000000	1
182	0	3	16	0.000000	0.000000	0.000000	0.000000	30.57825973000000	-96.35041323000000	200.00000000000000	1
183	0	3	16	0.000000	0.000000	0.000000	0.000000	30.57832485000000	-96.35097924000000	200.00000000000000	1
184	0	3	16	0.000000	0.000000	0.000000	0.000000	30.57829392000000	-96.35089822000000	200.00000000000000	1
185	0	3	16	0.000000	0.000000	0.000000	0.000000	30.57826445904762	-96.35046327761904	200.00000000000000	1
186	0	3	16	0.000000	0.000000	0.000000	0.000000	30.57832027619048	-96.35094842904762	200.00000000000000	1
187	0	3	16	0.000000	0.000000	0.000000	0.000000	30.57829376476191	-96.35087898333333	200.00000000000000	1
188	0	3	16	0.000000	0.000000	0.000000	0.000000	30.57826918809524	-96.35051332523808	200.00000000000000	1
189	0	3	16	0.000000	0.000000	0.000000	0.000000	30.57831570238096	-96.35091761809524	200.00000000000000	1
190	0	3	16	0.000000	0.000000	0.000000	0.000000	30.57829360952381	-96.35085974666666	200.00000000000000	1
191	0	3	16	0.000000	0.000000	0.000000	0.000000	30.57827391714286	-96.35056337285712	200.00000000000000	1
192	0	3	16	0.000000	0.000000	0.000000	0.000000	30.57831112857143	-96.35088680714286	200.00000000000000	1
193	0	3	16	0.000000	0.000000	0.000000	0.000000	30.57829345428572	-96.35084050999998	200.00000000000000	1
194	0	3	16	0.000000	0.000000	0.000000	0.000000	30.57827864619048	-96.35061342047617	200.00000000000000	1
195	0	3	16	0.000000	0.000000	0.000000	0.000000	30.57830655476191	-96.35085599619048	200.00000000000000	1
196	0	3	16	0.000000	0.000000	0.000000	0.000000	30.57829329904762	-96.35082127333331	200.00000000000000	1
197	0	3	16	0.000000	0.000000	0.000000	0.000000	30.57828337523810	-96.35066346809521	200.00000000000000	1
198	0	3	16	0.000000	0.000000	0.000000	0.000000	30.57830198095239	-96.35082518523809	200.00000000000000	1
199	0	3	16	0.000000	0.000000	0.000000	0.000000	30.57829314380953	-96.35080203666664	200.00000000000000	1
200	0	3	16	0.000000	0.000000	0.000000	0.000000	30.57828810428573	-96.35071351571425	200.00000000000000	1
201	0	3	16	0.000000	0.000000	0.000000	0.000000	30.57829740714286	-96.35079437428571	200.00000000000000	1
202	0	3	16	0.000000	0.000000	0.000000	0.000000	30.57829298857143	-96.35078279999996	200.00000000000000	1
203	0	3	16	0.000000	0.000000	0.000000	0.000000	30.57829283333335	-96.35076356333329	200.00000000000000	1
204	0	3	16	0.000000	0.000000	0.000000	0.000000	30.57829392000000	-96.35089822000000	200.00000000000000	1
205	0	3	16	0.000000	0.000000	0.000000	0.000000	30.57808491000000	-96.35059350000000	200.00000000000000	1
206	0	3	16	0.000000	0.000000	0.000000	0.000000	30.57825973000000	-96.35041323000000	200.00000000000000	1
207	0	3	16	0.000000	0.000000	0.000000	0.000000	30.57828233904762	-96.35086061476191	200.00000000000000	1
208	0	3	16	0.000000	0.000000	0.000000	0.000000	30.57810318761905	-96.35059942619048	200.00000000000000	1
209	0	3	16	0.000000	0.000000	0.000000	0.000000	30.57825303333333	-96.35044490904762	200.00000000000000	1
210	0	3	16	0.000000	0.000000	0.000000	0.000000	30.57827075809524	-96.35082300952382	200.00000000000000	1
211	0	3	16	0.000000	0.000000	0.000000	0.000000	30.57812146523810	-96.35060535238097	200.00000000000000	1
212	0	3	16	0.000000	0.000000	0.000000	0.000000	30.57824633666667	-96.35047658809525	200.00000000000000	1
213	0	3	16	0.000000	0.000000	0.000000	0.000000	30.57825917714285	-96.35078540428573	200.00000000000000	1
214	0	3	16	0.000000	0.000000	0.000000	0.000000	30.57813974285715	-96.35061127857145	200.00000000000000	1
215	0	3	16	0.000000	0.000000	0.000000	0.000000	30.57823964000000	-96.35050826714287	200.00000000000000	1
216	0	3	16	0.000000	0.000000	0.000000	0.000000	30.57824759619047	-96.35074779904764	200.00000000000000	1
217	0	3	16	0.000000	0.000000	0.000000	0.000000	30.57815802047620	-96.35061720476193	200.00000000000000	1
218	0	3	16	0.000000	0.000000	0.000000	0.000000	30.57823294333333	-96.35053994619049	200.00000000000000	1
219	0	3	16	0.000000	0.000000	0.000000	0.000000	30.57823601523809	-96.35071019380955	200.00000000000000	1
220	0	3	16	0.000000	0.000000	0.000000	0.000000	30.57817629809524	-96.35062313095241	200.00000000000000	1
221	0	3	16	0.000000	0.000000	0.000000	0.000000	30.57822624666667	-96.35057162523812	200.00000000000000	1
222	0	3	16	0.000000	0.000000	0.000000	0.000000	30.57822443428571	-96.35067258857146	200.00000000000000	1
223	0	3	16	0.000000	0.000000	0.000000	0.000000	30.57819457571429	-96.35062905714290	200.00000000000000	1
224	0	3	16	0.000000	0.000000	0.000000	0.000000	30.57821955000000	-96.35060330428574	200.00000000000000	1
225	0	3	16	0.000000	0.000000	0.000000	0.000000	30.57821285333333	-96.35063498333336	200.00000000000000	1
