QGC WPL 110
0	0	0	16	0.000000	0.000000	0.000000	0.000000	30.57796940000000	-96.35141555000000	200.00000000000000	1
1	0	3	16	0.000000	0.000000	0.000000	0.000000	30.57805475000000	-96.35205781000001	200.00000000000000	1
2	0	3	16	0.000000	0.000000	0.000000	0.000000	30.57758365000000	-96.35183075000000	200.00000000000000	1
3	0	3	16	0.000000	0.000000	0.000000	0.000000	30.57795509523810	-96.35146590523810	200.00000000000000	1
4	0	3	16	0.000000	0.000000	0.000000	0.000000	30.57802825238095	-96.35201641380952	200.00000000000000	1
5	0	3	16	0.000000	0.000000	0.000000	0.000000	30.57762445238095	-96.35182179095239	200.00000000000000	1
6	0	3	16	0.000000	0.000000	0.000000	0.000000	30.57794079047619	-96.35151626047620	200.00000000000000	1
7	0	3	16	0.000000	0.000000	0.000000	0.000000	30.57800175476191	-96.35197501761904	200.00000000000000	1
8	0	3	16	0.000000	0.000000	0.000000	0.000000	30.57766525476190	-96.35181283190477	200.00000000000000	1
9	0	3	16	0.000000	0.000000	0.000000	0.000000	30.57792648571429	-96.35156661571430	200.00000000000000	1
10	0	3	16	0.000000	0.000000	0.000000	0.000000	30.57797525714286	-96.35193362142856	200.00000000000000	1
11	0	3	16	0.000000	0.000000	0.000000	0.000000	30.57770605714285	-96.35180387285715	200.00000000000000	1
12	0	3	16	0.000000	0.000000	0.000000	0.000000	30.57791218095238	-96.35161697095241	200.00000000000000	1
13	0	3	16	0.000000	0.000000	0.000000	0.000000	30.57794875952381	-96.35189222523807	200.00000000000000	1
14	0	3	16	0.000000	0.000000	0.000000	0.000000	30.57774685952381	-96.35179491380953	200.00000000000000	1
15	0	3	16	0.000000	0.000000	0.000000	0.000000	30.57789787619048	-96.35166732619051	200.00000000000000	1
16	0	3	16	0.000000	0.000000	0.000000	0.000000	30.57792226190477	-96.35185082904759	200.00000000000000	1
17	0	3	16	0.000000	0.000000	0.000000	0.000000	30.57778766190476	-96.35178595476191	200.00000000000000	1
18	0	3	16	0.000000	0.000000	0.000000	0.000000	30.57788357142857	-96.35171768142861	200.00000000000000	1
19	0	3	16	0.000000	0.000000	0.000000	0.000000	30.57789576428572	-96.35180943285711	200.00000000000000	1
20	0	3	16	0.000000	0.000000	0.000000	0.000000	30.57782846428571	-96.35177699571429	200.00000000000000	1
21	0	3	16	0.000000	0.000000	0.000000	0.000000	30.57786926666667	-96.35176803666671	200.00000000000000	1
22	0	3	16	0.000000	0.000000	0.000000	0.000000	30.57758365000000	-96.35183075000000	200.00000000000000	1
23	0	3	16	0.000000	0.000000	0.000000	0.000000	30.57746247000000	-96.35191057999999	200.00000000000000	1
24	0	3	16	0.000000	0.000000	0.000000	0.000000	30.57687007000000	-96.35187300000000	200.00000000000000	1
25	0	3	16	0.000000	0.000000	0.000000	0.000000	30.57766014000000	-96.35131475000000	200.00000000000000	1
26	0	3	16	0.000000	0.000000	0.000000	0.000000	30.57796940000000	-96.35141555000000	200.00000000000000	1
27	0	3	16	0.000000	0.000000	0.000000	0.000000	30.57757300657143	-96.35180763228571	200.00000000000000	1
28	0	3	16	0.000000	0.000000	0.000000	0.000000	30.57746913800000	-96.35187605800000	200.00000000000000	1
29	0	3	16	0.000000	0.000000	0.000000	0.000000	30.57696136657143	-96.35184384657143	200.00000000000000	1
30	0	3	16	0.000000	0.000000	0.000000	0.000000	30.57763856942857	-96.35136534657143	200.00000000000000	1
31	0	3	16	0.000000	0.000000	0.000000	0.000000	30.57790364942857	-96.35145174657143	200.00000000000000	1
32	0	3	16	0.000000	0.000000	0.000000	0.000000	30.57756236314286	-96.35178451457142	200.00000000000000	1
33	0	3	16	0.000000	0.000000	0.000000	0.000000	30.57747580600000	-96.35184153600001	200.00000000000000	1
34	0	3	16	0.000000	0.000000	0.000000	0.000000	30.57705266314286	-96.35181469314286	200.00000000000000	1
35	0	3	16	0.000000	0.000000	0.000000	0.000000	30.57761699885715	-96.35141594314285	200.00000000000000	1
36	0	3	16	0.000000	0.000000	0.000000	0.000000	30.57783789885714	-96.35148794314286	200.00000000000000	1
37	0	3	16	0.000000	0.000000	0.000000	0.000000	30.57755171971429	-96.35176139685713	200.00000000000000	1
38	0	3	16	0.000000	0.000000	0.000000	0.000000	30.57748247400000	-96.35180701400002	200.00000000000000	1
39	0	3	16	0.000000	0.000000	0.000000	0.000000	30.57714395971429	-96.35178553971429	200.00000000000000	1
40	0	3	16	0.000000	0.000000	0.000000	0.000000	30.57759542828572	-96.35146653971428	200.00000000000000	1
41	0	3	16	0.000000	0.000000	0.000000	0.000000	30.57777214828571	-96.35152413971429	200.00000000000000	1
42	0	3	16	0.000000	0.000000	0.000000	0.000000	30.57754107628572	-96.35173827914284	200.00000000000000	1
43	0	3	16	0.000000	0.000000	0.000000	0.000000	30.57748914200000	-96.35177249200002	200.00000000000000	1
44	0	3	16	0.000000	0.000000	0.000000	0.000000	30.57723525628572	-96.35175638628571	200.00000000000000	1
45	0	3	16	0.000000	0.000000	0.000000	0.000000	30.57757385771429	-96.35151713628571	200.00000000000000	1
46	0	3	16	0.000000	0.000000	0.000000	0.000000	30.57770639771428	-96.35156033628571	200.00000000000000	1
47	0	3	16	0.000000	0.000000	0.000000	0.000000	30.57753043285715	-96.35171516142854	200.00000000000000	1
48	0	3	16	0.000000	0.000000	0.000000	0.000000	30.57749581000001	-96.35173797000003	200.00000000000000	1
49	0	3	16	0.000000	0.000000	0.000000	0.000000	30.57732655285715	-96.35172723285714	200.00000000000000	1
50	0	3	16	0.000000	0.000000	0.000000	0.000000	30.57755228714286	-96.35156773285713	200.00000000000000	1
51	0	3	16	0.000000	0.000000	0.000000	0.000000	30.57764064714285	-96.35159653285714	200.00000000000000	1
52	0	3	16	0.000000	0.000000	0.000000	0.000000	30.57751978942858	-96.35169204371425	200.00000000000000	1
53	0	3	16	0.000000	0.000000	0.000000	0.000000	30.57750247800001	-96.35170344800004	200.00000000000000	1
54	0	3	16	0.000000	0.000000	0.000000	0.000000	30.57741784942858	-96.35169807942857	200.00000000000000	1
55	0	3	16	0.000000	0.000000	0.000000	0.000000	30.57753071657144	-96.35161832942856	200.00000000000000	1
56	0	3	16	0.000000	0.000000	0.000000	0.000000	30.57757489657142	-96.35163272942857	200.00000000000000	1
57	0	3	16	0.000000	0.000000	0.000000	0.000000	30.57750914600001	-96.35166892599996	200.00000000000000	1
58	0	3	16	0.000000	0.000000	0.000000	0.000000	30.57766014000000	-96.35131475000000	200.00000000000000	1
59	0	3	16	0.000000	0.000000	0.000000	0.000000	30.57687007000000	-96.35187300000000	200.00000000000000	1
60	0	3	16	0.000000	0.000000	0.000000	0.000000	30.57697906000000	-96.35072313000001	200.00000000000000	1
61	0	3	16	0.000000	0.000000	0.000000	0.000000	30.57704492000000	-96.35056958000000	200.00000000000000	1
62	0	3	16	0.000000	0.000000	0.000000	0.000000	30.57762879000000	-96.35029305000000	200.00000000000000	1
63	0	3	16	0.000000	0.000000	0.000000	0.000000	30.57775270000000	-96.35027009000000	200.00000000000000	1
64	0	3	16	0.000000	0.000000	0.000000	0.000000	30.57829727000000	-96.35066073000000	200.00000000000000	1
65	0	3	16	0.000000	0.000000	0.000000	0.000000	30.57763181285714	-96.35124334346939	200.00000000000000	1
66	0	3	16	0.000000	0.000000	0.000000	0.000000	30.57695461000000	-96.35172184346939	200.00000000000000	1
67	0	3	16	0.000000	0.000000	0.000000	0.000000	30.57704803000000	-96.35073624061225	200.00000000000000	1
68	0	3	16	0.000000	0.000000	0.000000	0.000000	30.57710448142857	-96.35060462632653	200.00000000000000	1
69	0	3	16	0.000000	0.000000	0.000000	0.000000	30.57760494142857	-96.35036760061224	200.00000000000000	1
70	0	3	16	0.000000	0.000000	0.000000	0.000000	30.57771115000000	-96.35034792061224	200.00000000000000	1
71	0	3	16	0.000000	0.000000	0.000000	0.000000	30.57817792428571	-96.35068275489796	200.00000000000000	1
72	0	3	16	0.000000	0.000000	0.000000	0.000000	30.57760348571428	-96.35117193693878	200.00000000000000	1
73	0	3	16	0.000000	0.000000	0.000000	0.000000	30.57703915000000	-96.35157068693879	200.00000000000000	1
74	0	3	16	0.000000	0.000000	0.000000	0.000000	30.57711700000000	-96.35074935122449	200.00000000000000	1
75	0	3	16	0.000000	0.000000	0.000000	0.000000	30.57716404285714	-96.35063967265306	200.00000000000000	1
76	0	3	16	0.000000	0.000000	0.000000	0.000000	30.57758109285714	-96.35044215122448	200.00000000000000	1
77	0	3	16	0.000000	0.000000	0.000000	0.000000	30.57766960000000	-96.35042575122448	200.00000000000000	1
78	0	3	16	0.000000	0.000000	0.000000	0.000000	30.57805857857143	-96.35070477979592	200.00000000000000	1
79	0	3	16	0.000000	0.000000	0.000000	0.000000	30.57757515857143	-96.35110053040817	200.00000000000000	1
80	0	3	16	0.000000	0.000000	0.000000	0.000000	30.57712369000000	-96.35141953040818	200.00000000000000	1
81	0	3	16	0.000000	0.000000	0.000000	0.000000	30.57718597000000	-96.35076246183674	200.00000000000000	1
82	0	3	16	0.000000	0.000000	0.000000	0.000000	30.57722360428571	-96.35067471897959	200.00000000000000	1
83	0	3	16	0.000000	0.000000	0.000000	0.000000	30.57755724428572	-96.35051670183672	200.00000000000000	1
84	0	3	16	0.000000	0.000000	0.000000	0.000000	30.57762805000000	-96.35050358183672	200.00000000000000	1
85	0	3	16	0.000000	0.000000	0.000000	0.000000	30.57793923285714	-96.35072680469388	200.00000000000000	1
86	0	3	16	0.000000	0.000000	0.000000	0.000000	30.57754683142857	-96.35102912387757	200.00000000000000	1
87	0	3	16	0.000000	0.000000	0.000000	0.000000	30.57720823000000	-96.35126837387757	200.00000000000000	1
88	0	3	16	0.000000	0.000000	0.000000	0.000000	30.57725494000000	-96.35077557244898	200.00000000000000	1
89	0	3	16	0.000000	0.000000	0.000000	0.000000	30.57728316571428	-96.35070976530612	200.00000000000000	1
90	0	3	16	0.000000	0.000000	0.000000	0.000000	30.57753339571429	-96.35059125244896	200.00000000000000	1
91	0	3	16	0.000000	0.000000	0.000000	0.000000	30.57758650000001	-96.35058141244896	200.00000000000000	1
92	0	3	16	0.000000	0.000000	0.000000	0.000000	30.57781988714286	-96.35074882959184	200.00000000000000	1
93	0	3	16	0.000000	0.000000	0.000000	0.000000	30.57751850428571	-96.35095771734696	200.00000000000000	1
94	0	3	16	0.000000	0.000000	0.000000	0.000000	30.57729277000000	-96.35111721734697	200.00000000000000	1
95	0	3	16	0.000000	0.000000	0.000000	0.000000	30.57732391000000	-96.35078868306123	200.00000000000000	1
96	0	3	16	0.000000	0.000000	0.000000	0.000000	30.57734272714286	-96.35074481163265	200.00000000000000	1
97	0	3	16	0.000000	0.000000	0.000000	0.000000	30.57750954714286	-96.35066580306120	200.00000000000000	1
98	0	3	16	0.000000	0.000000	0.000000	0.000000	30.57754495000001	-96.35065924306120	200.00000000000000	1
99	0	3	16	0.000000	0.000000	0.000000	0.000000	30.57770054142857	-96.35077085448980	200.00000000000000	1
100	0	3	16	0.000000	0.000000	0.000000	0.000000	30.57749017714286	-96.35088631081635	200.00000000000000	1
101	0	3	16	0.000000	0.000000	0.000000	0.000000	30.57737731000000	-96.35096606081636	200.00000000000000	1
102	0	3	16	0.000000	0.000000	0.000000	0.000000	30.57739288000000	-96.35080179367347	200.00000000000000	1
103	0	3	16	0.000000	0.000000	0.000000	0.000000	30.57740228857143	-96.35077985795918	200.00000000000000	1
104	0	3	16	0.000000	0.000000	0.000000	0.000000	30.57748569857144	-96.35074035367344	200.00000000000000	1
105	0	3	16	0.000000	0.000000	0.000000	0.000000	30.57750340000001	-96.35073707367344	200.00000000000000	1
106	0	3	16	0.000000	0.000000	0.000000	0.000000	30.57758119571429	-96.35079287938775	200.00000000000000	1
107	0	3	16	0.000000	0.000000	0.000000	0.000000	30.57746185000000	-96.35081490428574	200.00000000000000	1
108	0	3	16	0.000000	0.000000	0.000000	0.000000	30.57697906000000	-96.35072313000001	200.00000000000000	1
109	0	3	16	0.000000	0.000000	0.000000	0.000000	30.57687007000000	-96.35187300000000	200.00000000000000	1
110	0	3	16	0.000000	0.000000	0.000000	0.000000	30.57669681000000	-96.35154228000000	200.00000000000000	1
111	0	3	16	0.000000	0.000000	0.000000	0.000000	30.57678568000000	-96.35107705999999	200.00000000000000	1
112	0	3	16	0.000000	0.000000	0.000000	0.000000	30.57688724000000	-96.35072683999999	200.00000000000000	1
113	0	3	16	0.000000	0.000000	0.000000	0.000000	30.57695973314286	-96.35078960600001	200.00000000000000	1
114	0	3	16	0.000000	0.000000	0.000000	0.000000	30.57686631314285	-96.35177520885715	200.00000000000000	1
115	0	3	16	0.000000	0.000000	0.000000	0.000000	30.57671780457143	-96.35149173457144	200.00000000000000	1
116	0	3	16	0.000000	0.000000	0.000000	0.000000	30.57679397885714	-96.35109297457143	200.00000000000000	1
117	0	3	16	0.000000	0.000000	0.000000	0.000000	30.57688103028572	-96.35079278600000	200.00000000000000	1
118	0	3	16	0.000000	0.000000	0.000000	0.000000	30.57694040628571	-96.35085608200001	200.00000000000000	1
119	0	3	16	0.000000	0.000000	0.000000	0.000000	30.57686255628571	-96.35167741771430	200.00000000000000	1
120	0	3	16	0.000000	0.000000	0.000000	0.000000	30.57673879914286	-96.35144118914288	200.00000000000000	1
121	0	3	16	0.000000	0.000000	0.000000	0.000000	30.57680227771429	-96.35110888914286	200.00000000000000	1
122	0	3	16	0.000000	0.000000	0.000000	0.000000	30.57687482057143	-96.35085873200001	200.00000000000000	1
123	0	3	16	0.000000	0.000000	0.000000	0.000000	30.57692107942857	-96.35092255800001	200.00000000000000	1
124	0	3	16	0.000000	0.000000	0.000000	0.000000	30.57685879942857	-96.35157962657145	200.00000000000000	1
125	0	3	16	0.000000	0.000000	0.000000	0.000000	30.57675979371429	-96.35139064371431	200.00000000000000	1
126	0	3	16	0.000000	0.000000	0.000000	0.000000	30.57681057657143	-96.35112480371430	200.00000000000000	1
127	0	3	16	0.000000	0.000000	0.000000	0.000000	30.57686861085714	-96.35092467800001	200.00000000000000	1
128	0	3	16	0.000000	0.000000	0.000000	0.000000	30.57690175257143	-96.35098903400001	200.00000000000000	1
129	0	3	16	0.000000	0.000000	0.000000	0.000000	30.57685504257142	-96.35148183542860	200.00000000000000	1
130	0	3	16	0.000000	0.000000	0.000000	0.000000	30.57678078828572	-96.35134009828575	200.00000000000000	1
131	0	3	16	0.000000	0.000000	0.000000	0.000000	30.57681887542857	-96.35114071828573	200.00000000000000	1
132	0	3	16	0.000000	0.000000	0.000000	0.000000	30.57686240114286	-96.35099062400002	200.00000000000000	1
133	0	3	16	0.000000	0.000000	0.000000	0.000000	30.57688242571429	-96.35105551000001	200.00000000000000	1
134	0	3	16	0.000000	0.000000	0.000000	0.000000	30.57685128571428	-96.35138404428575	200.00000000000000	1
135	0	3	16	0.000000	0.000000	0.000000	0.000000	30.57680178285715	-96.35128955285718	200.00000000000000	1
136	0	3	16	0.000000	0.000000	0.000000	0.000000	30.57682717428571	-96.35115663285717	200.00000000000000	1
137	0	3	16	0.000000	0.000000	0.000000	0.000000	30.57685619142857	-96.35105657000003	200.00000000000000	1
138	0	3	16	0.000000	0.000000	0.000000	0.000000	30.57686309885715	-96.35112198600001	200.00000000000000	1
139	0	3	16	0.000000	0.000000	0.000000	0.000000	30.57684752885714	-96.35128625314290	200.00000000000000	1
140	0	3	16	0.000000	0.000000	0.000000	0.000000	30.57682277742857	-96.35123900742862	200.00000000000000	1
141	0	3	16	0.000000	0.000000	0.000000	0.000000	30.57683547314286	-96.35117254742860	200.00000000000000	1
142	0	3	16	0.000000	0.000000	0.000000	0.000000	30.57684998171429	-96.35112251600003	200.00000000000000	1
143	0	3	16	0.000000	0.000000	0.000000	0.000000	30.57684377200000	-96.35118846200001	200.00000000000000	1
144	0	3	16	0.000000	0.000000	0.000000	0.000000	30.57678568000000	-96.35107705999999	200.00000000000000	1
145	0	3	16	0.000000	0.000000	0.000000	0.000000	30.57657966000000	-96.35085451000000	200.00000000000000	1
146	0	3	16	0.000000	0.000000	0.000000	0.000000	30.57688724000000	-96.35072683999999	200.00000000000000	1
147	0	3	16	0.000000	0.000000	0.000000	0.000000	30.57678070571428	-96.35104978523809	200.00000000000000	1
148	0	3	16	0.000000	0.000000	0.000000	0.000000	30.57660411714286	-96.35085902809524	200.00000000000000	1
149	0	3	16	0.000000	0.000000	0.000000	0.000000	30.57686775714286	-96.35074959666666	200.00000000000000	1
150	0	3	16	0.000000	0.000000	0.000000	0.000000	30.57677573142857	-96.35102251047618	200.00000000000000	1
151	0	3	16	0.000000	0.000000	0.000000	0.000000	30.57662857428571	-96.35086354619048	200.00000000000000	1
152	0	3	16	0.000000	0.000000	0.000000	0.000000	30.57684827428571	-96.35077235333333	200.00000000000000	1
153	0	3	16	0.000000	0.000000	0.000000	0.000000	30.57677075714285	-96.35099523571428	200.00000000000000	1
154	0	3	16	0.000000	0.000000	0.000000	0.000000	30.57665303142857	-96.35086806428572	200.00000000000000	1
155	0	3	16	0.000000	0.000000	0.000000	0.000000	30.57682879142857	-96.35079510999999	200.00000000000000	1
156	0	3	16	0.000000	0.000000	0.000000	0.000000	30.57676578285714	-96.35096796095237	200.00000000000000	1
157	0	3	16	0.000000	0.000000	0.000000	0.000000	30.57667748857143	-96.35087258238096	200.00000000000000	1
158	0	3	16	0.000000	0.000000	0.000000	0.000000	30.57680930857142	-96.35081786666666	200.00000000000000	1
159	0	3	16	0.000000	0.000000	0.000000	0.000000	30.57676080857142	-96.35094068619047	200.00000000000000	1
160	0	3	16	0.000000	0.000000	0.000000	0.000000	30.57670194571428	-96.35087710047620	200.00000000000000	1
161	0	3	16	0.000000	0.000000	0.000000	0.000000	30.57678982571428	-96.35084062333333	200.00000000000000	1
162	0	3	16	0.000000	0.000000	0.000000	0.000000	30.57675583428571	-96.35091341142856	200.00000000000000	1
163	0	3	16	0.000000	0.000000	0.000000	0.000000	30.57672640285714	-96.35088161857144	200.00000000000000	1
164	0	3	16	0.000000	0.000000	0.000000	0.000000	30.57677034285713	-96.35086337999999	200.00000000000000	1
165	0	3	16	0.000000	0.000000	0.000000	0.000000	30.57675085999999	-96.35088613666666	200.00000000000000	1
