QGC WPL 110
0	0	0	16	0.000000	0.000000	0.000000	0.000000	30.57741722000000	-96.35110265000000	200.00000000000000	1
1	0	3	16	0.000000	0.000000	0.000000	0.000000	30.57707043000000	-96.35178908000000	200.00000000000000	1
2	0	3	16	0.000000	0.000000	0.000000	0.000000	30.57662989000000	-96.35205796000000	200.00000000000000	1
3	0	3	16	0.000000	0.000000	0.000000	0.000000	30.57736321428571	-96.35118082809524	200.00000000000000	1
4	0	3	16	0.000000	0.000000	0.000000	0.000000	30.57706596571429	-96.35176919666667	200.00000000000000	1
5	0	3	16	0.000000	0.000000	0.000000	0.000000	30.57668836000000	-96.35199966523810	200.00000000000000	1
6	0	3	16	0.000000	0.000000	0.000000	0.000000	30.57730920857143	-96.35125900619047	200.00000000000000	1
7	0	3	16	0.000000	0.000000	0.000000	0.000000	30.57706150142857	-96.35174931333333	200.00000000000000	1
8	0	3	16	0.000000	0.000000	0.000000	0.000000	30.57674683000000	-96.35194137047620	200.00000000000000	1
9	0	3	16	0.000000	0.000000	0.000000	0.000000	30.57725520285714	-96.35133718428571	200.00000000000000	1
10	0	3	16	0.000000	0.000000	0.000000	0.000000	30.57705703714286	-96.35172942999999	200.00000000000000	1
11	0	3	16	0.000000	0.000000	0.000000	0.000000	30.57680530000000	-96.35188307571430	200.00000000000000	1
12	0	3	16	0.000000	0.000000	0.000000	0.000000	30.57720119714286	-96.35141536238095	200.00000000000000	1
13	0	3	16	0.000000	0.000000	0.000000	0.000000	30.57705257285715	-96.35170954666665	200.00000000000000	1
14	0	3	16	0.000000	0.000000	0.000000	0.000000	30.57686377000000	-96.35182478095240	200.00000000000000	1
15	0	3	16	0.000000	0.000000	0.000000	0.000000	30.57714719142857	-96.35149354047618	200.00000000000000	1
16	0	3	16	0.000000	0.000000	0.000000	0.000000	30.57704810857144	-96.35168966333332	200.00000000000000	1
17	0	3	16	0.000000	0.000000	0.000000	0.000000	30.57692223999999	-96.35176648619050	200.00000000000000	1
18	0	3	16	0.000000	0.000000	0.000000	0.000000	30.57709318571428	-96.35157171857142	200.00000000000000	1
19	0	3	16	0.000000	0.000000	0.000000	0.000000	30.57704364428572	-96.35166977999998	200.00000000000000	1
20	0	3	16	0.000000	0.000000	0.000000	0.000000	30.57698070999999	-96.35170819142860	200.00000000000000	1
21	0	3	16	0.000000	0.000000	0.000000	0.000000	30.57703918000000	-96.35164989666666	200.00000000000000	1
22	0	3	16	0.000000	0.000000	0.000000	0.000000	30.57707043000000	-96.35178908000000	200.00000000000000	1
23	0	3	16	0.000000	0.000000	0.000000	0.000000	30.57741722000000	-96.35110265000000	200.00000000000000	1
24	0	3	16	0.000000	0.000000	0.000000	0.000000	30.57730891000000	-96.35167120000000	200.00000000000000	1
25	0	3	16	0.000000	0.000000	0.000000	0.000000	30.57709830000000	-96.35175077952381	200.00000000000000	1
26	0	3	16	0.000000	0.000000	0.000000	0.000000	30.57739554857143	-96.35116241095238	200.00000000000000	1
27	0	3	16	0.000000	0.000000	0.000000	0.000000	30.57730271142857	-96.35164973952381	200.00000000000000	1
28	0	3	16	0.000000	0.000000	0.000000	0.000000	30.57712617000000	-96.35171247904762	200.00000000000000	1
29	0	3	16	0.000000	0.000000	0.000000	0.000000	30.57737387714285	-96.35122217190477	200.00000000000000	1
30	0	3	16	0.000000	0.000000	0.000000	0.000000	30.57729651285714	-96.35162827904762	200.00000000000000	1
31	0	3	16	0.000000	0.000000	0.000000	0.000000	30.57715404000000	-96.35167417857143	200.00000000000000	1
32	0	3	16	0.000000	0.000000	0.000000	0.000000	30.57735220571428	-96.35128193285715	200.00000000000000	1
33	0	3	16	0.000000	0.000000	0.000000	0.000000	30.57729031428571	-96.35160681857143	200.00000000000000	1
34	0	3	16	0.000000	0.000000	0.000000	0.000000	30.57718191000000	-96.35163587809524	200.00000000000000	1
35	0	3	16	0.000000	0.000000	0.000000	0.000000	30.57733053428571	-96.35134169380953	200.00000000000000	1
36	0	3	16	0.000000	0.000000	0.000000	0.000000	30.57728411571428	-96.35158535809524	200.00000000000000	1
37	0	3	16	0.000000	0.000000	0.000000	0.000000	30.57720978000000	-96.35159757761905	200.00000000000000	1
38	0	3	16	0.000000	0.000000	0.000000	0.000000	30.57730886285713	-96.35140145476191	200.00000000000000	1
39	0	3	16	0.000000	0.000000	0.000000	0.000000	30.57727791714285	-96.35156389761904	200.00000000000000	1
40	0	3	16	0.000000	0.000000	0.000000	0.000000	30.57723765000000	-96.35155927714285	200.00000000000000	1
41	0	3	16	0.000000	0.000000	0.000000	0.000000	30.57728719142856	-96.35146121571429	200.00000000000000	1
42	0	3	16	0.000000	0.000000	0.000000	0.000000	30.57727171857142	-96.35154243714285	200.00000000000000	1
43	0	3	16	0.000000	0.000000	0.000000	0.000000	30.57726552000000	-96.35152097666666	200.00000000000000	1
44	0	3	16	0.000000	0.000000	0.000000	0.000000	30.57730891000000	-96.35167120000000	200.00000000000000	1
45	0	3	16	0.000000	0.000000	0.000000	0.000000	30.57741722000000	-96.35110265000000	200.00000000000000	1
46	0	3	16	0.000000	0.000000	0.000000	0.000000	30.57772664000000	-96.35149955999999	200.00000000000000	1
47	0	3	16	0.000000	0.000000	0.000000	0.000000	30.57771256000000	-96.35191306000000	200.00000000000000	1
48	0	3	16	0.000000	0.000000	0.000000	0.000000	30.57759351000000	-96.35205747000001	200.00000000000000	1
49	0	3	16	0.000000	0.000000	0.000000	0.000000	30.57734360400000	-96.35166799828572	200.00000000000000	1
50	0	3	16	0.000000	0.000000	0.000000	0.000000	30.57743644114286	-96.35118066971428	200.00000000000000	1
51	0	3	16	0.000000	0.000000	0.000000	0.000000	30.57770165828572	-96.35152087828571	200.00000000000000	1
52	0	3	16	0.000000	0.000000	0.000000	0.000000	30.57768958971429	-96.35187530685714	200.00000000000000	1
53	0	3	16	0.000000	0.000000	0.000000	0.000000	30.57758754685714	-96.35199908685715	200.00000000000000	1
54	0	3	16	0.000000	0.000000	0.000000	0.000000	30.57737829800000	-96.35166479657144	200.00000000000000	1
55	0	3	16	0.000000	0.000000	0.000000	0.000000	30.57745566228571	-96.35125868942856	200.00000000000000	1
56	0	3	16	0.000000	0.000000	0.000000	0.000000	30.57767667657143	-96.35154219657143	200.00000000000000	1
57	0	3	16	0.000000	0.000000	0.000000	0.000000	30.57766661942857	-96.35183755371428	200.00000000000000	1
58	0	3	16	0.000000	0.000000	0.000000	0.000000	30.57758158371428	-96.35194070371429	200.00000000000000	1
59	0	3	16	0.000000	0.000000	0.000000	0.000000	30.57741299200000	-96.35166159485716	200.00000000000000	1
60	0	3	16	0.000000	0.000000	0.000000	0.000000	30.57747488342857	-96.35133670914284	200.00000000000000	1
61	0	3	16	0.000000	0.000000	0.000000	0.000000	30.57765169485714	-96.35156351485715	200.00000000000000	1
62	0	3	16	0.000000	0.000000	0.000000	0.000000	30.57764364914286	-96.35179980057141	200.00000000000000	1
63	0	3	16	0.000000	0.000000	0.000000	0.000000	30.57757562057143	-96.35188232057143	200.00000000000000	1
64	0	3	16	0.000000	0.000000	0.000000	0.000000	30.57744768600000	-96.35165839314288	200.00000000000000	1
65	0	3	16	0.000000	0.000000	0.000000	0.000000	30.57749410457143	-96.35141472885712	200.00000000000000	1
66	0	3	16	0.000000	0.000000	0.000000	0.000000	30.57762671314286	-96.35158483314287	200.00000000000000	1
67	0	3	16	0.000000	0.000000	0.000000	0.000000	30.57762067885715	-96.35176204742855	200.00000000000000	1
68	0	3	16	0.000000	0.000000	0.000000	0.000000	30.57756965742857	-96.35182393742858	200.00000000000000	1
69	0	3	16	0.000000	0.000000	0.000000	0.000000	30.57748238000000	-96.35165519142861	200.00000000000000	1
70	0	3	16	0.000000	0.000000	0.000000	0.000000	30.57751332571429	-96.35149274857140	200.00000000000000	1
71	0	3	16	0.000000	0.000000	0.000000	0.000000	30.57760173142857	-96.35160615142858	200.00000000000000	1
72	0	3	16	0.000000	0.000000	0.000000	0.000000	30.57759770857144	-96.35172429428569	200.00000000000000	1
73	0	3	16	0.000000	0.000000	0.000000	0.000000	30.57756369428571	-96.35176555428572	200.00000000000000	1
74	0	3	16	0.000000	0.000000	0.000000	0.000000	30.57751707400000	-96.35165198971433	200.00000000000000	1
75	0	3	16	0.000000	0.000000	0.000000	0.000000	30.57753254685714	-96.35157076828568	200.00000000000000	1
76	0	3	16	0.000000	0.000000	0.000000	0.000000	30.57757674971428	-96.35162746971430	200.00000000000000	1
77	0	3	16	0.000000	0.000000	0.000000	0.000000	30.57757473828572	-96.35168654114283	200.00000000000000	1
78	0	3	16	0.000000	0.000000	0.000000	0.000000	30.57755773114285	-96.35170717114286	200.00000000000000	1
79	0	3	16	0.000000	0.000000	0.000000	0.000000	30.57755176800000	-96.35164878800005	200.00000000000000	1
80	0	3	16	0.000000	0.000000	0.000000	0.000000	30.57772664000000	-96.35149955999999	200.00000000000000	1
81	0	3	16	0.000000	0.000000	0.000000	0.000000	30.57741722000000	-96.35110265000000	200.00000000000000	1
82	0	3	16	0.000000	0.000000	0.000000	0.000000	30.57787941000000	-96.35122618000000	200.00000000000000	1
83	0	3	16	0.000000	0.000000	0.000000	0.000000	30.57833966000000	-96.35179478000001	200.00000000000000	1
84	0	3	16	0.000000	0.000000	0.000000	0.000000	30.57774293892857	-96.35148616464285	200.00000000000000	1
85	0	3	16	0.000000	0.000000	0.000000	0.000000	30.57747772178572	-96.35114595607143	200.00000000000000	1
86	0	3	16	0.000000	0.000000	0.000000	0.000000	30.57787388464286	-96.35125183892858	200.00000000000000	1
87	0	3	16	0.000000	0.000000	0.000000	0.000000	30.57826838464286	-96.35173921035715	200.00000000000000	1
88	0	3	16	0.000000	0.000000	0.000000	0.000000	30.57775923785714	-96.35147276928571	200.00000000000000	1
89	0	3	16	0.000000	0.000000	0.000000	0.000000	30.57753822357143	-96.35118926214287	200.00000000000000	1
90	0	3	16	0.000000	0.000000	0.000000	0.000000	30.57786835928572	-96.35127749785715	200.00000000000000	1
91	0	3	16	0.000000	0.000000	0.000000	0.000000	30.57819710928571	-96.35168364071430	200.00000000000000	1
92	0	3	16	0.000000	0.000000	0.000000	0.000000	30.57777553678572	-96.35145937392856	200.00000000000000	1
93	0	3	16	0.000000	0.000000	0.000000	0.000000	30.57759872535715	-96.35123256821430	200.00000000000000	1
94	0	3	16	0.000000	0.000000	0.000000	0.000000	30.57786283392857	-96.35130315678573	200.00000000000000	1
95	0	3	16	0.000000	0.000000	0.000000	0.000000	30.57812583392857	-96.35162807107145	200.00000000000000	1
96	0	3	16	0.000000	0.000000	0.000000	0.000000	30.57779183571429	-96.35144597857142	200.00000000000000	1
97	0	3	16	0.000000	0.000000	0.000000	0.000000	30.57765922714286	-96.35127587428573	200.00000000000000	1
98	0	3	16	0.000000	0.000000	0.000000	0.000000	30.57785730857143	-96.35132881571431	200.00000000000000	1
99	0	3	16	0.000000	0.000000	0.000000	0.000000	30.57805455857143	-96.35157250142859	200.00000000000000	1
100	0	3	16	0.000000	0.000000	0.000000	0.000000	30.57780813464286	-96.35143258321428	200.00000000000000	1
101	0	3	16	0.000000	0.000000	0.000000	0.000000	30.57771972892857	-96.35131918035717	200.00000000000000	1
102	0	3	16	0.000000	0.000000	0.000000	0.000000	30.57785178321429	-96.35135447464289	200.00000000000000	1
103	0	3	16	0.000000	0.000000	0.000000	0.000000	30.57798328321428	-96.35151693178574	200.00000000000000	1
104	0	3	16	0.000000	0.000000	0.000000	0.000000	30.57782443357143	-96.35141918785713	200.00000000000000	1
105	0	3	16	0.000000	0.000000	0.000000	0.000000	30.57778023071429	-96.35136248642860	200.00000000000000	1
106	0	3	16	0.000000	0.000000	0.000000	0.000000	30.57784625785715	-96.35138013357147	200.00000000000000	1
107	0	3	16	0.000000	0.000000	0.000000	0.000000	30.57791200785714	-96.35146136214289	200.00000000000000	1
108	0	3	16	0.000000	0.000000	0.000000	0.000000	30.57784073250000	-96.35140579249999	200.00000000000000	1
109	0	3	16	0.000000	0.000000	0.000000	0.000000	30.57741722000000	-96.35110265000000	200.00000000000000	1
110	0	3	16	0.000000	0.000000	0.000000	0.000000	30.57662989000000	-96.35205796000000	200.00000000000000	1
111	0	3	16	0.000000	0.000000	0.000000	0.000000	30.57671232000000	-96.35096724000000	200.00000000000000	1
112	0	3	16	0.000000	0.000000	0.000000	0.000000	30.57723348000000	-96.35021146000000	200.00000000000000	1
113	0	3	16	0.000000	0.000000	0.000000	0.000000	30.57767953000000	-96.35069281000000	200.00000000000000	1
114	0	3	16	0.000000	0.000000	0.000000	0.000000	30.57737682971429	-96.35108890342858	200.00000000000000	1
115	0	3	16	0.000000	0.000000	0.000000	0.000000	30.57670197542857	-96.35190774057142	200.00000000000000	1
116	0	3	16	0.000000	0.000000	0.000000	0.000000	30.57677262971428	-96.35097283771429	200.00000000000000	1
117	0	3	16	0.000000	0.000000	0.000000	0.000000	30.57721933828572	-96.35032502628572	200.00000000000000	1
118	0	3	16	0.000000	0.000000	0.000000	0.000000	30.57760166685715	-96.35073761200000	200.00000000000000	1
119	0	3	16	0.000000	0.000000	0.000000	0.000000	30.57733643942857	-96.35107515685715	200.00000000000000	1
120	0	3	16	0.000000	0.000000	0.000000	0.000000	30.57677406085714	-96.35175752114284	200.00000000000000	1
121	0	3	16	0.000000	0.000000	0.000000	0.000000	30.57683293942857	-96.35097843542859	200.00000000000000	1
122	0	3	16	0.000000	0.000000	0.000000	0.000000	30.57720519657143	-96.35043859257144	200.00000000000000	1
123	0	3	16	0.000000	0.000000	0.000000	0.000000	30.57752380371429	-96.35078241400001	200.00000000000000	1
124	0	3	16	0.000000	0.000000	0.000000	0.000000	30.57729604914286	-96.35106141028572	200.00000000000000	1
125	0	3	16	0.000000	0.000000	0.000000	0.000000	30.57684614628571	-96.35160730171427	200.00000000000000	1
126	0	3	16	0.000000	0.000000	0.000000	0.000000	30.57689324914286	-96.35098403314288	200.00000000000000	1
127	0	3	16	0.000000	0.000000	0.000000	0.000000	30.57719105485715	-96.35055215885716	200.00000000000000	1
128	0	3	16	0.000000	0.000000	0.000000	0.000000	30.57744594057143	-96.35082721600001	200.00000000000000	1
129	0	3	16	0.000000	0.000000	0.000000	0.000000	30.57725565885714	-96.35104766371430	200.00000000000000	1
130	0	3	16	0.000000	0.000000	0.000000	0.000000	30.57691823171428	-96.35145708228569	200.00000000000000	1
131	0	3	16	0.000000	0.000000	0.000000	0.000000	30.57695355885714	-96.35098963085717	200.00000000000000	1
132	0	3	16	0.000000	0.000000	0.000000	0.000000	30.57717691314286	-96.35066572514287	200.00000000000000	1
133	0	3	16	0.000000	0.000000	0.000000	0.000000	30.57736807742858	-96.35087201800002	200.00000000000000	1
134	0	3	16	0.000000	0.000000	0.000000	0.000000	30.57721526857143	-96.35103391714287	200.00000000000000	1
135	0	3	16	0.000000	0.000000	0.000000	0.000000	30.57699031714285	-96.35130686285711	200.00000000000000	1
136	0	3	16	0.000000	0.000000	0.000000	0.000000	30.57701386857143	-96.35099522857146	200.00000000000000	1
137	0	3	16	0.000000	0.000000	0.000000	0.000000	30.57716277142858	-96.35077929142859	200.00000000000000	1
138	0	3	16	0.000000	0.000000	0.000000	0.000000	30.57729021428572	-96.35091682000002	200.00000000000000	1
139	0	3	16	0.000000	0.000000	0.000000	0.000000	30.57717487828571	-96.35102017057145	200.00000000000000	1
140	0	3	16	0.000000	0.000000	0.000000	0.000000	30.57706240257142	-96.35115664342854	200.00000000000000	1
141	0	3	16	0.000000	0.000000	0.000000	0.000000	30.57707417828571	-96.35100082628576	200.00000000000000	1
142	0	3	16	0.000000	0.000000	0.000000	0.000000	30.57714862971429	-96.35089285771431	200.00000000000000	1
143	0	3	16	0.000000	0.000000	0.000000	0.000000	30.57721235114287	-96.35096162200003	200.00000000000000	1
144	0	3	16	0.000000	0.000000	0.000000	0.000000	30.57713448800000	-96.35100642400002	200.00000000000000	1
145	0	3	16	0.000000	0.000000	0.000000	0.000000	30.57767953000000	-96.35069281000000	200.00000000000000	1
146	0	3	16	0.000000	0.000000	0.000000	0.000000	30.57723348000000	-96.35021146000000	200.00000000000000	1
147	0	3	16	0.000000	0.000000	0.000000	0.000000	30.57722841000000	-96.35012985000000	200.00000000000000	1
148	0	3	16	0.000000	0.000000	0.000000	0.000000	30.57763680761905	-96.35064308095238	200.00000000000000	1
149	0	3	16	0.000000	0.000000	0.000000	0.000000	30.57725447904762	-96.35023049523809	200.00000000000000	1
150	0	3	16	0.000000	0.000000	0.000000	0.000000	30.57725013333333	-96.35016054380952	200.00000000000000	1
151	0	3	16	0.000000	0.000000	0.000000	0.000000	30.57759408523809	-96.35059335190476	200.00000000000000	1
152	0	3	16	0.000000	0.000000	0.000000	0.000000	30.57727547809524	-96.35024953047619	200.00000000000000	1
153	0	3	16	0.000000	0.000000	0.000000	0.000000	30.57727185666667	-96.35019123761904	200.00000000000000	1
154	0	3	16	0.000000	0.000000	0.000000	0.000000	30.57755136285714	-96.35054362285715	200.00000000000000	1
155	0	3	16	0.000000	0.000000	0.000000	0.000000	30.57729647714286	-96.35026856571429	200.00000000000000	1
156	0	3	16	0.000000	0.000000	0.000000	0.000000	30.57729358000000	-96.35022193142856	200.00000000000000	1
157	0	3	16	0.000000	0.000000	0.000000	0.000000	30.57750864047619	-96.35049389380953	200.00000000000000	1
158	0	3	16	0.000000	0.000000	0.000000	0.000000	30.57731747619048	-96.35028760095238	200.00000000000000	1
159	0	3	16	0.000000	0.000000	0.000000	0.000000	30.57731530333333	-96.35025262523808	200.00000000000000	1
160	0	3	16	0.000000	0.000000	0.000000	0.000000	30.57746591809523	-96.35044416476191	200.00000000000000	1
161	0	3	16	0.000000	0.000000	0.000000	0.000000	30.57733847523810	-96.35030663619048	200.00000000000000	1
162	0	3	16	0.000000	0.000000	0.000000	0.000000	30.57733702666667	-96.35028331904761	200.00000000000000	1
163	0	3	16	0.000000	0.000000	0.000000	0.000000	30.57742319571428	-96.35039443571429	200.00000000000000	1
164	0	3	16	0.000000	0.000000	0.000000	0.000000	30.57735947428572	-96.35032567142858	200.00000000000000	1
165	0	3	16	0.000000	0.000000	0.000000	0.000000	30.57735875000000	-96.35031401285713	200.00000000000000	1
166	0	3	16	0.000000	0.000000	0.000000	0.000000	30.57738047333332	-96.35034470666668	200.00000000000000	1
167	0	3	16	0.000000	0.000000	0.000000	0.000000	30.57722841000000	-96.35012985000000	200.00000000000000	1
168	0	3	16	0.000000	0.000000	0.000000	0.000000	30.57808056000000	-96.35025227000000	200.00000000000000	1
169	0	3	16	0.000000	0.000000	0.000000	0.000000	30.57833125000000	-96.35043387000000	200.00000000000000	1
170	0	3	16	0.000000	0.000000	0.000000	0.000000	30.57767953000000	-96.35069281000000	200.00000000000000	1
171	0	3	16	0.000000	0.000000	0.000000	0.000000	30.57731434250000	-96.35016518571429	200.00000000000000	1
172	0	3	16	0.000000	0.000000	0.000000	0.000000	30.57804475678572	-96.35027011714286	200.00000000000000	1
173	0	3	16	0.000000	0.000000	0.000000	0.000000	30.57825963392857	-96.35042577428572	200.00000000000000	1
174	0	3	16	0.000000	0.000000	0.000000	0.000000	30.57770101678572	-96.35064772285715	200.00000000000000	1
175	0	3	16	0.000000	0.000000	0.000000	0.000000	30.57740027500000	-96.35020052142858	200.00000000000000	1
176	0	3	16	0.000000	0.000000	0.000000	0.000000	30.57800895357143	-96.35028796428571	200.00000000000000	1
177	0	3	16	0.000000	0.000000	0.000000	0.000000	30.57818801785715	-96.35041767857145	200.00000000000000	1
178	0	3	16	0.000000	0.000000	0.000000	0.000000	30.57772250357143	-96.35060263571430	200.00000000000000	1
179	0	3	16	0.000000	0.000000	0.000000	0.000000	30.57748620750000	-96.35023585714286	200.00000000000000	1
180	0	3	16	0.000000	0.000000	0.000000	0.000000	30.57797315035715	-96.35030581142857	200.00000000000000	1
181	0	3	16	0.000000	0.000000	0.000000	0.000000	30.57811640178572	-96.35040958285717	200.00000000000000	1
182	0	3	16	0.000000	0.000000	0.000000	0.000000	30.57774399035715	-96.35055754857144	200.00000000000000	1
183	0	3	16	0.000000	0.000000	0.000000	0.000000	30.57757214000000	-96.35027119285715	200.00000000000000	1
184	0	3	16	0.000000	0.000000	0.000000	0.000000	30.57793734714286	-96.35032365857143	200.00000000000000	1
185	0	3	16	0.000000	0.000000	0.000000	0.000000	30.57804478571429	-96.35040148714289	200.00000000000000	1
186	0	3	16	0.000000	0.000000	0.000000	0.000000	30.57776547714287	-96.35051246142859	200.00000000000000	1
187	0	3	16	0.000000	0.000000	0.000000	0.000000	30.57765807250000	-96.35030652857144	200.00000000000000	1
188	0	3	16	0.000000	0.000000	0.000000	0.000000	30.57790154392858	-96.35034150571428	200.00000000000000	1
189	0	3	16	0.000000	0.000000	0.000000	0.000000	30.57797316964287	-96.35039339142861	200.00000000000000	1
190	0	3	16	0.000000	0.000000	0.000000	0.000000	30.57778696392858	-96.35046737428574	200.00000000000000	1
191	0	3	16	0.000000	0.000000	0.000000	0.000000	30.57774400500000	-96.35034186428572	200.00000000000000	1
192	0	3	16	0.000000	0.000000	0.000000	0.000000	30.57786574071429	-96.35035935285714	200.00000000000000	1
193	0	3	16	0.000000	0.000000	0.000000	0.000000	30.57790155357144	-96.35038529571433	200.00000000000000	1
194	0	3	16	0.000000	0.000000	0.000000	0.000000	30.57780845071430	-96.35042228714289	200.00000000000000	1
195	0	3	16	0.000000	0.000000	0.000000	0.000000	30.57782993750000	-96.35037720000001	200.00000000000000	1
