QGC WPL 110
0	0	0	16	0.000000	0.000000	0.000000	0.000000	30.57721428000000	-96.35122029999999	200.00000000000000	1
1	0	3	16	0.000000	0.000000	0.000000	0.000000	30.57680963000000	-96.35210159000000	200.00000000000000	1
2	0	3	16	0.000000	0.000000	0.000000	0.000000	30.57718690000000	-96.35084293000000	200.00000000000000	1
3	0	3	16	0.000000	0.000000	0.000000	0.000000	30.57719370714286	-96.35124429619047	200.00000000000000	1
4	0	3	16	0.000000	0.000000	0.000000	0.000000	30.57684686428571	-96.35199968761906	200.00000000000000	1
5	0	3	16	0.000000	0.000000	0.000000	0.000000	30.57717023857143	-96.35092083619047	200.00000000000000	1
6	0	3	16	0.000000	0.000000	0.000000	0.000000	30.57717313428572	-96.35126829238095	200.00000000000000	1
7	0	3	16	0.000000	0.000000	0.000000	0.000000	30.57688409857143	-96.35189778523811	200.00000000000000	1
8	0	3	16	0.000000	0.000000	0.000000	0.000000	30.57715357714286	-96.35099874238094	200.00000000000000	1
9	0	3	16	0.000000	0.000000	0.000000	0.000000	30.57715256142857	-96.35129228857143	200.00000000000000	1
10	0	3	16	0.000000	0.000000	0.000000	0.000000	30.57692133285714	-96.35179588285716	200.00000000000000	1
11	0	3	16	0.000000	0.000000	0.000000	0.000000	30.57713691571429	-96.35107664857141	200.00000000000000	1
12	0	3	16	0.000000	0.000000	0.000000	0.000000	30.57713198857143	-96.35131628476191	200.00000000000000	1
13	0	3	16	0.000000	0.000000	0.000000	0.000000	30.57695856714285	-96.35169398047621	200.00000000000000	1
14	0	3	16	0.000000	0.000000	0.000000	0.000000	30.57712025428572	-96.35115455476188	200.00000000000000	1
15	0	3	16	0.000000	0.000000	0.000000	0.000000	30.57711141571429	-96.35134028095239	200.00000000000000	1
16	0	3	16	0.000000	0.000000	0.000000	0.000000	30.57699580142857	-96.35159207809527	200.00000000000000	1
17	0	3	16	0.000000	0.000000	0.000000	0.000000	30.57710359285715	-96.35123246095235	200.00000000000000	1
18	0	3	16	0.000000	0.000000	0.000000	0.000000	30.57709084285715	-96.35136427714286	200.00000000000000	1
19	0	3	16	0.000000	0.000000	0.000000	0.000000	30.57703303571428	-96.35149017571432	200.00000000000000	1
20	0	3	16	0.000000	0.000000	0.000000	0.000000	30.57708693142857	-96.35131036714282	200.00000000000000	1
21	0	3	16	0.000000	0.000000	0.000000	0.000000	30.57707027000000	-96.35138827333334	200.00000000000000	1
22	0	3	16	0.000000	0.000000	0.000000	0.000000	30.57721428000000	-96.35122029999999	200.00000000000000	1
23	0	3	16	0.000000	0.000000	0.000000	0.000000	30.57718690000000	-96.35084293000000	200.00000000000000	1
24	0	3	16	0.000000	0.000000	0.000000	0.000000	30.57727988000000	-96.35081507000000	200.00000000000000	1
25	0	3	16	0.000000	0.000000	0.000000	0.000000	30.57785086000000	-96.35097564000000	200.00000000000000	1
26	0	3	16	0.000000	0.000000	0.000000	0.000000	30.57723838000000	-96.35118361214285	200.00000000000000	1
27	0	3	16	0.000000	0.000000	0.000000	0.000000	30.57721491142857	-96.35086015214286	200.00000000000000	1
28	0	3	16	0.000000	0.000000	0.000000	0.000000	30.57729460857143	-96.35083627214286	200.00000000000000	1
29	0	3	16	0.000000	0.000000	0.000000	0.000000	30.57778402000000	-96.35097390357143	200.00000000000000	1
30	0	3	16	0.000000	0.000000	0.000000	0.000000	30.57726248000000	-96.35114692428570	200.00000000000000	1
31	0	3	16	0.000000	0.000000	0.000000	0.000000	30.57724292285715	-96.35087737428572	200.00000000000000	1
32	0	3	16	0.000000	0.000000	0.000000	0.000000	30.57730933714286	-96.35085747428572	200.00000000000000	1
33	0	3	16	0.000000	0.000000	0.000000	0.000000	30.57771718000000	-96.35097216714286	200.00000000000000	1
34	0	3	16	0.000000	0.000000	0.000000	0.000000	30.57728658000000	-96.35111023642855	200.00000000000000	1
35	0	3	16	0.000000	0.000000	0.000000	0.000000	30.57727093428572	-96.35089459642857	200.00000000000000	1
36	0	3	16	0.000000	0.000000	0.000000	0.000000	30.57732406571429	-96.35087867642858	200.00000000000000	1
37	0	3	16	0.000000	0.000000	0.000000	0.000000	30.57765034000001	-96.35097043071428	200.00000000000000	1
38	0	3	16	0.000000	0.000000	0.000000	0.000000	30.57731068000000	-96.35107354857141	200.00000000000000	1
39	0	3	16	0.000000	0.000000	0.000000	0.000000	30.57729894571429	-96.35091181857143	200.00000000000000	1
40	0	3	16	0.000000	0.000000	0.000000	0.000000	30.57733879428572	-96.35089987857144	200.00000000000000	1
41	0	3	16	0.000000	0.000000	0.000000	0.000000	30.57758350000001	-96.35096869428571	200.00000000000000	1
42	0	3	16	0.000000	0.000000	0.000000	0.000000	30.57733478000000	-96.35103686071426	200.00000000000000	1
43	0	3	16	0.000000	0.000000	0.000000	0.000000	30.57732695714286	-96.35092904071429	200.00000000000000	1
44	0	3	16	0.000000	0.000000	0.000000	0.000000	30.57735352285714	-96.35092108071430	200.00000000000000	1
45	0	3	16	0.000000	0.000000	0.000000	0.000000	30.57751666000001	-96.35096695785714	200.00000000000000	1
46	0	3	16	0.000000	0.000000	0.000000	0.000000	30.57735888000001	-96.35100017285711	200.00000000000000	1
47	0	3	16	0.000000	0.000000	0.000000	0.000000	30.57735496857143	-96.35094626285715	200.00000000000000	1
48	0	3	16	0.000000	0.000000	0.000000	0.000000	30.57736825142857	-96.35094228285716	200.00000000000000	1
49	0	3	16	0.000000	0.000000	0.000000	0.000000	30.57744982000001	-96.35096522142857	200.00000000000000	1
50	0	3	16	0.000000	0.000000	0.000000	0.000000	30.57738298000001	-96.35096348499997	200.00000000000000	1
51	0	3	16	0.000000	0.000000	0.000000	0.000000	30.57727988000000	-96.35081507000000	200.00000000000000	1
52	0	3	16	0.000000	0.000000	0.000000	0.000000	30.57811163000000	-96.35089812000000	200.00000000000000	1
53	0	3	16	0.000000	0.000000	0.000000	0.000000	30.57785086000000	-96.35097564000000	200.00000000000000	1
54	0	3	16	0.000000	0.000000	0.000000	0.000000	30.57734667666666	-96.35082667095237	200.00000000000000	1
55	0	3	16	0.000000	0.000000	0.000000	0.000000	30.57805960523810	-96.35089785666666	200.00000000000000	1
56	0	3	16	0.000000	0.000000	0.000000	0.000000	30.57783608809524	-96.35096430238096	200.00000000000000	1
57	0	3	16	0.000000	0.000000	0.000000	0.000000	30.57741347333333	-96.35083827190475	200.00000000000000	1
58	0	3	16	0.000000	0.000000	0.000000	0.000000	30.57800758047619	-96.35089759333333	200.00000000000000	1
59	0	3	16	0.000000	0.000000	0.000000	0.000000	30.57782131619048	-96.35095296476192	200.00000000000000	1
60	0	3	16	0.000000	0.000000	0.000000	0.000000	30.57748027000000	-96.35084987285713	200.00000000000000	1
61	0	3	16	0.000000	0.000000	0.000000	0.000000	30.57795555571429	-96.35089733000000	200.00000000000000	1
62	0	3	16	0.000000	0.000000	0.000000	0.000000	30.57780654428571	-96.35094162714287	200.00000000000000	1
63	0	3	16	0.000000	0.000000	0.000000	0.000000	30.57754706666666	-96.35086147380950	200.00000000000000	1
64	0	3	16	0.000000	0.000000	0.000000	0.000000	30.57790353095239	-96.35089706666666	200.00000000000000	1
65	0	3	16	0.000000	0.000000	0.000000	0.000000	30.57779177238095	-96.35093028952383	200.00000000000000	1
66	0	3	16	0.000000	0.000000	0.000000	0.000000	30.57761386333333	-96.35087307476188	200.00000000000000	1
67	0	3	16	0.000000	0.000000	0.000000	0.000000	30.57785150619048	-96.35089680333333	200.00000000000000	1
68	0	3	16	0.000000	0.000000	0.000000	0.000000	30.57777700047619	-96.35091895190479	200.00000000000000	1
69	0	3	16	0.000000	0.000000	0.000000	0.000000	30.57768065999999	-96.35088467571425	200.00000000000000	1
70	0	3	16	0.000000	0.000000	0.000000	0.000000	30.57779948142858	-96.35089653999999	200.00000000000000	1
71	0	3	16	0.000000	0.000000	0.000000	0.000000	30.57776222857143	-96.35090761428575	200.00000000000000	1
72	0	3	16	0.000000	0.000000	0.000000	0.000000	30.57774745666666	-96.35089627666663	200.00000000000000	1
73	0	3	16	0.000000	0.000000	0.000000	0.000000	30.57785086000000	-96.35097564000000	200.00000000000000	1
74	0	3	16	0.000000	0.000000	0.000000	0.000000	30.57811163000000	-96.35089812000000	200.00000000000000	1
75	0	3	16	0.000000	0.000000	0.000000	0.000000	30.57839720000000	-96.35088437000000	200.00000000000000	1
76	0	3	16	0.000000	0.000000	0.000000	0.000000	30.57846972000000	-96.35124172000000	200.00000000000000	1
77	0	3	16	0.000000	0.000000	0.000000	0.000000	30.57811448000000	-96.35189569000001	200.00000000000000	1
78	0	3	16	0.000000	0.000000	0.000000	0.000000	30.57734439000000	-96.35184074999999	200.00000000000000	1
79	0	3	16	0.000000	0.000000	0.000000	0.000000	30.57787902952381	-96.35102046023810	200.00000000000000	1
80	0	3	16	0.000000	0.000000	0.000000	0.000000	30.57810254666667	-96.35095401452381	200.00000000000000	1
81	0	3	16	0.000000	0.000000	0.000000	0.000000	30.57834732095238	-96.35094222880953	200.00000000000000	1
82	0	3	16	0.000000	0.000000	0.000000	0.000000	30.57840948095238	-96.35124852880953	200.00000000000000	1
83	0	3	16	0.000000	0.000000	0.000000	0.000000	30.57810498952381	-96.35180907452381	200.00000000000000	1
84	0	3	16	0.000000	0.000000	0.000000	0.000000	30.57744491238095	-96.35176198309523	200.00000000000000	1
85	0	3	16	0.000000	0.000000	0.000000	0.000000	30.57790719904762	-96.35106528047621	200.00000000000000	1
86	0	3	16	0.000000	0.000000	0.000000	0.000000	30.57809346333334	-96.35100990904762	200.00000000000000	1
87	0	3	16	0.000000	0.000000	0.000000	0.000000	30.57829744190476	-96.35100008761906	200.00000000000000	1
88	0	3	16	0.000000	0.000000	0.000000	0.000000	30.57834924190476	-96.35125533761907	200.00000000000000	1
89	0	3	16	0.000000	0.000000	0.000000	0.000000	30.57809549904762	-96.35172245904762	200.00000000000000	1
90	0	3	16	0.000000	0.000000	0.000000	0.000000	30.57754543476190	-96.35168321619047	200.00000000000000	1
91	0	3	16	0.000000	0.000000	0.000000	0.000000	30.57793536857143	-96.35111010071431	200.00000000000000	1
92	0	3	16	0.000000	0.000000	0.000000	0.000000	30.57808438000000	-96.35106580357143	200.00000000000000	1
93	0	3	16	0.000000	0.000000	0.000000	0.000000	30.57824756285714	-96.35105794642858	200.00000000000000	1
94	0	3	16	0.000000	0.000000	0.000000	0.000000	30.57828900285714	-96.35126214642860	200.00000000000000	1
95	0	3	16	0.000000	0.000000	0.000000	0.000000	30.57808600857143	-96.35163584357143	200.00000000000000	1
96	0	3	16	0.000000	0.000000	0.000000	0.000000	30.57764595714285	-96.35160444928570	200.00000000000000	1
97	0	3	16	0.000000	0.000000	0.000000	0.000000	30.57796353809524	-96.35115492095241	200.00000000000000	1
98	0	3	16	0.000000	0.000000	0.000000	0.000000	30.57807529666667	-96.35112169809524	200.00000000000000	1
99	0	3	16	0.000000	0.000000	0.000000	0.000000	30.57819768380952	-96.35111580523811	200.00000000000000	1
100	0	3	16	0.000000	0.000000	0.000000	0.000000	30.57822876380952	-96.35126895523813	200.00000000000000	1
101	0	3	16	0.000000	0.000000	0.000000	0.000000	30.57807651809523	-96.35154922809524	200.00000000000000	1
102	0	3	16	0.000000	0.000000	0.000000	0.000000	30.57774647952380	-96.35152568238094	200.00000000000000	1
103	0	3	16	0.000000	0.000000	0.000000	0.000000	30.57799170761905	-96.35119974119051	200.00000000000000	1
104	0	3	16	0.000000	0.000000	0.000000	0.000000	30.57806621333334	-96.35117759261905	200.00000000000000	1
105	0	3	16	0.000000	0.000000	0.000000	0.000000	30.57814780476190	-96.35117366404764	200.00000000000000	1
106	0	3	16	0.000000	0.000000	0.000000	0.000000	30.57816852476190	-96.35127576404766	200.00000000000000	1
107	0	3	16	0.000000	0.000000	0.000000	0.000000	30.57806702761904	-96.35146261261904	200.00000000000000	1
108	0	3	16	0.000000	0.000000	0.000000	0.000000	30.57784700190475	-96.35144691547617	200.00000000000000	1
109	0	3	16	0.000000	0.000000	0.000000	0.000000	30.57801987714285	-96.35124456142862	200.00000000000000	1
110	0	3	16	0.000000	0.000000	0.000000	0.000000	30.57805713000001	-96.35123348714286	200.00000000000000	1
111	0	3	16	0.000000	0.000000	0.000000	0.000000	30.57809792571429	-96.35123152285716	200.00000000000000	1
112	0	3	16	0.000000	0.000000	0.000000	0.000000	30.57810828571428	-96.35128257285719	200.00000000000000	1
113	0	3	16	0.000000	0.000000	0.000000	0.000000	30.57805753714285	-96.35137599714285	200.00000000000000	1
114	0	3	16	0.000000	0.000000	0.000000	0.000000	30.57794752428570	-96.35136814857141	200.00000000000000	1
115	0	3	16	0.000000	0.000000	0.000000	0.000000	30.57804804666666	-96.35128938166672	200.00000000000000	1
116	0	3	16	0.000000	0.000000	0.000000	0.000000	30.57811163000000	-96.35089812000000	200.00000000000000	1
117	0	3	16	0.000000	0.000000	0.000000	0.000000	30.57833613000000	-96.35086016000000	200.00000000000000	1
118	0	3	16	0.000000	0.000000	0.000000	0.000000	30.57839720000000	-96.35088437000000	200.00000000000000	1
119	0	3	16	0.000000	0.000000	0.000000	0.000000	30.57813591904762	-96.35089565761905	200.00000000000000	1
120	0	3	16	0.000000	0.000000	0.000000	0.000000	30.57832834761905	-96.35086312047619	200.00000000000000	1
121	0	3	16	0.000000	0.000000	0.000000	0.000000	30.57838069333333	-96.35088387190477	200.00000000000000	1
122	0	3	16	0.000000	0.000000	0.000000	0.000000	30.57816020809524	-96.35089319523810	200.00000000000000	1
123	0	3	16	0.000000	0.000000	0.000000	0.000000	30.57832056523810	-96.35086608095239	200.00000000000000	1
124	0	3	16	0.000000	0.000000	0.000000	0.000000	30.57836418666666	-96.35088337380954	200.00000000000000	1
125	0	3	16	0.000000	0.000000	0.000000	0.000000	30.57818449714286	-96.35089073285715	200.00000000000000	1
126	0	3	16	0.000000	0.000000	0.000000	0.000000	30.57831278285715	-96.35086904142858	200.00000000000000	1
127	0	3	16	0.000000	0.000000	0.000000	0.000000	30.57834768000000	-96.35088287571430	200.00000000000000	1
128	0	3	16	0.000000	0.000000	0.000000	0.000000	30.57820878619048	-96.35088827047620	200.00000000000000	1
129	0	3	16	0.000000	0.000000	0.000000	0.000000	30.57830500047620	-96.35087200190478	200.00000000000000	1
130	0	3	16	0.000000	0.000000	0.000000	0.000000	30.57833117333333	-96.35088237761907	200.00000000000000	1
131	0	3	16	0.000000	0.000000	0.000000	0.000000	30.57823307523810	-96.35088580809526	200.00000000000000	1
132	0	3	16	0.000000	0.000000	0.000000	0.000000	30.57829721809524	-96.35087496238097	200.00000000000000	1
133	0	3	16	0.000000	0.000000	0.000000	0.000000	30.57831466666666	-96.35088187952384	200.00000000000000	1
134	0	3	16	0.000000	0.000000	0.000000	0.000000	30.57825736428572	-96.35088334571431	200.00000000000000	1
135	0	3	16	0.000000	0.000000	0.000000	0.000000	30.57828943571429	-96.35087792285717	200.00000000000000	1
136	0	3	16	0.000000	0.000000	0.000000	0.000000	30.57829815999999	-96.35088138142861	200.00000000000000	1
137	0	3	16	0.000000	0.000000	0.000000	0.000000	30.57828165333333	-96.35088088333336	200.00000000000000	1
138	0	3	16	0.000000	0.000000	0.000000	0.000000	30.57833613000000	-96.35086016000000	200.00000000000000	1
139	0	3	16	0.000000	0.000000	0.000000	0.000000	30.57811163000000	-96.35089812000000	200.00000000000000	1
140	0	3	16	0.000000	0.000000	0.000000	0.000000	30.57802319000000	-96.35077396000000	200.00000000000000	1
141	0	3	16	0.000000	0.000000	0.000000	0.000000	30.57816946000000	-96.35074772999999	200.00000000000000	1
142	0	3	16	0.000000	0.000000	0.000000	0.000000	30.57831098321429	-96.35085442178571	200.00000000000000	1
143	0	3	16	0.000000	0.000000	0.000000	0.000000	30.57811855464286	-96.35088695892857	200.00000000000000	1
144	0	3	16	0.000000	0.000000	0.000000	0.000000	30.57804274892857	-96.35078053607143	200.00000000000000	1
145	0	3	16	0.000000	0.000000	0.000000	0.000000	30.57816812321429	-96.35075805321428	200.00000000000000	1
146	0	3	16	0.000000	0.000000	0.000000	0.000000	30.57828583642857	-96.35084868357143	200.00000000000000	1
147	0	3	16	0.000000	0.000000	0.000000	0.000000	30.57812547928571	-96.35087579785714	200.00000000000000	1
148	0	3	16	0.000000	0.000000	0.000000	0.000000	30.57806230785714	-96.35078711214285	200.00000000000000	1
149	0	3	16	0.000000	0.000000	0.000000	0.000000	30.57816678642857	-96.35076837642856	200.00000000000000	1
150	0	3	16	0.000000	0.000000	0.000000	0.000000	30.57826068964286	-96.35084294535714	200.00000000000000	1
151	0	3	16	0.000000	0.000000	0.000000	0.000000	30.57813240392857	-96.35086463678572	200.00000000000000	1
152	0	3	16	0.000000	0.000000	0.000000	0.000000	30.57808186678571	-96.35079368821428	200.00000000000000	1
153	0	3	16	0.000000	0.000000	0.000000	0.000000	30.57816544964286	-96.35077869964285	200.00000000000000	1
154	0	3	16	0.000000	0.000000	0.000000	0.000000	30.57823554285715	-96.35083720714286	200.00000000000000	1
155	0	3	16	0.000000	0.000000	0.000000	0.000000	30.57813932857143	-96.35085347571429	200.00000000000000	1
156	0	3	16	0.000000	0.000000	0.000000	0.000000	30.57810142571428	-96.35080026428571	200.00000000000000	1
157	0	3	16	0.000000	0.000000	0.000000	0.000000	30.57816411285714	-96.35078902285713	200.00000000000000	1
158	0	3	16	0.000000	0.000000	0.000000	0.000000	30.57821039607143	-96.35083146892858	200.00000000000000	1
159	0	3	16	0.000000	0.000000	0.000000	0.000000	30.57814625321429	-96.35084231464286	200.00000000000000	1
160	0	3	16	0.000000	0.000000	0.000000	0.000000	30.57812098464285	-96.35080684035714	200.00000000000000	1
161	0	3	16	0.000000	0.000000	0.000000	0.000000	30.57816277607143	-96.35079934607141	200.00000000000000	1
162	0	3	16	0.000000	0.000000	0.000000	0.000000	30.57818524928572	-96.35082573071429	200.00000000000000	1
163	0	3	16	0.000000	0.000000	0.000000	0.000000	30.57815317785714	-96.35083115357143	200.00000000000000	1
164	0	3	16	0.000000	0.000000	0.000000	0.000000	30.57814054357143	-96.35081341642857	200.00000000000000	1
165	0	3	16	0.000000	0.000000	0.000000	0.000000	30.57816143928571	-96.35080966928570	200.00000000000000	1
166	0	3	16	0.000000	0.000000	0.000000	0.000000	30.57816010250001	-96.35081999250001	200.00000000000000	1
167	0	3	16	0.000000	0.000000	0.000000	0.000000	30.57811163000000	-96.35089812000000	200.00000000000000	1
168	0	3	16	0.000000	0.000000	0.000000	0.000000	30.57689478000000	-96.35028081000000	200.00000000000000	1
169	0	3	16	0.000000	0.000000	0.000000	0.000000	30.57802319000000	-96.35077396000000	200.00000000000000	1
170	0	3	16	0.000000	0.000000	0.000000	0.000000	30.57804947333333	-96.35086281190476	200.00000000000000	1
171	0	3	16	0.000000	0.000000	0.000000	0.000000	30.57700645904762	-96.35033368904762	200.00000000000000	1
172	0	3	16	0.000000	0.000000	0.000000	0.000000	30.57797366761905	-96.35075638904762	200.00000000000000	1
173	0	3	16	0.000000	0.000000	0.000000	0.000000	30.57798731666667	-96.35082750380953	200.00000000000000	1
174	0	3	16	0.000000	0.000000	0.000000	0.000000	30.57711813809524	-96.35038656809523	200.00000000000000	1
175	0	3	16	0.000000	0.000000	0.000000	0.000000	30.57792414523810	-96.35073881809524	200.00000000000000	1
176	0	3	16	0.000000	0.000000	0.000000	0.000000	30.57792516000000	-96.35079219571429	200.00000000000000	1
177	0	3	16	0.000000	0.000000	0.000000	0.000000	30.57722981714286	-96.35043944714285	200.00000000000000	1
178	0	3	16	0.000000	0.000000	0.000000	0.000000	30.57787462285714	-96.35072124714286	200.00000000000000	1
179	0	3	16	0.000000	0.000000	0.000000	0.000000	30.57786300333334	-96.35075688761906	200.00000000000000	1
180	0	3	16	0.000000	0.000000	0.000000	0.000000	30.57734149619048	-96.35049232619046	200.00000000000000	1
181	0	3	16	0.000000	0.000000	0.000000	0.000000	30.57782510047619	-96.35070367619048	200.00000000000000	1
182	0	3	16	0.000000	0.000000	0.000000	0.000000	30.57780084666667	-96.35072157952382	200.00000000000000	1
183	0	3	16	0.000000	0.000000	0.000000	0.000000	30.57745317523810	-96.35054520523808	200.00000000000000	1
184	0	3	16	0.000000	0.000000	0.000000	0.000000	30.57777557809524	-96.35068610523810	200.00000000000000	1
185	0	3	16	0.000000	0.000000	0.000000	0.000000	30.57773869000001	-96.35068627142859	200.00000000000000	1
186	0	3	16	0.000000	0.000000	0.000000	0.000000	30.57756485428572	-96.35059808428569	200.00000000000000	1
187	0	3	16	0.000000	0.000000	0.000000	0.000000	30.57772605571429	-96.35066853428572	200.00000000000000	1
188	0	3	16	0.000000	0.000000	0.000000	0.000000	30.57767653333334	-96.35065096333335	200.00000000000000	1
189	0	3	16	0.000000	0.000000	0.000000	0.000000	30.57802319000000	-96.35077396000000	200.00000000000000	1
190	0	3	16	0.000000	0.000000	0.000000	0.000000	30.57727933000000	-96.35039543000001	200.00000000000000	1
191	0	3	16	0.000000	0.000000	0.000000	0.000000	30.57816946000000	-96.35074772999999	200.00000000000000	1
192	0	3	16	0.000000	0.000000	0.000000	0.000000	30.57799473333333	-96.35075468571428	200.00000000000000	1
193	0	3	16	0.000000	0.000000	0.000000	0.000000	30.57735713904762	-96.35043023142858	200.00000000000000	1
194	0	3	16	0.000000	0.000000	0.000000	0.000000	30.57812010761905	-96.35073220285713	200.00000000000000	1
195	0	3	16	0.000000	0.000000	0.000000	0.000000	30.57796627666667	-96.35073541142856	200.00000000000000	1
196	0	3	16	0.000000	0.000000	0.000000	0.000000	30.57743494809524	-96.35046503285714	200.00000000000000	1
197	0	3	16	0.000000	0.000000	0.000000	0.000000	30.57807075523810	-96.35071667571427	200.00000000000000	1
198	0	3	16	0.000000	0.000000	0.000000	0.000000	30.57793782000000	-96.35071613714284	200.00000000000000	1
199	0	3	16	0.000000	0.000000	0.000000	0.000000	30.57751275714286	-96.35049983428571	200.00000000000000	1
200	0	3	16	0.000000	0.000000	0.000000	0.000000	30.57802140285715	-96.35070114857140	200.00000000000000	1
201	0	3	16	0.000000	0.000000	0.000000	0.000000	30.57790936333334	-96.35069686285712	200.00000000000000	1
202	0	3	16	0.000000	0.000000	0.000000	0.000000	30.57759056619048	-96.35053463571428	200.00000000000000	1
203	0	3	16	0.000000	0.000000	0.000000	0.000000	30.57797205047619	-96.35068562142854	200.00000000000000	1
204	0	3	16	0.000000	0.000000	0.000000	0.000000	30.57788090666667	-96.35067758857140	200.00000000000000	1
205	0	3	16	0.000000	0.000000	0.000000	0.000000	30.57766837523810	-96.35056943714285	200.00000000000000	1
206	0	3	16	0.000000	0.000000	0.000000	0.000000	30.57792269809524	-96.35067009428568	200.00000000000000	1
207	0	3	16	0.000000	0.000000	0.000000	0.000000	30.57785245000001	-96.35065831428568	200.00000000000000	1
208	0	3	16	0.000000	0.000000	0.000000	0.000000	30.57774618428573	-96.35060423857142	200.00000000000000	1
209	0	3	16	0.000000	0.000000	0.000000	0.000000	30.57787334571429	-96.35065456714281	200.00000000000000	1
210	0	3	16	0.000000	0.000000	0.000000	0.000000	30.57782399333334	-96.35063903999996	200.00000000000000	1
