QGC WPL 110
0	0	0	16	0.000000	0.000000	0.000000	0.000000	30.57743915000000	-96.35161699000000	200.00000000000000	1
1	0	3	16	0.000000	0.000000	0.000000	0.000000	30.57777543000000	-96.35085750000000	200.00000000000000	1
2	0	3	16	0.000000	0.000000	0.000000	0.000000	30.57819681000000	-96.35137888000000	200.00000000000000	1
3	0	3	16	0.000000	0.000000	0.000000	0.000000	30.57767927000000	-96.35201171999999	200.00000000000000	1
4	0	3	16	0.000000	0.000000	0.000000	0.000000	30.57748679500000	-96.35159545892857	200.00000000000000	1
5	0	3	16	0.000000	0.000000	0.000000	0.000000	30.57777503500000	-96.35094446750000	200.00000000000000	1
6	0	3	16	0.000000	0.000000	0.000000	0.000000	30.57813621785714	-96.35139136464285	200.00000000000000	1
7	0	3	16	0.000000	0.000000	0.000000	0.000000	30.57769261214286	-96.35193379892857	200.00000000000000	1
8	0	3	16	0.000000	0.000000	0.000000	0.000000	30.57753444000000	-96.35157392785715	200.00000000000000	1
9	0	3	16	0.000000	0.000000	0.000000	0.000000	30.57777464000000	-96.35103143500000	200.00000000000000	1
10	0	3	16	0.000000	0.000000	0.000000	0.000000	30.57807562571428	-96.35140384928570	200.00000000000000	1
11	0	3	16	0.000000	0.000000	0.000000	0.000000	30.57770595428572	-96.35185587785715	200.00000000000000	1
12	0	3	16	0.000000	0.000000	0.000000	0.000000	30.57758208500000	-96.35155239678572	200.00000000000000	1
13	0	3	16	0.000000	0.000000	0.000000	0.000000	30.57777424500000	-96.35111840249999	200.00000000000000	1
14	0	3	16	0.000000	0.000000	0.000000	0.000000	30.57801503357143	-96.35141633392855	200.00000000000000	1
15	0	3	16	0.000000	0.000000	0.000000	0.000000	30.57771929642857	-96.35177795678572	200.00000000000000	1
16	0	3	16	0.000000	0.000000	0.000000	0.000000	30.57762972999999	-96.35153086571430	200.00000000000000	1
17	0	3	16	0.000000	0.000000	0.000000	0.000000	30.57777385000000	-96.35120536999999	200.00000000000000	1
18	0	3	16	0.000000	0.000000	0.000000	0.000000	30.57795444142857	-96.35142881857141	200.00000000000000	1
19	0	3	16	0.000000	0.000000	0.000000	0.000000	30.57773263857143	-96.35170003571430	200.00000000000000	1
20	0	3	16	0.000000	0.000000	0.000000	0.000000	30.57767737499999	-96.35150933464287	200.00000000000000	1
21	0	3	16	0.000000	0.000000	0.000000	0.000000	30.57777345500000	-96.35129233749998	200.00000000000000	1
22	0	3	16	0.000000	0.000000	0.000000	0.000000	30.57789384928571	-96.35144130321426	200.00000000000000	1
23	0	3	16	0.000000	0.000000	0.000000	0.000000	30.57774598071429	-96.35162211464288	200.00000000000000	1
24	0	3	16	0.000000	0.000000	0.000000	0.000000	30.57772501999999	-96.35148780357144	200.00000000000000	1
25	0	3	16	0.000000	0.000000	0.000000	0.000000	30.57777305999999	-96.35137930499998	200.00000000000000	1
26	0	3	16	0.000000	0.000000	0.000000	0.000000	30.57783325714285	-96.35145378785711	200.00000000000000	1
27	0	3	16	0.000000	0.000000	0.000000	0.000000	30.57775932285714	-96.35154419357146	200.00000000000000	1
28	0	3	16	0.000000	0.000000	0.000000	0.000000	30.57777266499999	-96.35146627250002	200.00000000000000	1
29	0	3	16	0.000000	0.000000	0.000000	0.000000	30.57743915000000	-96.35161699000000	200.00000000000000	1
30	0	3	16	0.000000	0.000000	0.000000	0.000000	30.57767927000000	-96.35201171999999	200.00000000000000	1
31	0	3	16	0.000000	0.000000	0.000000	0.000000	30.57730002000000	-96.35190553000000	200.00000000000000	1
32	0	3	16	0.000000	0.000000	0.000000	0.000000	30.57740226000000	-96.35160415000000	200.00000000000000	1
33	0	3	16	0.000000	0.000000	0.000000	0.000000	30.57744143928571	-96.35164093392856	200.00000000000000	1
34	0	3	16	0.000000	0.000000	0.000000	0.000000	30.57764725642857	-96.35197927392856	200.00000000000000	1
35	0	3	16	0.000000	0.000000	0.000000	0.000000	30.57732218500000	-96.35188825392856	200.00000000000000	1
36	0	3	16	0.000000	0.000000	0.000000	0.000000	30.57740981928571	-96.35162992821428	200.00000000000000	1
37	0	3	16	0.000000	0.000000	0.000000	0.000000	30.57744372857143	-96.35166487785713	200.00000000000000	1
38	0	3	16	0.000000	0.000000	0.000000	0.000000	30.57761524285715	-96.35194682785713	200.00000000000000	1
39	0	3	16	0.000000	0.000000	0.000000	0.000000	30.57734435000000	-96.35187097785713	200.00000000000000	1
40	0	3	16	0.000000	0.000000	0.000000	0.000000	30.57741737857143	-96.35165570642856	200.00000000000000	1
41	0	3	16	0.000000	0.000000	0.000000	0.000000	30.57744601785714	-96.35168882178570	200.00000000000000	1
42	0	3	16	0.000000	0.000000	0.000000	0.000000	30.57758322928572	-96.35191438178570	200.00000000000000	1
43	0	3	16	0.000000	0.000000	0.000000	0.000000	30.57736651500000	-96.35185370178570	200.00000000000000	1
44	0	3	16	0.000000	0.000000	0.000000	0.000000	30.57742493785714	-96.35168148464284	200.00000000000000	1
45	0	3	16	0.000000	0.000000	0.000000	0.000000	30.57744830714286	-96.35171276571427	200.00000000000000	1
46	0	3	16	0.000000	0.000000	0.000000	0.000000	30.57755121571429	-96.35188193571427	200.00000000000000	1
47	0	3	16	0.000000	0.000000	0.000000	0.000000	30.57738868000000	-96.35183642571427	200.00000000000000	1
48	0	3	16	0.000000	0.000000	0.000000	0.000000	30.57743249714285	-96.35170726285712	200.00000000000000	1
49	0	3	16	0.000000	0.000000	0.000000	0.000000	30.57745059642857	-96.35173670964284	200.00000000000000	1
50	0	3	16	0.000000	0.000000	0.000000	0.000000	30.57751920214286	-96.35184948964285	200.00000000000000	1
51	0	3	16	0.000000	0.000000	0.000000	0.000000	30.57741084500000	-96.35181914964284	200.00000000000000	1
52	0	3	16	0.000000	0.000000	0.000000	0.000000	30.57744005642856	-96.35173304107140	200.00000000000000	1
53	0	3	16	0.000000	0.000000	0.000000	0.000000	30.57745288571428	-96.35176065357140	200.00000000000000	1
54	0	3	16	0.000000	0.000000	0.000000	0.000000	30.57748718857144	-96.35181704357142	200.00000000000000	1
55	0	3	16	0.000000	0.000000	0.000000	0.000000	30.57743301000000	-96.35180187357140	200.00000000000000	1
56	0	3	16	0.000000	0.000000	0.000000	0.000000	30.57744761571428	-96.35175881928568	200.00000000000000	1
57	0	3	16	0.000000	0.000000	0.000000	0.000000	30.57745517500000	-96.35178459749997	200.00000000000000	1
58	0	3	16	0.000000	0.000000	0.000000	0.000000	30.57743915000000	-96.35161699000000	200.00000000000000	1
59	0	3	16	0.000000	0.000000	0.000000	0.000000	30.57740226000000	-96.35160415000000	200.00000000000000	1
60	0	3	16	0.000000	0.000000	0.000000	0.000000	30.57761903000000	-96.35098948000000	200.00000000000000	1
61	0	3	16	0.000000	0.000000	0.000000	0.000000	30.57744595904762	-96.35158649714285	200.00000000000000	1
62	0	3	16	0.000000	0.000000	0.000000	0.000000	30.57741433904762	-96.35157549142858	200.00000000000000	1
63	0	3	16	0.000000	0.000000	0.000000	0.000000	30.57760014190476	-96.35104863142857	200.00000000000000	1
64	0	3	16	0.000000	0.000000	0.000000	0.000000	30.57745276809524	-96.35155600428570	200.00000000000000	1
65	0	3	16	0.000000	0.000000	0.000000	0.000000	30.57742641809524	-96.35154683285715	200.00000000000000	1
66	0	3	16	0.000000	0.000000	0.000000	0.000000	30.57758125380953	-96.35110778285714	200.00000000000000	1
67	0	3	16	0.000000	0.000000	0.000000	0.000000	30.57745957714286	-96.35152551142855	200.00000000000000	1
68	0	3	16	0.000000	0.000000	0.000000	0.000000	30.57743849714285	-96.35151817428573	200.00000000000000	1
69	0	3	16	0.000000	0.000000	0.000000	0.000000	30.57756236571429	-96.35116693428571	200.00000000000000	1
70	0	3	16	0.000000	0.000000	0.000000	0.000000	30.57746638619048	-96.35149501857140	200.00000000000000	1
71	0	3	16	0.000000	0.000000	0.000000	0.000000	30.57745057619047	-96.35148951571431	200.00000000000000	1
72	0	3	16	0.000000	0.000000	0.000000	0.000000	30.57754347761905	-96.35122608571429	200.00000000000000	1
73	0	3	16	0.000000	0.000000	0.000000	0.000000	30.57747319523810	-96.35146452571425	200.00000000000000	1
74	0	3	16	0.000000	0.000000	0.000000	0.000000	30.57746265523809	-96.35146085714288	200.00000000000000	1
75	0	3	16	0.000000	0.000000	0.000000	0.000000	30.57752458952382	-96.35128523714286	200.00000000000000	1
76	0	3	16	0.000000	0.000000	0.000000	0.000000	30.57748000428571	-96.35143403285710	200.00000000000000	1
77	0	3	16	0.000000	0.000000	0.000000	0.000000	30.57747473428571	-96.35143219857146	200.00000000000000	1
78	0	3	16	0.000000	0.000000	0.000000	0.000000	30.57750570142858	-96.35134438857143	200.00000000000000	1
79	0	3	16	0.000000	0.000000	0.000000	0.000000	30.57748681333333	-96.35140353999995	200.00000000000000	1
80	0	3	16	0.000000	0.000000	0.000000	0.000000	30.57740226000000	-96.35160415000000	200.00000000000000	1
81	0	3	16	0.000000	0.000000	0.000000	0.000000	30.57730002000000	-96.35190553000000	200.00000000000000	1
82	0	3	16	0.000000	0.000000	0.000000	0.000000	30.57685006000000	-96.35176362000000	200.00000000000000	1
83	0	3	16	0.000000	0.000000	0.000000	0.000000	30.57679875000000	-96.35167711000000	200.00000000000000	1
84	0	3	16	0.000000	0.000000	0.000000	0.000000	30.57690437000000	-96.35098270000000	200.00000000000000	1
85	0	3	16	0.000000	0.000000	0.000000	0.000000	30.57744728000000	-96.35048715000001	200.00000000000000	1
86	0	3	16	0.000000	0.000000	0.000000	0.000000	30.57750432000000	-96.35082695000000	200.00000000000000	1
87	0	3	16	0.000000	0.000000	0.000000	0.000000	30.57736942816327	-96.35156370428571	200.00000000000000	1
88	0	3	16	0.000000	0.000000	0.000000	0.000000	30.57728179387755	-96.35182202999999	200.00000000000000	1
89	0	3	16	0.000000	0.000000	0.000000	0.000000	30.57689611387755	-96.35170039285714	200.00000000000000	1
90	0	3	16	0.000000	0.000000	0.000000	0.000000	30.57685213387755	-96.35162624142858	200.00000000000000	1
91	0	3	16	0.000000	0.000000	0.000000	0.000000	30.57694266530612	-96.35103103285715	200.00000000000000	1
92	0	3	16	0.000000	0.000000	0.000000	0.000000	30.57740801673469	-96.35060627571430	200.00000000000000	1
93	0	3	16	0.000000	0.000000	0.000000	0.000000	30.57745690816326	-96.35089753285715	200.00000000000000	1
94	0	3	16	0.000000	0.000000	0.000000	0.000000	30.57733659632653	-96.35152325857142	200.00000000000000	1
95	0	3	16	0.000000	0.000000	0.000000	0.000000	30.57726356775510	-96.35173852999999	200.00000000000000	1
96	0	3	16	0.000000	0.000000	0.000000	0.000000	30.57694216775510	-96.35163716571428	200.00000000000000	1
97	0	3	16	0.000000	0.000000	0.000000	0.000000	30.57690551775510	-96.35157537285716	200.00000000000000	1
98	0	3	16	0.000000	0.000000	0.000000	0.000000	30.57698096061225	-96.35107936571430	200.00000000000000	1
99	0	3	16	0.000000	0.000000	0.000000	0.000000	30.57736875346939	-96.35072540142859	200.00000000000000	1
100	0	3	16	0.000000	0.000000	0.000000	0.000000	30.57740949632653	-96.35096811571429	200.00000000000000	1
101	0	3	16	0.000000	0.000000	0.000000	0.000000	30.57730376448980	-96.35148281285713	200.00000000000000	1
102	0	3	16	0.000000	0.000000	0.000000	0.000000	30.57724534163265	-96.35165502999999	200.00000000000000	1
103	0	3	16	0.000000	0.000000	0.000000	0.000000	30.57698822163265	-96.35157393857142	200.00000000000000	1
104	0	3	16	0.000000	0.000000	0.000000	0.000000	30.57695890163265	-96.35152450428573	200.00000000000000	1
105	0	3	16	0.000000	0.000000	0.000000	0.000000	30.57701925591837	-96.35112769857145	200.00000000000000	1
106	0	3	16	0.000000	0.000000	0.000000	0.000000	30.57732949020408	-96.35084452714288	200.00000000000000	1
107	0	3	16	0.000000	0.000000	0.000000	0.000000	30.57736208448979	-96.35103869857144	200.00000000000000	1
108	0	3	16	0.000000	0.000000	0.000000	0.000000	30.57727093265306	-96.35144236714284	200.00000000000000	1
109	0	3	16	0.000000	0.000000	0.000000	0.000000	30.57722711551020	-96.35157152999999	200.00000000000000	1
110	0	3	16	0.000000	0.000000	0.000000	0.000000	30.57703427551020	-96.35151071142856	200.00000000000000	1
111	0	3	16	0.000000	0.000000	0.000000	0.000000	30.57701228551020	-96.35147363571431	200.00000000000000	1
112	0	3	16	0.000000	0.000000	0.000000	0.000000	30.57705755122449	-96.35117603142859	200.00000000000000	1
113	0	3	16	0.000000	0.000000	0.000000	0.000000	30.57729022693877	-96.35096365285717	200.00000000000000	1
114	0	3	16	0.000000	0.000000	0.000000	0.000000	30.57731467265306	-96.35110928142859	200.00000000000000	1
115	0	3	16	0.000000	0.000000	0.000000	0.000000	30.57723810081633	-96.35140192142855	200.00000000000000	1
116	0	3	16	0.000000	0.000000	0.000000	0.000000	30.57720888938775	-96.35148802999998	200.00000000000000	1
117	0	3	16	0.000000	0.000000	0.000000	0.000000	30.57708032938775	-96.35144748428570	200.00000000000000	1
118	0	3	16	0.000000	0.000000	0.000000	0.000000	30.57706566938775	-96.35142276714289	200.00000000000000	1
119	0	3	16	0.000000	0.000000	0.000000	0.000000	30.57709584653061	-96.35122436428574	200.00000000000000	1
120	0	3	16	0.000000	0.000000	0.000000	0.000000	30.57725096367346	-96.35108277857147	200.00000000000000	1
121	0	3	16	0.000000	0.000000	0.000000	0.000000	30.57726726081632	-96.35117986428574	200.00000000000000	1
122	0	3	16	0.000000	0.000000	0.000000	0.000000	30.57720526897960	-96.35136147571426	200.00000000000000	1
123	0	3	16	0.000000	0.000000	0.000000	0.000000	30.57719066326530	-96.35140452999998	200.00000000000000	1
124	0	3	16	0.000000	0.000000	0.000000	0.000000	30.57712638326531	-96.35138425714284	200.00000000000000	1
125	0	3	16	0.000000	0.000000	0.000000	0.000000	30.57711905326530	-96.35137189857147	200.00000000000000	1
126	0	3	16	0.000000	0.000000	0.000000	0.000000	30.57713414183674	-96.35127269714289	200.00000000000000	1
127	0	3	16	0.000000	0.000000	0.000000	0.000000	30.57721170040816	-96.35120190428576	200.00000000000000	1
128	0	3	16	0.000000	0.000000	0.000000	0.000000	30.57721984897958	-96.35125044714289	200.00000000000000	1
129	0	3	16	0.000000	0.000000	0.000000	0.000000	30.57717243714286	-96.35132102999997	200.00000000000000	1
130	0	3	16	0.000000	0.000000	0.000000	0.000000	30.57690437000000	-96.35098270000000	200.00000000000000	1
131	0	3	16	0.000000	0.000000	0.000000	0.000000	30.57671833000000	-96.35097110000000	200.00000000000000	1
132	0	3	16	0.000000	0.000000	0.000000	0.000000	30.57708784000000	-96.35018888000000	200.00000000000000	1
133	0	3	16	0.000000	0.000000	0.000000	0.000000	30.57733216000000	-96.35033460000000	200.00000000000000	1
134	0	3	16	0.000000	0.000000	0.000000	0.000000	30.57744728000000	-96.35048715000001	200.00000000000000	1
135	0	3	16	0.000000	0.000000	0.000000	0.000000	30.57693203085714	-96.35092701228572	200.00000000000000	1
136	0	3	16	0.000000	0.000000	0.000000	0.000000	30.57677256800000	-96.35091706942856	200.00000000000000	1
137	0	3	16	0.000000	0.000000	0.000000	0.000000	30.57708929085715	-96.35024659514286	200.00000000000000	1
138	0	3	16	0.000000	0.000000	0.000000	0.000000	30.57729870800000	-96.35037149800000	200.00000000000000	1
139	0	3	16	0.000000	0.000000	0.000000	0.000000	30.57739738228572	-96.35050225514286	200.00000000000000	1
140	0	3	16	0.000000	0.000000	0.000000	0.000000	30.57695969171429	-96.35087132457144	200.00000000000000	1
141	0	3	16	0.000000	0.000000	0.000000	0.000000	30.57682680600000	-96.35086303885713	200.00000000000000	1
142	0	3	16	0.000000	0.000000	0.000000	0.000000	30.57709074171429	-96.35030431028572	200.00000000000000	1
143	0	3	16	0.000000	0.000000	0.000000	0.000000	30.57726525600000	-96.35040839600001	200.00000000000000	1
144	0	3	16	0.000000	0.000000	0.000000	0.000000	30.57734748457143	-96.35051736028571	200.00000000000000	1
145	0	3	16	0.000000	0.000000	0.000000	0.000000	30.57698735257143	-96.35081563685716	200.00000000000000	1
146	0	3	16	0.000000	0.000000	0.000000	0.000000	30.57688104400000	-96.35080900828569	200.00000000000000	1
147	0	3	16	0.000000	0.000000	0.000000	0.000000	30.57709219257143	-96.35036202542858	200.00000000000000	1
148	0	3	16	0.000000	0.000000	0.000000	0.000000	30.57723180400000	-96.35044529400001	200.00000000000000	1
149	0	3	16	0.000000	0.000000	0.000000	0.000000	30.57729758685715	-96.35053246542856	200.00000000000000	1
150	0	3	16	0.000000	0.000000	0.000000	0.000000	30.57701501342857	-96.35075994914288	200.00000000000000	1
151	0	3	16	0.000000	0.000000	0.000000	0.000000	30.57693528200000	-96.35075497771426	200.00000000000000	1
152	0	3	16	0.000000	0.000000	0.000000	0.000000	30.57709364342858	-96.35041974057144	200.00000000000000	1
153	0	3	16	0.000000	0.000000	0.000000	0.000000	30.57719835200000	-96.35048219200002	200.00000000000000	1
154	0	3	16	0.000000	0.000000	0.000000	0.000000	30.57724768914287	-96.35054757057141	200.00000000000000	1
155	0	3	16	0.000000	0.000000	0.000000	0.000000	30.57704267428571	-96.35070426142860	200.00000000000000	1
156	0	3	16	0.000000	0.000000	0.000000	0.000000	30.57698952000000	-96.35070094714283	200.00000000000000	1
157	0	3	16	0.000000	0.000000	0.000000	0.000000	30.57709509428572	-96.35047745571430	200.00000000000000	1
158	0	3	16	0.000000	0.000000	0.000000	0.000000	30.57716490000000	-96.35051909000002	200.00000000000000	1
159	0	3	16	0.000000	0.000000	0.000000	0.000000	30.57719779142858	-96.35056267571426	200.00000000000000	1
160	0	3	16	0.000000	0.000000	0.000000	0.000000	30.57707033514286	-96.35064857371432	200.00000000000000	1
161	0	3	16	0.000000	0.000000	0.000000	0.000000	30.57704375800000	-96.35064691657139	200.00000000000000	1
162	0	3	16	0.000000	0.000000	0.000000	0.000000	30.57709654514287	-96.35053517085716	200.00000000000000	1
163	0	3	16	0.000000	0.000000	0.000000	0.000000	30.57713144800000	-96.35055598800002	200.00000000000000	1
164	0	3	16	0.000000	0.000000	0.000000	0.000000	30.57714789371430	-96.35057778085711	200.00000000000000	1
165	0	3	16	0.000000	0.000000	0.000000	0.000000	30.57709799600000	-96.35059288600004	200.00000000000000	1
