QGC WPL 110
0	0	0	16	0.000000	0.000000	0.000000	0.000000	30.57783824000000	-96.35141908999999	200.00000000000000	1
1	0	3	16	0.000000	0.000000	0.000000	0.000000	30.57778188000000	-96.35181874000000	200.00000000000000	1
2	0	3	16	0.000000	0.000000	0.000000	0.000000	30.57744118000000	-96.35153522000000	200.00000000000000	1
3	0	3	16	0.000000	0.000000	0.000000	0.000000	30.57753701000000	-96.35141084999999	200.00000000000000	1
4	0	3	16	0.000000	0.000000	0.000000	0.000000	30.57781128821428	-96.35143721642856	200.00000000000000	1
5	0	3	16	0.000000	0.000000	0.000000	0.000000	30.57776297964286	-96.35177977357142	200.00000000000000	1
6	0	3	16	0.000000	0.000000	0.000000	0.000000	30.57747095107143	-96.35153675642857	200.00000000000000	1
7	0	3	16	0.000000	0.000000	0.000000	0.000000	30.57755309107143	-96.35143015357143	200.00000000000000	1
8	0	3	16	0.000000	0.000000	0.000000	0.000000	30.57778433642857	-96.35145534285714	200.00000000000000	1
9	0	3	16	0.000000	0.000000	0.000000	0.000000	30.57774407928571	-96.35174080714285	200.00000000000000	1
10	0	3	16	0.000000	0.000000	0.000000	0.000000	30.57750072214286	-96.35153829285714	200.00000000000000	1
11	0	3	16	0.000000	0.000000	0.000000	0.000000	30.57756917214286	-96.35144945714286	200.00000000000000	1
12	0	3	16	0.000000	0.000000	0.000000	0.000000	30.57775738464286	-96.35147346928571	200.00000000000000	1
13	0	3	16	0.000000	0.000000	0.000000	0.000000	30.57772517892857	-96.35170184071427	200.00000000000000	1
14	0	3	16	0.000000	0.000000	0.000000	0.000000	30.57753049321429	-96.35153982928571	200.00000000000000	1
15	0	3	16	0.000000	0.000000	0.000000	0.000000	30.57758525321429	-96.35146876071430	200.00000000000000	1
16	0	3	16	0.000000	0.000000	0.000000	0.000000	30.57773043285714	-96.35149159571428	200.00000000000000	1
17	0	3	16	0.000000	0.000000	0.000000	0.000000	30.57770627857142	-96.35166287428569	200.00000000000000	1
18	0	3	16	0.000000	0.000000	0.000000	0.000000	30.57756026428572	-96.35154136571428	200.00000000000000	1
19	0	3	16	0.000000	0.000000	0.000000	0.000000	30.57760133428572	-96.35148806428573	200.00000000000000	1
20	0	3	16	0.000000	0.000000	0.000000	0.000000	30.57770348107143	-96.35150972214285	200.00000000000000	1
21	0	3	16	0.000000	0.000000	0.000000	0.000000	30.57768737821428	-96.35162390785712	200.00000000000000	1
22	0	3	16	0.000000	0.000000	0.000000	0.000000	30.57759003535714	-96.35154290214285	200.00000000000000	1
23	0	3	16	0.000000	0.000000	0.000000	0.000000	30.57761741535715	-96.35150736785717	200.00000000000000	1
24	0	3	16	0.000000	0.000000	0.000000	0.000000	30.57767652928572	-96.35152784857142	200.00000000000000	1
25	0	3	16	0.000000	0.000000	0.000000	0.000000	30.57766847785713	-96.35158494142854	200.00000000000000	1
26	0	3	16	0.000000	0.000000	0.000000	0.000000	30.57761980642857	-96.35154443857142	200.00000000000000	1
27	0	3	16	0.000000	0.000000	0.000000	0.000000	30.57763349642858	-96.35152667142860	200.00000000000000	1
28	0	3	16	0.000000	0.000000	0.000000	0.000000	30.57764957750000	-96.35154597499999	200.00000000000000	1
29	0	3	16	0.000000	0.000000	0.000000	0.000000	30.57753701000000	-96.35141084999999	200.00000000000000	1
30	0	3	16	0.000000	0.000000	0.000000	0.000000	30.57828864000000	-96.35040298000000	200.00000000000000	1
31	0	3	16	0.000000	0.000000	0.000000	0.000000	30.57819338000000	-96.35132010000000	200.00000000000000	1
32	0	3	16	0.000000	0.000000	0.000000	0.000000	30.57783824000000	-96.35141908999999	200.00000000000000	1
33	0	3	16	0.000000	0.000000	0.000000	0.000000	30.57759805392857	-96.35137190785714	200.00000000000000	1
34	0	3	16	0.000000	0.000000	0.000000	0.000000	30.57824230821429	-96.35050801928571	200.00000000000000	1
35	0	3	16	0.000000	0.000000	0.000000	0.000000	30.57816065678571	-96.35129412214285	200.00000000000000	1
36	0	3	16	0.000000	0.000000	0.000000	0.000000	30.57785625107143	-96.35137897071428	200.00000000000000	1
37	0	3	16	0.000000	0.000000	0.000000	0.000000	30.57765909785714	-96.35133296571429	200.00000000000000	1
38	0	3	16	0.000000	0.000000	0.000000	0.000000	30.57819597642857	-96.35061305857143	200.00000000000000	1
39	0	3	16	0.000000	0.000000	0.000000	0.000000	30.57812793357143	-96.35126814428570	200.00000000000000	1
40	0	3	16	0.000000	0.000000	0.000000	0.000000	30.57787426214286	-96.35133885142857	200.00000000000000	1
41	0	3	16	0.000000	0.000000	0.000000	0.000000	30.57772014178571	-96.35129402357144	200.00000000000000	1
42	0	3	16	0.000000	0.000000	0.000000	0.000000	30.57814964464286	-96.35071809785714	200.00000000000000	1
43	0	3	16	0.000000	0.000000	0.000000	0.000000	30.57809521035714	-96.35124216642855	200.00000000000000	1
44	0	3	16	0.000000	0.000000	0.000000	0.000000	30.57789227321429	-96.35129873214285	200.00000000000000	1
45	0	3	16	0.000000	0.000000	0.000000	0.000000	30.57778118571429	-96.35125508142859	200.00000000000000	1
46	0	3	16	0.000000	0.000000	0.000000	0.000000	30.57810331285714	-96.35082313714285	200.00000000000000	1
47	0	3	16	0.000000	0.000000	0.000000	0.000000	30.57806248714286	-96.35121618857140	200.00000000000000	1
48	0	3	16	0.000000	0.000000	0.000000	0.000000	30.57791028428571	-96.35125861285714	200.00000000000000	1
49	0	3	16	0.000000	0.000000	0.000000	0.000000	30.57784222964286	-96.35121613928574	200.00000000000000	1
50	0	3	16	0.000000	0.000000	0.000000	0.000000	30.57805698107143	-96.35092817642857	200.00000000000000	1
51	0	3	16	0.000000	0.000000	0.000000	0.000000	30.57802976392857	-96.35119021071425	200.00000000000000	1
52	0	3	16	0.000000	0.000000	0.000000	0.000000	30.57792829535714	-96.35121849357142	200.00000000000000	1
53	0	3	16	0.000000	0.000000	0.000000	0.000000	30.57790327357143	-96.35117719714289	200.00000000000000	1
54	0	3	16	0.000000	0.000000	0.000000	0.000000	30.57801064928571	-96.35103321571428	200.00000000000000	1
55	0	3	16	0.000000	0.000000	0.000000	0.000000	30.57799704071428	-96.35116423285710	200.00000000000000	1
56	0	3	16	0.000000	0.000000	0.000000	0.000000	30.57794630642857	-96.35117837428571	200.00000000000000	1
57	0	3	16	0.000000	0.000000	0.000000	0.000000	30.57796431750000	-96.35113825500004	200.00000000000000	1
58	0	3	16	0.000000	0.000000	0.000000	0.000000	30.57753701000000	-96.35141084999999	200.00000000000000	1
59	0	3	16	0.000000	0.000000	0.000000	0.000000	30.57713227000000	-96.35166545000000	200.00000000000000	1
60	0	3	16	0.000000	0.000000	0.000000	0.000000	30.57693112000000	-96.35169184000000	200.00000000000000	1
61	0	3	16	0.000000	0.000000	0.000000	0.000000	30.57739735000000	-96.35085694000000	200.00000000000000	1
62	0	3	16	0.000000	0.000000	0.000000	0.000000	30.57794716000000	-96.35056231999999	200.00000000000000	1
63	0	3	16	0.000000	0.000000	0.000000	0.000000	30.57828864000000	-96.35040298000000	200.00000000000000	1
64	0	3	16	0.000000	0.000000	0.000000	0.000000	30.57753728357143	-96.35136621380951	200.00000000000000	1
65	0	3	16	0.000000	0.000000	0.000000	0.000000	30.57719036357143	-96.35158444238095	200.00000000000000	1
66	0	3	16	0.000000	0.000000	0.000000	0.000000	30.57701794928571	-96.35160706238095	200.00000000000000	1
67	0	3	16	0.000000	0.000000	0.000000	0.000000	30.57741757500000	-96.35089143380952	200.00000000000000	1
68	0	3	16	0.000000	0.000000	0.000000	0.000000	30.57788884071429	-96.35063890238095	200.00000000000000	1
69	0	3	16	0.000000	0.000000	0.000000	0.000000	30.57818153785714	-96.35050232523810	200.00000000000000	1
70	0	3	16	0.000000	0.000000	0.000000	0.000000	30.57753755714285	-96.35132157761903	200.00000000000000	1
71	0	3	16	0.000000	0.000000	0.000000	0.000000	30.57724845714286	-96.35150343476191	200.00000000000000	1
72	0	3	16	0.000000	0.000000	0.000000	0.000000	30.57710477857143	-96.35152228476190	200.00000000000000	1
73	0	3	16	0.000000	0.000000	0.000000	0.000000	30.57743780000000	-96.35092592761904	200.00000000000000	1
74	0	3	16	0.000000	0.000000	0.000000	0.000000	30.57783052142857	-96.35071548476191	200.00000000000000	1
75	0	3	16	0.000000	0.000000	0.000000	0.000000	30.57807443571429	-96.35060167047619	200.00000000000000	1
76	0	3	16	0.000000	0.000000	0.000000	0.000000	30.57753783071428	-96.35127694142855	200.00000000000000	1
77	0	3	16	0.000000	0.000000	0.000000	0.000000	30.57730655071429	-96.35142242714286	200.00000000000000	1
78	0	3	16	0.000000	0.000000	0.000000	0.000000	30.57719160785714	-96.35143750714285	200.00000000000000	1
79	0	3	16	0.000000	0.000000	0.000000	0.000000	30.57745802500000	-96.35096042142857	200.00000000000000	1
80	0	3	16	0.000000	0.000000	0.000000	0.000000	30.57777220214286	-96.35079206714286	200.00000000000000	1
81	0	3	16	0.000000	0.000000	0.000000	0.000000	30.57796733357143	-96.35070101571429	200.00000000000000	1
82	0	3	16	0.000000	0.000000	0.000000	0.000000	30.57753810428571	-96.35123230523807	200.00000000000000	1
83	0	3	16	0.000000	0.000000	0.000000	0.000000	30.57736464428572	-96.35134141952382	200.00000000000000	1
84	0	3	16	0.000000	0.000000	0.000000	0.000000	30.57727843714285	-96.35135272952380	200.00000000000000	1
85	0	3	16	0.000000	0.000000	0.000000	0.000000	30.57747825000000	-96.35099491523809	200.00000000000000	1
86	0	3	16	0.000000	0.000000	0.000000	0.000000	30.57771388285715	-96.35086864952382	200.00000000000000	1
87	0	3	16	0.000000	0.000000	0.000000	0.000000	30.57786023142858	-96.35080036095239	200.00000000000000	1
88	0	3	16	0.000000	0.000000	0.000000	0.000000	30.57753837785713	-96.35118766904759	200.00000000000000	1
89	0	3	16	0.000000	0.000000	0.000000	0.000000	30.57742273785714	-96.35126041190478	200.00000000000000	1
90	0	3	16	0.000000	0.000000	0.000000	0.000000	30.57736526642857	-96.35126795190475	200.00000000000000	1
91	0	3	16	0.000000	0.000000	0.000000	0.000000	30.57749847500000	-96.35102940904761	200.00000000000000	1
92	0	3	16	0.000000	0.000000	0.000000	0.000000	30.57765556357143	-96.35094523190477	200.00000000000000	1
93	0	3	16	0.000000	0.000000	0.000000	0.000000	30.57775312928572	-96.35089970619049	200.00000000000000	1
94	0	3	16	0.000000	0.000000	0.000000	0.000000	30.57753865142856	-96.35114303285711	200.00000000000000	1
95	0	3	16	0.000000	0.000000	0.000000	0.000000	30.57748083142857	-96.35117940428573	200.00000000000000	1
96	0	3	16	0.000000	0.000000	0.000000	0.000000	30.57745209571428	-96.35118317428569	200.00000000000000	1
97	0	3	16	0.000000	0.000000	0.000000	0.000000	30.57751870000000	-96.35106390285713	200.00000000000000	1
98	0	3	16	0.000000	0.000000	0.000000	0.000000	30.57759724428572	-96.35102181428573	200.00000000000000	1
99	0	3	16	0.000000	0.000000	0.000000	0.000000	30.57764602714287	-96.35099905142859	200.00000000000000	1
100	0	3	16	0.000000	0.000000	0.000000	0.000000	30.57753892499999	-96.35109839666663	200.00000000000000	1
101	0	3	16	0.000000	0.000000	0.000000	0.000000	30.57739735000000	-96.35085694000000	200.00000000000000	1
102	0	3	16	0.000000	0.000000	0.000000	0.000000	30.57718245000000	-96.35080626000000	200.00000000000000	1
103	0	3	16	0.000000	0.000000	0.000000	0.000000	30.57705674000000	-96.35019643000000	200.00000000000000	1
104	0	3	16	0.000000	0.000000	0.000000	0.000000	30.57772702000000	-96.35016872000000	200.00000000000000	1
105	0	3	16	0.000000	0.000000	0.000000	0.000000	30.57794716000000	-96.35056231999999	200.00000000000000	1
106	0	3	16	0.000000	0.000000	0.000000	0.000000	30.57740660628571	-96.35080853914286	200.00000000000000	1
107	0	3	16	0.000000	0.000000	0.000000	0.000000	30.57722240628571	-96.35076509914286	200.00000000000000	1
108	0	3	16	0.000000	0.000000	0.000000	0.000000	30.57711465485714	-96.35024238771429	200.00000000000000	1
109	0	3	16	0.000000	0.000000	0.000000	0.000000	30.57768918057143	-96.35021863628572	200.00000000000000	1
110	0	3	16	0.000000	0.000000	0.000000	0.000000	30.57787787200000	-96.35055600771427	200.00000000000000	1
111	0	3	16	0.000000	0.000000	0.000000	0.000000	30.57741586257143	-96.35076013828572	200.00000000000000	1
112	0	3	16	0.000000	0.000000	0.000000	0.000000	30.57726236257143	-96.35072393828573	200.00000000000000	1
113	0	3	16	0.000000	0.000000	0.000000	0.000000	30.57717256971428	-96.35028834542858	200.00000000000000	1
114	0	3	16	0.000000	0.000000	0.000000	0.000000	30.57765134114286	-96.35026855257144	200.00000000000000	1
115	0	3	16	0.000000	0.000000	0.000000	0.000000	30.57780858400000	-96.35054969542855	200.00000000000000	1
116	0	3	16	0.000000	0.000000	0.000000	0.000000	30.57742511885714	-96.35071173742858	200.00000000000000	1
117	0	3	16	0.000000	0.000000	0.000000	0.000000	30.57730231885714	-96.35068277742859	200.00000000000000	1
118	0	3	16	0.000000	0.000000	0.000000	0.000000	30.57723048457142	-96.35033430314287	200.00000000000000	1
119	0	3	16	0.000000	0.000000	0.000000	0.000000	30.57761350171429	-96.35031846885715	200.00000000000000	1
120	0	3	16	0.000000	0.000000	0.000000	0.000000	30.57773929600000	-96.35054338314283	200.00000000000000	1
121	0	3	16	0.000000	0.000000	0.000000	0.000000	30.57743437514286	-96.35066333657144	200.00000000000000	1
122	0	3	16	0.000000	0.000000	0.000000	0.000000	30.57734227514286	-96.35064161657145	200.00000000000000	1
123	0	3	16	0.000000	0.000000	0.000000	0.000000	30.57728839942856	-96.35038026085716	200.00000000000000	1
124	0	3	16	0.000000	0.000000	0.000000	0.000000	30.57757566228571	-96.35036838514287	200.00000000000000	1
125	0	3	16	0.000000	0.000000	0.000000	0.000000	30.57767000800001	-96.35053707085711	200.00000000000000	1
126	0	3	16	0.000000	0.000000	0.000000	0.000000	30.57744363142857	-96.35061493571430	200.00000000000000	1
127	0	3	16	0.000000	0.000000	0.000000	0.000000	30.57738223142857	-96.35060045571431	200.00000000000000	1
128	0	3	16	0.000000	0.000000	0.000000	0.000000	30.57734631428571	-96.35042621857146	200.00000000000000	1
129	0	3	16	0.000000	0.000000	0.000000	0.000000	30.57753782285714	-96.35041830142859	200.00000000000000	1
130	0	3	16	0.000000	0.000000	0.000000	0.000000	30.57760072000001	-96.35053075857140	200.00000000000000	1
131	0	3	16	0.000000	0.000000	0.000000	0.000000	30.57745288771429	-96.35056653485717	200.00000000000000	1
132	0	3	16	0.000000	0.000000	0.000000	0.000000	30.57742218771429	-96.35055929485718	200.00000000000000	1
133	0	3	16	0.000000	0.000000	0.000000	0.000000	30.57740422914285	-96.35047217628575	200.00000000000000	1
134	0	3	16	0.000000	0.000000	0.000000	0.000000	30.57749998342857	-96.35046821771431	200.00000000000000	1
135	0	3	16	0.000000	0.000000	0.000000	0.000000	30.57753143200001	-96.35052444628568	200.00000000000000	1
136	0	3	16	0.000000	0.000000	0.000000	0.000000	30.57746214400000	-96.35051813400003	200.00000000000000	1
137	0	3	16	0.000000	0.000000	0.000000	0.000000	30.57718245000000	-96.35080626000000	200.00000000000000	1
138	0	3	16	0.000000	0.000000	0.000000	0.000000	30.57675619000000	-96.35136082000000	200.00000000000000	1
139	0	3	16	0.000000	0.000000	0.000000	0.000000	30.57690253000000	-96.35044272000000	200.00000000000000	1
140	0	3	16	0.000000	0.000000	0.000000	0.000000	30.57705674000000	-96.35019643000000	200.00000000000000	1
141	0	3	16	0.000000	0.000000	0.000000	0.000000	30.57715273964286	-96.35079130250000	200.00000000000000	1
142	0	3	16	0.000000	0.000000	0.000000	0.000000	30.57678737392857	-96.35126663964286	200.00000000000000	1
143	0	3	16	0.000000	0.000000	0.000000	0.000000	30.57691280821429	-96.35047969678571	200.00000000000000	1
144	0	3	16	0.000000	0.000000	0.000000	0.000000	30.57704498821429	-96.35026859107143	200.00000000000000	1
145	0	3	16	0.000000	0.000000	0.000000	0.000000	30.57712302928571	-96.35077634500000	200.00000000000000	1
146	0	3	16	0.000000	0.000000	0.000000	0.000000	30.57681855785714	-96.35117245928572	200.00000000000000	1
147	0	3	16	0.000000	0.000000	0.000000	0.000000	30.57692308642858	-96.35051667357142	200.00000000000000	1
148	0	3	16	0.000000	0.000000	0.000000	0.000000	30.57703323642857	-96.35034075214286	200.00000000000000	1
149	0	3	16	0.000000	0.000000	0.000000	0.000000	30.57709331892857	-96.35076138750000	200.00000000000000	1
150	0	3	16	0.000000	0.000000	0.000000	0.000000	30.57684974178571	-96.35107827892858	200.00000000000000	1
151	0	3	16	0.000000	0.000000	0.000000	0.000000	30.57693336464286	-96.35055365035713	200.00000000000000	1
152	0	3	16	0.000000	0.000000	0.000000	0.000000	30.57702148464286	-96.35041291321429	200.00000000000000	1
153	0	3	16	0.000000	0.000000	0.000000	0.000000	30.57706360857143	-96.35074643000000	200.00000000000000	1
154	0	3	16	0.000000	0.000000	0.000000	0.000000	30.57688092571428	-96.35098409857144	200.00000000000000	1
155	0	3	16	0.000000	0.000000	0.000000	0.000000	30.57694364285715	-96.35059062714284	200.00000000000000	1
156	0	3	16	0.000000	0.000000	0.000000	0.000000	30.57700973285715	-96.35048507428571	200.00000000000000	1
157	0	3	16	0.000000	0.000000	0.000000	0.000000	30.57703389821428	-96.35073147250000	200.00000000000000	1
158	0	3	16	0.000000	0.000000	0.000000	0.000000	30.57691210964285	-96.35088991821431	200.00000000000000	1
159	0	3	16	0.000000	0.000000	0.000000	0.000000	30.57695392107144	-96.35062760392854	200.00000000000000	1
160	0	3	16	0.000000	0.000000	0.000000	0.000000	30.57699798107143	-96.35055723535714	200.00000000000000	1
161	0	3	16	0.000000	0.000000	0.000000	0.000000	30.57700418785714	-96.35071651500000	200.00000000000000	1
162	0	3	16	0.000000	0.000000	0.000000	0.000000	30.57694329357142	-96.35079573785717	200.00000000000000	1
163	0	3	16	0.000000	0.000000	0.000000	0.000000	30.57696419928572	-96.35066458071425	200.00000000000000	1
164	0	3	16	0.000000	0.000000	0.000000	0.000000	30.57698622928572	-96.35062939642857	200.00000000000000	1
165	0	3	16	0.000000	0.000000	0.000000	0.000000	30.57697447749999	-96.35070155750000	200.00000000000000	1
