QGC WPL 110
0	0	0	16	0.000000	0.000000	0.000000	0.000000	30.57749552000000	-96.35175400999999	200.00000000000000	1
1	0	3	16	0.000000	0.000000	0.000000	0.000000	30.57795472000000	-96.35169800000000	200.00000000000000	1
2	0	3	16	0.000000	0.000000	0.000000	0.000000	30.57811288000000	-96.35181159000000	200.00000000000000	1
3	0	3	16	0.000000	0.000000	0.000000	0.000000	30.57754678476190	-96.35175408476189	200.00000000000000	1
4	0	3	16	0.000000	0.000000	0.000000	0.000000	30.57794038476191	-96.35170607619048	200.00000000000000	1
5	0	3	16	0.000000	0.000000	0.000000	0.000000	30.57807595047619	-96.35180343904761	200.00000000000000	1
6	0	3	16	0.000000	0.000000	0.000000	0.000000	30.57759804952381	-96.35175415952379	200.00000000000000	1
7	0	3	16	0.000000	0.000000	0.000000	0.000000	30.57792604952381	-96.35171415238096	200.00000000000000	1
8	0	3	16	0.000000	0.000000	0.000000	0.000000	30.57803902095238	-96.35179528809523	200.00000000000000	1
9	0	3	16	0.000000	0.000000	0.000000	0.000000	30.57764931428571	-96.35175423428569	200.00000000000000	1
10	0	3	16	0.000000	0.000000	0.000000	0.000000	30.57791171428572	-96.35172222857145	200.00000000000000	1
11	0	3	16	0.000000	0.000000	0.000000	0.000000	30.57800209142857	-96.35178713714285	200.00000000000000	1
12	0	3	16	0.000000	0.000000	0.000000	0.000000	30.57770057904762	-96.35175430904759	200.00000000000000	1
13	0	3	16	0.000000	0.000000	0.000000	0.000000	30.57789737904762	-96.35173030476193	200.00000000000000	1
14	0	3	16	0.000000	0.000000	0.000000	0.000000	30.57796516190476	-96.35177898619047	200.00000000000000	1
15	0	3	16	0.000000	0.000000	0.000000	0.000000	30.57775184380952	-96.35175438380949	200.00000000000000	1
16	0	3	16	0.000000	0.000000	0.000000	0.000000	30.57788304380952	-96.35173838095241	200.00000000000000	1
17	0	3	16	0.000000	0.000000	0.000000	0.000000	30.57792823238096	-96.35177083523809	200.00000000000000	1
18	0	3	16	0.000000	0.000000	0.000000	0.000000	30.57780310857142	-96.35175445857139	200.00000000000000	1
19	0	3	16	0.000000	0.000000	0.000000	0.000000	30.57786870857143	-96.35174645714289	200.00000000000000	1
20	0	3	16	0.000000	0.000000	0.000000	0.000000	30.57789130285715	-96.35176268428570	200.00000000000000	1
21	0	3	16	0.000000	0.000000	0.000000	0.000000	30.57785437333333	-96.35175453333329	200.00000000000000	1
22	0	3	16	0.000000	0.000000	0.000000	0.000000	30.57795472000000	-96.35169800000000	200.00000000000000	1
23	0	3	16	0.000000	0.000000	0.000000	0.000000	30.57749552000000	-96.35175400999999	200.00000000000000	1
24	0	3	16	0.000000	0.000000	0.000000	0.000000	30.57775729000000	-96.35160197000000	200.00000000000000	1
25	0	3	16	0.000000	0.000000	0.000000	0.000000	30.57796787000000	-96.35161663000000	200.00000000000000	1
26	0	3	16	0.000000	0.000000	0.000000	0.000000	30.57793173857143	-96.35169366464285	200.00000000000000	1
27	0	3	16	0.000000	0.000000	0.000000	0.000000	30.57753813857143	-96.35174167321428	200.00000000000000	1
28	0	3	16	0.000000	0.000000	0.000000	0.000000	30.57776251285715	-96.35161135321430	200.00000000000000	1
29	0	3	16	0.000000	0.000000	0.000000	0.000000	30.57794301000000	-96.35162391892857	200.00000000000000	1
30	0	3	16	0.000000	0.000000	0.000000	0.000000	30.57790875714286	-96.35168932928570	200.00000000000000	1
31	0	3	16	0.000000	0.000000	0.000000	0.000000	30.57758075714285	-96.35172933642856	200.00000000000000	1
32	0	3	16	0.000000	0.000000	0.000000	0.000000	30.57776773571429	-96.35162073642859	200.00000000000000	1
33	0	3	16	0.000000	0.000000	0.000000	0.000000	30.57791815000000	-96.35163120785714	200.00000000000000	1
34	0	3	16	0.000000	0.000000	0.000000	0.000000	30.57788577571429	-96.35168499392856	200.00000000000000	1
35	0	3	16	0.000000	0.000000	0.000000	0.000000	30.57762337571428	-96.35171699964285	200.00000000000000	1
36	0	3	16	0.000000	0.000000	0.000000	0.000000	30.57777295857143	-96.35163011964288	200.00000000000000	1
37	0	3	16	0.000000	0.000000	0.000000	0.000000	30.57789329000000	-96.35163849678571	200.00000000000000	1
38	0	3	16	0.000000	0.000000	0.000000	0.000000	30.57786279428571	-96.35168065857141	200.00000000000000	1
39	0	3	16	0.000000	0.000000	0.000000	0.000000	30.57766599428571	-96.35170466285713	200.00000000000000	1
40	0	3	16	0.000000	0.000000	0.000000	0.000000	30.57777818142858	-96.35163950285717	200.00000000000000	1
41	0	3	16	0.000000	0.000000	0.000000	0.000000	30.57786843000000	-96.35164578571428	200.00000000000000	1
42	0	3	16	0.000000	0.000000	0.000000	0.000000	30.57783981285714	-96.35167632321426	200.00000000000000	1
43	0	3	16	0.000000	0.000000	0.000000	0.000000	30.57770861285714	-96.35169232607142	200.00000000000000	1
44	0	3	16	0.000000	0.000000	0.000000	0.000000	30.57778340428572	-96.35164888607146	200.00000000000000	1
45	0	3	16	0.000000	0.000000	0.000000	0.000000	30.57784357000000	-96.35165307464285	200.00000000000000	1
46	0	3	16	0.000000	0.000000	0.000000	0.000000	30.57781683142857	-96.35167198785712	200.00000000000000	1
47	0	3	16	0.000000	0.000000	0.000000	0.000000	30.57775123142856	-96.35167998928570	200.00000000000000	1
48	0	3	16	0.000000	0.000000	0.000000	0.000000	30.57778862714287	-96.35165826928575	200.00000000000000	1
49	0	3	16	0.000000	0.000000	0.000000	0.000000	30.57781871000000	-96.35166036357143	200.00000000000000	1
50	0	3	16	0.000000	0.000000	0.000000	0.000000	30.57779385000000	-96.35166765249997	200.00000000000000	1
51	0	3	16	0.000000	0.000000	0.000000	0.000000	30.57775729000000	-96.35160197000000	200.00000000000000	1
52	0	3	16	0.000000	0.000000	0.000000	0.000000	30.57774509000000	-96.35143351000001	200.00000000000000	1
53	0	3	16	0.000000	0.000000	0.000000	0.000000	30.57811213000000	-96.35020366000001	200.00000000000000	1
54	0	3	16	0.000000	0.000000	0.000000	0.000000	30.57829113000000	-96.35044116000000	200.00000000000000	1
55	0	3	16	0.000000	0.000000	0.000000	0.000000	30.57828104000000	-96.35049873000000	200.00000000000000	1
56	0	3	16	0.000000	0.000000	0.000000	0.000000	30.57796787000000	-96.35161663000000	200.00000000000000	1
57	0	3	16	0.000000	0.000000	0.000000	0.000000	30.57779564261905	-96.35151110904762	200.00000000000000	1
58	0	3	16	0.000000	0.000000	0.000000	0.000000	30.57778518547619	-96.35136671476191	200.00000000000000	1
59	0	3	16	0.000000	0.000000	0.000000	0.000000	30.57809979119048	-96.35031255761905	200.00000000000000	1
60	0	3	16	0.000000	0.000000	0.000000	0.000000	30.57825321976190	-96.35051612904762	200.00000000000000	1
61	0	3	16	0.000000	0.000000	0.000000	0.000000	30.57824457119048	-96.35056547476191	200.00000000000000	1
62	0	3	16	0.000000	0.000000	0.000000	0.000000	30.57797613976190	-96.35152367476191	200.00000000000000	1
63	0	3	16	0.000000	0.000000	0.000000	0.000000	30.57783399523809	-96.35142024809524	200.00000000000000	1
64	0	3	16	0.000000	0.000000	0.000000	0.000000	30.57782528095238	-96.35129991952381	200.00000000000000	1
65	0	3	16	0.000000	0.000000	0.000000	0.000000	30.57808745238096	-96.35042145523809	200.00000000000000	1
66	0	3	16	0.000000	0.000000	0.000000	0.000000	30.57821530952381	-96.35059109809524	200.00000000000000	1
67	0	3	16	0.000000	0.000000	0.000000	0.000000	30.57820810238096	-96.35063221952382	200.00000000000000	1
68	0	3	16	0.000000	0.000000	0.000000	0.000000	30.57798440952381	-96.35143071952382	200.00000000000000	1
69	0	3	16	0.000000	0.000000	0.000000	0.000000	30.57787234785714	-96.35132938714285	200.00000000000000	1
70	0	3	16	0.000000	0.000000	0.000000	0.000000	30.57786537642857	-96.35123312428571	200.00000000000000	1
71	0	3	16	0.000000	0.000000	0.000000	0.000000	30.57807511357143	-96.35053035285713	200.00000000000000	1
72	0	3	16	0.000000	0.000000	0.000000	0.000000	30.57817739928571	-96.35066606714285	200.00000000000000	1
73	0	3	16	0.000000	0.000000	0.000000	0.000000	30.57817163357143	-96.35069896428573	200.00000000000000	1
74	0	3	16	0.000000	0.000000	0.000000	0.000000	30.57799267928572	-96.35133776428573	200.00000000000000	1
75	0	3	16	0.000000	0.000000	0.000000	0.000000	30.57791070047619	-96.35123852619047	200.00000000000000	1
76	0	3	16	0.000000	0.000000	0.000000	0.000000	30.57790547190476	-96.35116632904762	200.00000000000000	1
77	0	3	16	0.000000	0.000000	0.000000	0.000000	30.57806277476191	-96.35063925047618	200.00000000000000	1
78	0	3	16	0.000000	0.000000	0.000000	0.000000	30.57813948904762	-96.35074103619047	200.00000000000000	1
79	0	3	16	0.000000	0.000000	0.000000	0.000000	30.57813516476191	-96.35076570904764	200.00000000000000	1
80	0	3	16	0.000000	0.000000	0.000000	0.000000	30.57800094904762	-96.35124480904764	200.00000000000000	1
81	0	3	16	0.000000	0.000000	0.000000	0.000000	30.57794905309524	-96.35114766523809	200.00000000000000	1
82	0	3	16	0.000000	0.000000	0.000000	0.000000	30.57794556738095	-96.35109953380952	200.00000000000000	1
83	0	3	16	0.000000	0.000000	0.000000	0.000000	30.57805043595239	-96.35074814809522	200.00000000000000	1
84	0	3	16	0.000000	0.000000	0.000000	0.000000	30.57810157880952	-96.35081600523809	200.00000000000000	1
85	0	3	16	0.000000	0.000000	0.000000	0.000000	30.57809869595239	-96.35083245380955	200.00000000000000	1
86	0	3	16	0.000000	0.000000	0.000000	0.000000	30.57800921880953	-96.35115185380955	200.00000000000000	1
87	0	3	16	0.000000	0.000000	0.000000	0.000000	30.57798740571428	-96.35105680428570	200.00000000000000	1
88	0	3	16	0.000000	0.000000	0.000000	0.000000	30.57798566285715	-96.35103273857142	200.00000000000000	1
89	0	3	16	0.000000	0.000000	0.000000	0.000000	30.57803809714287	-96.35085704571426	200.00000000000000	1
90	0	3	16	0.000000	0.000000	0.000000	0.000000	30.57806366857143	-96.35089097428570	200.00000000000000	1
91	0	3	16	0.000000	0.000000	0.000000	0.000000	30.57806222714287	-96.35089919857145	200.00000000000000	1
92	0	3	16	0.000000	0.000000	0.000000	0.000000	30.57801748857144	-96.35105889857147	200.00000000000000	1
93	0	3	16	0.000000	0.000000	0.000000	0.000000	30.57802575833333	-96.35096594333332	200.00000000000000	1
94	0	3	16	0.000000	0.000000	0.000000	0.000000	30.57774509000000	-96.35143351000001	200.00000000000000	1
95	0	3	16	0.000000	0.000000	0.000000	0.000000	30.57760144000000	-96.35144686000000	200.00000000000000	1
96	0	3	16	0.000000	0.000000	0.000000	0.000000	30.57693284000000	-96.35105091000000	200.00000000000000	1
97	0	3	16	0.000000	0.000000	0.000000	0.000000	30.57673791000000	-96.35091803000000	200.00000000000000	1
98	0	3	16	0.000000	0.000000	0.000000	0.000000	30.57658463000000	-96.35075083000000	200.00000000000000	1
99	0	3	16	0.000000	0.000000	0.000000	0.000000	30.57722709000000	-96.35030023000000	200.00000000000000	1
100	0	3	16	0.000000	0.000000	0.000000	0.000000	30.57811213000000	-96.35020366000001	200.00000000000000	1
101	0	3	16	0.000000	0.000000	0.000000	0.000000	30.57767826346939	-96.35135329489796	200.00000000000000	1
102	0	3	16	0.000000	0.000000	0.000000	0.000000	30.57755513489796	-96.35136473775511	200.00000000000000	1
103	0	3	16	0.000000	0.000000	0.000000	0.000000	30.57698204918367	-96.35102535204082	200.00000000000000	1
104	0	3	16	0.000000	0.000000	0.000000	0.000000	30.57681496632653	-96.35091145489797	200.00000000000000	1
105	0	3	16	0.000000	0.000000	0.000000	0.000000	30.57668358346939	-96.35076814061225	200.00000000000000	1
106	0	3	16	0.000000	0.000000	0.000000	0.000000	30.57723426346939	-96.35038191204082	200.00000000000000	1
107	0	3	16	0.000000	0.000000	0.000000	0.000000	30.57799286918367	-96.35029913775510	200.00000000000000	1
108	0	3	16	0.000000	0.000000	0.000000	0.000000	30.57761143693877	-96.35127307979592	200.00000000000000	1
109	0	3	16	0.000000	0.000000	0.000000	0.000000	30.57750882979591	-96.35128261551021	200.00000000000000	1
110	0	3	16	0.000000	0.000000	0.000000	0.000000	30.57703125836735	-96.35099979408164	200.00000000000000	1
111	0	3	16	0.000000	0.000000	0.000000	0.000000	30.57689202265306	-96.35090487979593	200.00000000000000	1
112	0	3	16	0.000000	0.000000	0.000000	0.000000	30.57678253693877	-96.35078545122450	200.00000000000000	1
113	0	3	16	0.000000	0.000000	0.000000	0.000000	30.57724143693878	-96.35046359408163	200.00000000000000	1
114	0	3	16	0.000000	0.000000	0.000000	0.000000	30.57787360836735	-96.35039461551020	200.00000000000000	1
115	0	3	16	0.000000	0.000000	0.000000	0.000000	30.57754461040816	-96.35119286469387	200.00000000000000	1
116	0	3	16	0.000000	0.000000	0.000000	0.000000	30.57746252469387	-96.35120049326532	200.00000000000000	1
117	0	3	16	0.000000	0.000000	0.000000	0.000000	30.57708046755102	-96.35097423612247	200.00000000000000	1
118	0	3	16	0.000000	0.000000	0.000000	0.000000	30.57696907897959	-96.35089830469390	200.00000000000000	1
119	0	3	16	0.000000	0.000000	0.000000	0.000000	30.57688149040816	-96.35080276183675	200.00000000000000	1
120	0	3	16	0.000000	0.000000	0.000000	0.000000	30.57724861040817	-96.35054527612245	200.00000000000000	1
121	0	3	16	0.000000	0.000000	0.000000	0.000000	30.57775434755102	-96.35049009326529	200.00000000000000	1
122	0	3	16	0.000000	0.000000	0.000000	0.000000	30.57747778387755	-96.35111264959183	200.00000000000000	1
123	0	3	16	0.000000	0.000000	0.000000	0.000000	30.57741621959183	-96.35111837102043	200.00000000000000	1
124	0	3	16	0.000000	0.000000	0.000000	0.000000	30.57712967673469	-96.35094867816329	200.00000000000000	1
125	0	3	16	0.000000	0.000000	0.000000	0.000000	30.57704613530613	-96.35089172959186	200.00000000000000	1
126	0	3	16	0.000000	0.000000	0.000000	0.000000	30.57698044387755	-96.35082007244900	200.00000000000000	1
127	0	3	16	0.000000	0.000000	0.000000	0.000000	30.57725578387755	-96.35062695816326	200.00000000000000	1
128	0	3	16	0.000000	0.000000	0.000000	0.000000	30.57763508673469	-96.35058557102039	200.00000000000000	1
129	0	3	16	0.000000	0.000000	0.000000	0.000000	30.57741095734693	-96.35103243448978	200.00000000000000	1
130	0	3	16	0.000000	0.000000	0.000000	0.000000	30.57736991448979	-96.35103624877554	200.00000000000000	1
131	0	3	16	0.000000	0.000000	0.000000	0.000000	30.57717888591836	-96.35092312020411	200.00000000000000	1
132	0	3	16	0.000000	0.000000	0.000000	0.000000	30.57712319163266	-96.35088515448983	200.00000000000000	1
133	0	3	16	0.000000	0.000000	0.000000	0.000000	30.57707939734693	-96.35083738306125	200.00000000000000	1
134	0	3	16	0.000000	0.000000	0.000000	0.000000	30.57726295734694	-96.35070864020408	200.00000000000000	1
135	0	3	16	0.000000	0.000000	0.000000	0.000000	30.57751582591837	-96.35068104877548	200.00000000000000	1
136	0	3	16	0.000000	0.000000	0.000000	0.000000	30.57734413081632	-96.35095221938774	200.00000000000000	1
137	0	3	16	0.000000	0.000000	0.000000	0.000000	30.57732360938774	-96.35095412653065	200.00000000000000	1
138	0	3	16	0.000000	0.000000	0.000000	0.000000	30.57722809510203	-96.35089756224494	200.00000000000000	1
139	0	3	16	0.000000	0.000000	0.000000	0.000000	30.57720024795919	-96.35087857938780	200.00000000000000	1
140	0	3	16	0.000000	0.000000	0.000000	0.000000	30.57717835081632	-96.35085469367350	200.00000000000000	1
141	0	3	16	0.000000	0.000000	0.000000	0.000000	30.57727013081633	-96.35079032224489	200.00000000000000	1
142	0	3	16	0.000000	0.000000	0.000000	0.000000	30.57739656510204	-96.35077652653058	200.00000000000000	1
143	0	3	16	0.000000	0.000000	0.000000	0.000000	30.57727730428571	-96.35087200428569	200.00000000000000	1
144	0	3	16	0.000000	0.000000	0.000000	0.000000	30.57693284000000	-96.35105091000000	200.00000000000000	1
145	0	3	16	0.000000	0.000000	0.000000	0.000000	30.57760144000000	-96.35144686000000	200.00000000000000	1
146	0	3	16	0.000000	0.000000	0.000000	0.000000	30.57705357000000	-96.35156899000000	200.00000000000000	1
147	0	3	16	0.000000	0.000000	0.000000	0.000000	30.57697042714286	-96.35109443523810	200.00000000000000	1
148	0	3	16	0.000000	0.000000	0.000000	0.000000	30.57754351285714	-96.35143382095238	200.00000000000000	1
149	0	3	16	0.000000	0.000000	0.000000	0.000000	30.57707391000000	-96.35153850380952	200.00000000000000	1
150	0	3	16	0.000000	0.000000	0.000000	0.000000	30.57700801428571	-96.35113796047619	200.00000000000000	1
151	0	3	16	0.000000	0.000000	0.000000	0.000000	30.57748558571428	-96.35142078190476	200.00000000000000	1
152	0	3	16	0.000000	0.000000	0.000000	0.000000	30.57709425000000	-96.35150801761904	200.00000000000000	1
153	0	3	16	0.000000	0.000000	0.000000	0.000000	30.57704560142857	-96.35118148571429	200.00000000000000	1
154	0	3	16	0.000000	0.000000	0.000000	0.000000	30.57742765857142	-96.35140774285715	200.00000000000000	1
155	0	3	16	0.000000	0.000000	0.000000	0.000000	30.57711459000000	-96.35147753142856	200.00000000000000	1
156	0	3	16	0.000000	0.000000	0.000000	0.000000	30.57708318857143	-96.35122501095239	200.00000000000000	1
157	0	3	16	0.000000	0.000000	0.000000	0.000000	30.57736973142856	-96.35139470380953	200.00000000000000	1
158	0	3	16	0.000000	0.000000	0.000000	0.000000	30.57713493000000	-96.35144704523807	200.00000000000000	1
159	0	3	16	0.000000	0.000000	0.000000	0.000000	30.57712077571428	-96.35126853619049	200.00000000000000	1
160	0	3	16	0.000000	0.000000	0.000000	0.000000	30.57731180428571	-96.35138166476192	200.00000000000000	1
161	0	3	16	0.000000	0.000000	0.000000	0.000000	30.57715527000000	-96.35141655904759	200.00000000000000	1
162	0	3	16	0.000000	0.000000	0.000000	0.000000	30.57715836285714	-96.35131206142859	200.00000000000000	1
163	0	3	16	0.000000	0.000000	0.000000	0.000000	30.57725387714285	-96.35136862571430	200.00000000000000	1
164	0	3	16	0.000000	0.000000	0.000000	0.000000	30.57717560999999	-96.35138607285711	200.00000000000000	1
165	0	3	16	0.000000	0.000000	0.000000	0.000000	30.57719594999999	-96.35135558666668	200.00000000000000	1
