QGC WPL 110
0	0	0	16	0.000000	0.000000	0.000000	0.000000	30.57691753000000	-96.35172134000000	200.00000000000000	1
1	0	3	16	0.000000	0.000000	0.000000	0.000000	30.57741824000000	-96.35176838000000	200.00000000000000	1
2	0	3	16	0.000000	0.000000	0.000000	0.000000	30.57779352000000	-96.35196689000000	200.00000000000000	1
3	0	3	16	0.000000	0.000000	0.000000	0.000000	30.57718259000000	-96.35211135999999	200.00000000000000	1
4	0	3	16	0.000000	0.000000	0.000000	0.000000	30.57660010000000	-96.35188092000000	200.00000000000000	1
5	0	3	16	0.000000	0.000000	0.000000	0.000000	30.57695536800000	-96.35174540257142	200.00000000000000	1
6	0	3	16	0.000000	0.000000	0.000000	0.000000	30.57738454800000	-96.35178572257142	200.00000000000000	1
7	0	3	16	0.000000	0.000000	0.000000	0.000000	30.57770621657143	-96.35195587400000	200.00000000000000	1
8	0	3	16	0.000000	0.000000	0.000000	0.000000	30.57718256228571	-96.35207970542857	200.00000000000000	1
9	0	3	16	0.000000	0.000000	0.000000	0.000000	30.57668328514286	-96.35188218542856	200.00000000000000	1
10	0	3	16	0.000000	0.000000	0.000000	0.000000	30.57699320600000	-96.35176946514285	200.00000000000000	1
11	0	3	16	0.000000	0.000000	0.000000	0.000000	30.57735085600000	-96.35180306514285	200.00000000000000	1
12	0	3	16	0.000000	0.000000	0.000000	0.000000	30.57761891314286	-96.35194485800000	200.00000000000000	1
13	0	3	16	0.000000	0.000000	0.000000	0.000000	30.57718253457143	-96.35204805085714	200.00000000000000	1
14	0	3	16	0.000000	0.000000	0.000000	0.000000	30.57676647028571	-96.35188345085713	200.00000000000000	1
15	0	3	16	0.000000	0.000000	0.000000	0.000000	30.57703104400000	-96.35179352771428	200.00000000000000	1
16	0	3	16	0.000000	0.000000	0.000000	0.000000	30.57731716400000	-96.35182040771427	200.00000000000000	1
17	0	3	16	0.000000	0.000000	0.000000	0.000000	30.57753160971428	-96.35193384199999	200.00000000000000	1
18	0	3	16	0.000000	0.000000	0.000000	0.000000	30.57718250685714	-96.35201639628571	200.00000000000000	1
19	0	3	16	0.000000	0.000000	0.000000	0.000000	30.57684965542857	-96.35188471628570	200.00000000000000	1
20	0	3	16	0.000000	0.000000	0.000000	0.000000	30.57706888200000	-96.35181759028571	200.00000000000000	1
21	0	3	16	0.000000	0.000000	0.000000	0.000000	30.57728347200000	-96.35183775028570	200.00000000000000	1
22	0	3	16	0.000000	0.000000	0.000000	0.000000	30.57744430628571	-96.35192282599999	200.00000000000000	1
23	0	3	16	0.000000	0.000000	0.000000	0.000000	30.57718247914286	-96.35198474171428	200.00000000000000	1
24	0	3	16	0.000000	0.000000	0.000000	0.000000	30.57693284057142	-96.35188598171426	200.00000000000000	1
25	0	3	16	0.000000	0.000000	0.000000	0.000000	30.57710672000000	-96.35184165285713	200.00000000000000	1
26	0	3	16	0.000000	0.000000	0.000000	0.000000	30.57724978000001	-96.35185509285712	200.00000000000000	1
27	0	3	16	0.000000	0.000000	0.000000	0.000000	30.57735700285714	-96.35191180999999	200.00000000000000	1
28	0	3	16	0.000000	0.000000	0.000000	0.000000	30.57718245142857	-96.35195308714285	200.00000000000000	1
29	0	3	16	0.000000	0.000000	0.000000	0.000000	30.57701602571428	-96.35188724714283	200.00000000000000	1
30	0	3	16	0.000000	0.000000	0.000000	0.000000	30.57714455800000	-96.35186571542856	200.00000000000000	1
31	0	3	16	0.000000	0.000000	0.000000	0.000000	30.57721608800001	-96.35187243542855	200.00000000000000	1
32	0	3	16	0.000000	0.000000	0.000000	0.000000	30.57726969942857	-96.35190079399999	200.00000000000000	1
33	0	3	16	0.000000	0.000000	0.000000	0.000000	30.57718242371428	-96.35192143257142	200.00000000000000	1
34	0	3	16	0.000000	0.000000	0.000000	0.000000	30.57709921085713	-96.35188851257139	200.00000000000000	1
35	0	3	16	0.000000	0.000000	0.000000	0.000000	30.57718239600000	-96.35188977799999	200.00000000000000	1
36	0	3	16	0.000000	0.000000	0.000000	0.000000	30.57691753000000	-96.35172134000000	200.00000000000000	1
37	0	3	16	0.000000	0.000000	0.000000	0.000000	30.57660010000000	-96.35188092000000	200.00000000000000	1
38	0	3	16	0.000000	0.000000	0.000000	0.000000	30.57658770000000	-96.35186741000000	200.00000000000000	1
39	0	3	16	0.000000	0.000000	0.000000	0.000000	30.57677995000000	-96.35151455000000	200.00000000000000	1
40	0	3	16	0.000000	0.000000	0.000000	0.000000	30.57725186000000	-96.35106560000000	200.00000000000000	1
41	0	3	16	0.000000	0.000000	0.000000	0.000000	30.57690465828571	-96.35170542914285	200.00000000000000	1
42	0	3	16	0.000000	0.000000	0.000000	0.000000	30.57663257542857	-96.35184221199999	200.00000000000000	1
43	0	3	16	0.000000	0.000000	0.000000	0.000000	30.57662194685714	-96.35183063200000	200.00000000000000	1
44	0	3	16	0.000000	0.000000	0.000000	0.000000	30.57678673257143	-96.35152818057144	200.00000000000000	1
45	0	3	16	0.000000	0.000000	0.000000	0.000000	30.57719122685714	-96.35114336628571	200.00000000000000	1
46	0	3	16	0.000000	0.000000	0.000000	0.000000	30.57689178657143	-96.35168951828571	200.00000000000000	1
47	0	3	16	0.000000	0.000000	0.000000	0.000000	30.57666505085714	-96.35180350399999	200.00000000000000	1
48	0	3	16	0.000000	0.000000	0.000000	0.000000	30.57665619371429	-96.35179385400001	200.00000000000000	1
49	0	3	16	0.000000	0.000000	0.000000	0.000000	30.57679351514286	-96.35154181114287	200.00000000000000	1
50	0	3	16	0.000000	0.000000	0.000000	0.000000	30.57713059371428	-96.35122113257142	200.00000000000000	1
51	0	3	16	0.000000	0.000000	0.000000	0.000000	30.57687891485714	-96.35167360742857	200.00000000000000	1
52	0	3	16	0.000000	0.000000	0.000000	0.000000	30.57669752628572	-96.35176479599998	200.00000000000000	1
53	0	3	16	0.000000	0.000000	0.000000	0.000000	30.57669044057143	-96.35175707600001	200.00000000000000	1
54	0	3	16	0.000000	0.000000	0.000000	0.000000	30.57680029771429	-96.35155544171430	200.00000000000000	1
55	0	3	16	0.000000	0.000000	0.000000	0.000000	30.57706996057142	-96.35129889885714	200.00000000000000	1
56	0	3	16	0.000000	0.000000	0.000000	0.000000	30.57686604314285	-96.35165769657142	200.00000000000000	1
57	0	3	16	0.000000	0.000000	0.000000	0.000000	30.57673000171429	-96.35172608799998	200.00000000000000	1
58	0	3	16	0.000000	0.000000	0.000000	0.000000	30.57672468742858	-96.35172029800002	200.00000000000000	1
59	0	3	16	0.000000	0.000000	0.000000	0.000000	30.57680708028571	-96.35156907228573	200.00000000000000	1
60	0	3	16	0.000000	0.000000	0.000000	0.000000	30.57700932742857	-96.35137666514285	200.00000000000000	1
61	0	3	16	0.000000	0.000000	0.000000	0.000000	30.57685317142857	-96.35164178571428	200.00000000000000	1
62	0	3	16	0.000000	0.000000	0.000000	0.000000	30.57676247714286	-96.35168737999997	200.00000000000000	1
63	0	3	16	0.000000	0.000000	0.000000	0.000000	30.57675893428572	-96.35168352000002	200.00000000000000	1
64	0	3	16	0.000000	0.000000	0.000000	0.000000	30.57681386285714	-96.35158270285716	200.00000000000000	1
65	0	3	16	0.000000	0.000000	0.000000	0.000000	30.57694869428571	-96.35145443142856	200.00000000000000	1
66	0	3	16	0.000000	0.000000	0.000000	0.000000	30.57684029971428	-96.35162587485713	200.00000000000000	1
67	0	3	16	0.000000	0.000000	0.000000	0.000000	30.57679495257143	-96.35164867199997	200.00000000000000	1
68	0	3	16	0.000000	0.000000	0.000000	0.000000	30.57679318114286	-96.35164674200003	200.00000000000000	1
69	0	3	16	0.000000	0.000000	0.000000	0.000000	30.57682064542857	-96.35159633342859	200.00000000000000	1
70	0	3	16	0.000000	0.000000	0.000000	0.000000	30.57688806114285	-96.35153219771428	200.00000000000000	1
71	0	3	16	0.000000	0.000000	0.000000	0.000000	30.57682742799999	-96.35160996399999	200.00000000000000	1
72	0	3	16	0.000000	0.000000	0.000000	0.000000	30.57677995000000	-96.35151455000000	200.00000000000000	1
73	0	3	16	0.000000	0.000000	0.000000	0.000000	30.57747963000000	-96.35015103000001	200.00000000000000	1
74	0	3	16	0.000000	0.000000	0.000000	0.000000	30.57725186000000	-96.35106560000000	200.00000000000000	1
75	0	3	16	0.000000	0.000000	0.000000	0.000000	30.57683574000000	-96.35142824190477	200.00000000000000	1
76	0	3	16	0.000000	0.000000	0.000000	0.000000	30.57743546571428	-96.35025951047619	200.00000000000000	1
77	0	3	16	0.000000	0.000000	0.000000	0.000000	30.57724023428571	-96.35104342761905	200.00000000000000	1
78	0	3	16	0.000000	0.000000	0.000000	0.000000	30.57689153000000	-96.35134193380954	200.00000000000000	1
79	0	3	16	0.000000	0.000000	0.000000	0.000000	30.57739130142857	-96.35036799095238	200.00000000000000	1
80	0	3	16	0.000000	0.000000	0.000000	0.000000	30.57722860857143	-96.35102125523809	200.00000000000000	1
81	0	3	16	0.000000	0.000000	0.000000	0.000000	30.57694732000000	-96.35125562571430	200.00000000000000	1
82	0	3	16	0.000000	0.000000	0.000000	0.000000	30.57734713714285	-96.35047647142856	200.00000000000000	1
83	0	3	16	0.000000	0.000000	0.000000	0.000000	30.57721698285714	-96.35099908285714	200.00000000000000	1
84	0	3	16	0.000000	0.000000	0.000000	0.000000	30.57700311000000	-96.35116931761907	200.00000000000000	1
85	0	3	16	0.000000	0.000000	0.000000	0.000000	30.57730297285714	-96.35058495190475	200.00000000000000	1
86	0	3	16	0.000000	0.000000	0.000000	0.000000	30.57720535714286	-96.35097691047619	200.00000000000000	1
87	0	3	16	0.000000	0.000000	0.000000	0.000000	30.57705890000000	-96.35108300952383	200.00000000000000	1
88	0	3	16	0.000000	0.000000	0.000000	0.000000	30.57725880857143	-96.35069343238094	200.00000000000000	1
89	0	3	16	0.000000	0.000000	0.000000	0.000000	30.57719373142857	-96.35095473809524	200.00000000000000	1
90	0	3	16	0.000000	0.000000	0.000000	0.000000	30.57711469000001	-96.35099670142860	200.00000000000000	1
91	0	3	16	0.000000	0.000000	0.000000	0.000000	30.57721464428571	-96.35080191285712	200.00000000000000	1
92	0	3	16	0.000000	0.000000	0.000000	0.000000	30.57718210571428	-96.35093256571429	200.00000000000000	1
93	0	3	16	0.000000	0.000000	0.000000	0.000000	30.57717048000001	-96.35091039333336	200.00000000000000	1
94	0	3	16	0.000000	0.000000	0.000000	0.000000	30.57725186000000	-96.35106560000000	200.00000000000000	1
95	0	3	16	0.000000	0.000000	0.000000	0.000000	30.57747963000000	-96.35015103000001	200.00000000000000	1
96	0	3	16	0.000000	0.000000	0.000000	0.000000	30.57758408000000	-96.35016267000000	200.00000000000000	1
97	0	3	16	0.000000	0.000000	0.000000	0.000000	30.57762953000000	-96.35048684000000	200.00000000000000	1
98	0	3	16	0.000000	0.000000	0.000000	0.000000	30.57762029000000	-96.35106008000000	200.00000000000000	1
99	0	3	16	0.000000	0.000000	0.000000	0.000000	30.57728917685714	-96.35099697771429	200.00000000000000	1
100	0	3	16	0.000000	0.000000	0.000000	0.000000	30.57748440828571	-96.35021306057143	200.00000000000000	1
101	0	3	16	0.000000	0.000000	0.000000	0.000000	30.57757393685714	-96.35022303771429	200.00000000000000	1
102	0	3	16	0.000000	0.000000	0.000000	0.000000	30.57761289400000	-96.35050089771428	200.00000000000000	1
103	0	3	16	0.000000	0.000000	0.000000	0.000000	30.57760497400000	-96.35099224628571	200.00000000000000	1
104	0	3	16	0.000000	0.000000	0.000000	0.000000	30.57732649371428	-96.35092835542858	200.00000000000000	1
105	0	3	16	0.000000	0.000000	0.000000	0.000000	30.57748918657143	-96.35027509114286	200.00000000000000	1
106	0	3	16	0.000000	0.000000	0.000000	0.000000	30.57756379371428	-96.35028340542857	200.00000000000000	1
107	0	3	16	0.000000	0.000000	0.000000	0.000000	30.57759625800000	-96.35051495542857	200.00000000000000	1
108	0	3	16	0.000000	0.000000	0.000000	0.000000	30.57758965800000	-96.35092441257143	200.00000000000000	1
109	0	3	16	0.000000	0.000000	0.000000	0.000000	30.57736381057143	-96.35085973314287	200.00000000000000	1
110	0	3	16	0.000000	0.000000	0.000000	0.000000	30.57749396485714	-96.35033712171429	200.00000000000000	1
111	0	3	16	0.000000	0.000000	0.000000	0.000000	30.57755365057142	-96.35034377314285	200.00000000000000	1
112	0	3	16	0.000000	0.000000	0.000000	0.000000	30.57757962199999	-96.35052901314285	200.00000000000000	1
113	0	3	16	0.000000	0.000000	0.000000	0.000000	30.57757434200000	-96.35085657885715	200.00000000000000	1
114	0	3	16	0.000000	0.000000	0.000000	0.000000	30.57740112742857	-96.35079111085716	200.00000000000000	1
115	0	3	16	0.000000	0.000000	0.000000	0.000000	30.57749874314285	-96.35039915228572	200.00000000000000	1
116	0	3	16	0.000000	0.000000	0.000000	0.000000	30.57754350742857	-96.35040414085714	200.00000000000000	1
117	0	3	16	0.000000	0.000000	0.000000	0.000000	30.57756298599999	-96.35054307085713	200.00000000000000	1
118	0	3	16	0.000000	0.000000	0.000000	0.000000	30.57755902600000	-96.35078874514286	200.00000000000000	1
119	0	3	16	0.000000	0.000000	0.000000	0.000000	30.57743844428571	-96.35072248857145	200.00000000000000	1
120	0	3	16	0.000000	0.000000	0.000000	0.000000	30.57750352142857	-96.35046118285715	200.00000000000000	1
121	0	3	16	0.000000	0.000000	0.000000	0.000000	30.57753336428571	-96.35046450857142	200.00000000000000	1
122	0	3	16	0.000000	0.000000	0.000000	0.000000	30.57754634999999	-96.35055712857141	200.00000000000000	1
123	0	3	16	0.000000	0.000000	0.000000	0.000000	30.57754371000000	-96.35072091142858	200.00000000000000	1
124	0	3	16	0.000000	0.000000	0.000000	0.000000	30.57747576114285	-96.35065386628574	200.00000000000000	1
125	0	3	16	0.000000	0.000000	0.000000	0.000000	30.57750829971428	-96.35052321342857	200.00000000000000	1
126	0	3	16	0.000000	0.000000	0.000000	0.000000	30.57752322114285	-96.35052487628570	200.00000000000000	1
127	0	3	16	0.000000	0.000000	0.000000	0.000000	30.57752971399999	-96.35057118628569	200.00000000000000	1
128	0	3	16	0.000000	0.000000	0.000000	0.000000	30.57752839400001	-96.35065307771430	200.00000000000000	1
129	0	3	16	0.000000	0.000000	0.000000	0.000000	30.57751307800000	-96.35058524400003	200.00000000000000	1
130	0	3	16	0.000000	0.000000	0.000000	0.000000	30.57762953000000	-96.35048684000000	200.00000000000000	1
131	0	3	16	0.000000	0.000000	0.000000	0.000000	30.57792920000000	-96.35036984000000	200.00000000000000	1
132	0	3	16	0.000000	0.000000	0.000000	0.000000	30.57833797000000	-96.35120458000000	200.00000000000000	1
133	0	3	16	0.000000	0.000000	0.000000	0.000000	30.57841535000000	-96.35175018000000	200.00000000000000	1
134	0	3	16	0.000000	0.000000	0.000000	0.000000	30.57762029000000	-96.35106008000000	200.00000000000000	1
135	0	3	16	0.000000	0.000000	0.000000	0.000000	30.57768052114286	-96.35055647771429	200.00000000000000	1
136	0	3	16	0.000000	0.000000	0.000000	0.000000	30.57793738114286	-96.35045619200000	200.00000000000000	1
137	0	3	16	0.000000	0.000000	0.000000	0.000000	30.57828775542857	-96.35117168342857	200.00000000000000	1
138	0	3	16	0.000000	0.000000	0.000000	0.000000	30.57835408114286	-96.35163934057142	200.00000000000000	1
139	0	3	16	0.000000	0.000000	0.000000	0.000000	30.57767260114285	-96.35104782628571	200.00000000000000	1
140	0	3	16	0.000000	0.000000	0.000000	0.000000	30.57773151228571	-96.35062611542858	200.00000000000000	1
141	0	3	16	0.000000	0.000000	0.000000	0.000000	30.57794556228571	-96.35054254399999	200.00000000000000	1
142	0	3	16	0.000000	0.000000	0.000000	0.000000	30.57823754085715	-96.35113878685715	200.00000000000000	1
143	0	3	16	0.000000	0.000000	0.000000	0.000000	30.57829281228572	-96.35152850114285	200.00000000000000	1
144	0	3	16	0.000000	0.000000	0.000000	0.000000	30.57772491228571	-96.35103557257142	200.00000000000000	1
145	0	3	16	0.000000	0.000000	0.000000	0.000000	30.57778250342857	-96.35069575314287	200.00000000000000	1
146	0	3	16	0.000000	0.000000	0.000000	0.000000	30.57795374342857	-96.35062889599999	200.00000000000000	1
147	0	3	16	0.000000	0.000000	0.000000	0.000000	30.57818732628572	-96.35110589028572	200.00000000000000	1
148	0	3	16	0.000000	0.000000	0.000000	0.000000	30.57823154342858	-96.35141766171428	200.00000000000000	1
149	0	3	16	0.000000	0.000000	0.000000	0.000000	30.57777722342857	-96.35102331885713	200.00000000000000	1
150	0	3	16	0.000000	0.000000	0.000000	0.000000	30.57783349457143	-96.35076539085716	200.00000000000000	1
151	0	3	16	0.000000	0.000000	0.000000	0.000000	30.57796192457143	-96.35071524799999	200.00000000000000	1
152	0	3	16	0.000000	0.000000	0.000000	0.000000	30.57813711171429	-96.35107299371430	200.00000000000000	1
153	0	3	16	0.000000	0.000000	0.000000	0.000000	30.57817027457143	-96.35130682228571	200.00000000000000	1
154	0	3	16	0.000000	0.000000	0.000000	0.000000	30.57782953457142	-96.35101106514284	200.00000000000000	1
155	0	3	16	0.000000	0.000000	0.000000	0.000000	30.57788448571428	-96.35083502857145	200.00000000000000	1
156	0	3	16	0.000000	0.000000	0.000000	0.000000	30.57797010571428	-96.35080159999998	200.00000000000000	1
157	0	3	16	0.000000	0.000000	0.000000	0.000000	30.57808689714286	-96.35104009714287	200.00000000000000	1
158	0	3	16	0.000000	0.000000	0.000000	0.000000	30.57810900571429	-96.35119598285713	200.00000000000000	1
159	0	3	16	0.000000	0.000000	0.000000	0.000000	30.57788184571428	-96.35099881142855	200.00000000000000	1
160	0	3	16	0.000000	0.000000	0.000000	0.000000	30.57793547685714	-96.35090466628574	200.00000000000000	1
161	0	3	16	0.000000	0.000000	0.000000	0.000000	30.57797828685714	-96.35088795199998	200.00000000000000	1
162	0	3	16	0.000000	0.000000	0.000000	0.000000	30.57803668257144	-96.35100720057144	200.00000000000000	1
163	0	3	16	0.000000	0.000000	0.000000	0.000000	30.57804773685715	-96.35108514342856	200.00000000000000	1
164	0	3	16	0.000000	0.000000	0.000000	0.000000	30.57793415685713	-96.35098655771426	200.00000000000000	1
165	0	3	16	0.000000	0.000000	0.000000	0.000000	30.57798646800000	-96.35097430400003	200.00000000000000	1
