QGC WPL 110
0	0	0	16	0.000000	0.000000	0.000000	0.000000	30.57764523000000	-96.35094413000000	200.00000000000000	1
1	0	3	16	0.000000	0.000000	0.000000	0.000000	30.57744927000000	-96.35139246999999	200.00000000000000	1
2	0	3	16	0.000000	0.000000	0.000000	0.000000	30.57654085000000	-96.35210979000000	200.00000000000000	1
3	0	3	16	0.000000	0.000000	0.000000	0.000000	30.57670390000000	-96.35088450000001	200.00000000000000	1
4	0	3	16	0.000000	0.000000	0.000000	0.000000	30.57770330000000	-96.35062103000000	200.00000000000000	1
5	0	3	16	0.000000	0.000000	0.000000	0.000000	30.57758284142857	-96.35097930914286	200.00000000000000	1
6	0	3	16	0.000000	0.000000	0.000000	0.000000	30.57741487571429	-96.35136360057142	200.00000000000000	1
7	0	3	16	0.000000	0.000000	0.000000	0.000000	30.57663623000000	-96.35197844628571	200.00000000000000	1
8	0	3	16	0.000000	0.000000	0.000000	0.000000	30.57677598714286	-96.35092819771430	200.00000000000000	1
9	0	3	16	0.000000	0.000000	0.000000	0.000000	30.57763261571429	-96.35070236628572	200.00000000000000	1
10	0	3	16	0.000000	0.000000	0.000000	0.000000	30.57752045285714	-96.35101448828571	200.00000000000000	1
11	0	3	16	0.000000	0.000000	0.000000	0.000000	30.57738048142857	-96.35133473114284	200.00000000000000	1
12	0	3	16	0.000000	0.000000	0.000000	0.000000	30.57673161000000	-96.35184710257143	200.00000000000000	1
13	0	3	16	0.000000	0.000000	0.000000	0.000000	30.57684807428571	-96.35097189542859	200.00000000000000	1
14	0	3	16	0.000000	0.000000	0.000000	0.000000	30.57756193142857	-96.35078370257143	200.00000000000000	1
15	0	3	16	0.000000	0.000000	0.000000	0.000000	30.57745806428571	-96.35104966742857	200.00000000000000	1
16	0	3	16	0.000000	0.000000	0.000000	0.000000	30.57734608714286	-96.35130586171427	200.00000000000000	1
17	0	3	16	0.000000	0.000000	0.000000	0.000000	30.57682699000000	-96.35171575885714	200.00000000000000	1
18	0	3	16	0.000000	0.000000	0.000000	0.000000	30.57692016142857	-96.35101559314288	200.00000000000000	1
19	0	3	16	0.000000	0.000000	0.000000	0.000000	30.57749124714286	-96.35086503885715	200.00000000000000	1
20	0	3	16	0.000000	0.000000	0.000000	0.000000	30.57739567571429	-96.35108484657142	200.00000000000000	1
21	0	3	16	0.000000	0.000000	0.000000	0.000000	30.57731169285715	-96.35127699228569	200.00000000000000	1
22	0	3	16	0.000000	0.000000	0.000000	0.000000	30.57692237000001	-96.35158441514285	200.00000000000000	1
23	0	3	16	0.000000	0.000000	0.000000	0.000000	30.57699224857143	-96.35105929085717	200.00000000000000	1
24	0	3	16	0.000000	0.000000	0.000000	0.000000	30.57742056285715	-96.35094637514287	200.00000000000000	1
25	0	3	16	0.000000	0.000000	0.000000	0.000000	30.57733328714286	-96.35112002571428	200.00000000000000	1
26	0	3	16	0.000000	0.000000	0.000000	0.000000	30.57727729857143	-96.35124812285711	200.00000000000000	1
27	0	3	16	0.000000	0.000000	0.000000	0.000000	30.57701775000001	-96.35145307142857	200.00000000000000	1
28	0	3	16	0.000000	0.000000	0.000000	0.000000	30.57706433571429	-96.35110298857145	200.00000000000000	1
29	0	3	16	0.000000	0.000000	0.000000	0.000000	30.57734987857143	-96.35102771142859	200.00000000000000	1
30	0	3	16	0.000000	0.000000	0.000000	0.000000	30.57727089857143	-96.35115520485714	200.00000000000000	1
31	0	3	16	0.000000	0.000000	0.000000	0.000000	30.57724290428572	-96.35121925342854	200.00000000000000	1
32	0	3	16	0.000000	0.000000	0.000000	0.000000	30.57711313000001	-96.35132172771428	200.00000000000000	1
33	0	3	16	0.000000	0.000000	0.000000	0.000000	30.57713642285714	-96.35114668628574	200.00000000000000	1
34	0	3	16	0.000000	0.000000	0.000000	0.000000	30.57727919428572	-96.35110904771430	200.00000000000000	1
35	0	3	16	0.000000	0.000000	0.000000	0.000000	30.57720851000000	-96.35119038399999	200.00000000000000	1
36	0	3	16	0.000000	0.000000	0.000000	0.000000	30.57770330000000	-96.35062103000000	200.00000000000000	1
37	0	3	16	0.000000	0.000000	0.000000	0.000000	30.57807729000000	-96.35028278999999	200.00000000000000	1
38	0	3	16	0.000000	0.000000	0.000000	0.000000	30.57829750000000	-96.35081697000000	200.00000000000000	1
39	0	3	16	0.000000	0.000000	0.000000	0.000000	30.57815520000000	-96.35083238999999	200.00000000000000	1
40	0	3	16	0.000000	0.000000	0.000000	0.000000	30.57767650000000	-96.35085382000000	200.00000000000000	1
41	0	3	16	0.000000	0.000000	0.000000	0.000000	30.57774310828571	-96.35062965428571	200.00000000000000	1
42	0	3	16	0.000000	0.000000	0.000000	0.000000	30.57806367114286	-96.35033973428571	200.00000000000000	1
43	0	3	16	0.000000	0.000000	0.000000	0.000000	30.57825242257143	-96.35079760285714	200.00000000000000	1
44	0	3	16	0.000000	0.000000	0.000000	0.000000	30.57813045114286	-96.35081081999999	200.00000000000000	1
45	0	3	16	0.000000	0.000000	0.000000	0.000000	30.57772013685714	-96.35082918857142	200.00000000000000	1
46	0	3	16	0.000000	0.000000	0.000000	0.000000	30.57778291657143	-96.35063827857142	200.00000000000000	1
47	0	3	16	0.000000	0.000000	0.000000	0.000000	30.57805005228571	-96.35039667857143	200.00000000000000	1
48	0	3	16	0.000000	0.000000	0.000000	0.000000	30.57820734514286	-96.35077823571429	200.00000000000000	1
49	0	3	16	0.000000	0.000000	0.000000	0.000000	30.57810570228571	-96.35078924999999	200.00000000000000	1
50	0	3	16	0.000000	0.000000	0.000000	0.000000	30.57776377371428	-96.35080455714285	200.00000000000000	1
51	0	3	16	0.000000	0.000000	0.000000	0.000000	30.57782272485714	-96.35064690285714	200.00000000000000	1
52	0	3	16	0.000000	0.000000	0.000000	0.000000	30.57803643342857	-96.35045362285715	200.00000000000000	1
53	0	3	16	0.000000	0.000000	0.000000	0.000000	30.57816226771429	-96.35075886857143	200.00000000000000	1
54	0	3	16	0.000000	0.000000	0.000000	0.000000	30.57808095342857	-96.35076767999999	200.00000000000000	1
55	0	3	16	0.000000	0.000000	0.000000	0.000000	30.57780741057143	-96.35077992571428	200.00000000000000	1
56	0	3	16	0.000000	0.000000	0.000000	0.000000	30.57786253314285	-96.35065552714285	200.00000000000000	1
57	0	3	16	0.000000	0.000000	0.000000	0.000000	30.57802281457143	-96.35051056714286	200.00000000000000	1
58	0	3	16	0.000000	0.000000	0.000000	0.000000	30.57811719028572	-96.35073950142858	200.00000000000000	1
59	0	3	16	0.000000	0.000000	0.000000	0.000000	30.57805620457143	-96.35074610999999	200.00000000000000	1
60	0	3	16	0.000000	0.000000	0.000000	0.000000	30.57785104742857	-96.35075529428570	200.00000000000000	1
61	0	3	16	0.000000	0.000000	0.000000	0.000000	30.57790234142857	-96.35066415142856	200.00000000000000	1
62	0	3	16	0.000000	0.000000	0.000000	0.000000	30.57800919571429	-96.35056751142858	200.00000000000000	1
63	0	3	16	0.000000	0.000000	0.000000	0.000000	30.57807211285715	-96.35072013428572	200.00000000000000	1
64	0	3	16	0.000000	0.000000	0.000000	0.000000	30.57803145571429	-96.35072453999999	200.00000000000000	1
65	0	3	16	0.000000	0.000000	0.000000	0.000000	30.57789468428571	-96.35073066285713	200.00000000000000	1
66	0	3	16	0.000000	0.000000	0.000000	0.000000	30.57794214971428	-96.35067277571427	200.00000000000000	1
67	0	3	16	0.000000	0.000000	0.000000	0.000000	30.57799557685714	-96.35062445571430	200.00000000000000	1
68	0	3	16	0.000000	0.000000	0.000000	0.000000	30.57802703542858	-96.35070076714287	200.00000000000000	1
69	0	3	16	0.000000	0.000000	0.000000	0.000000	30.57800670685714	-96.35070296999999	200.00000000000000	1
70	0	3	16	0.000000	0.000000	0.000000	0.000000	30.57793832114286	-96.35070603142856	200.00000000000000	1
71	0	3	16	0.000000	0.000000	0.000000	0.000000	30.57798195799999	-96.35068139999998	200.00000000000000	1
72	0	3	16	0.000000	0.000000	0.000000	0.000000	30.57770330000000	-96.35062103000000	200.00000000000000	1
73	0	3	16	0.000000	0.000000	0.000000	0.000000	30.57767650000000	-96.35085382000000	200.00000000000000	1
74	0	3	16	0.000000	0.000000	0.000000	0.000000	30.57757587000000	-96.35145461000000	200.00000000000000	1
75	0	3	16	0.000000	0.000000	0.000000	0.000000	30.57764523000000	-96.35094413000000	200.00000000000000	1
76	0	3	16	0.000000	0.000000	0.000000	0.000000	30.57769571785714	-96.35067065392857	200.00000000000000	1
77	0	3	16	0.000000	0.000000	0.000000	0.000000	30.57767274642857	-96.35087018821429	200.00000000000000	1
78	0	3	16	0.000000	0.000000	0.000000	0.000000	30.57758649214286	-96.35138515107143	200.00000000000000	1
79	0	3	16	0.000000	0.000000	0.000000	0.000000	30.57764594357143	-96.35094759678572	200.00000000000000	1
80	0	3	16	0.000000	0.000000	0.000000	0.000000	30.57768813571429	-96.35072027785715	200.00000000000000	1
81	0	3	16	0.000000	0.000000	0.000000	0.000000	30.57766899285715	-96.35088655642858	200.00000000000000	1
82	0	3	16	0.000000	0.000000	0.000000	0.000000	30.57759711428571	-96.35131569214285	200.00000000000000	1
83	0	3	16	0.000000	0.000000	0.000000	0.000000	30.57764665714286	-96.35095106357143	200.00000000000000	1
84	0	3	16	0.000000	0.000000	0.000000	0.000000	30.57768055357143	-96.35076990178572	200.00000000000000	1
85	0	3	16	0.000000	0.000000	0.000000	0.000000	30.57766523928572	-96.35090292464287	200.00000000000000	1
86	0	3	16	0.000000	0.000000	0.000000	0.000000	30.57760773642857	-96.35124623321427	200.00000000000000	1
87	0	3	16	0.000000	0.000000	0.000000	0.000000	30.57764737071428	-96.35095453035714	200.00000000000000	1
88	0	3	16	0.000000	0.000000	0.000000	0.000000	30.57767297142857	-96.35081952571430	200.00000000000000	1
89	0	3	16	0.000000	0.000000	0.000000	0.000000	30.57766148571429	-96.35091929285716	200.00000000000000	1
90	0	3	16	0.000000	0.000000	0.000000	0.000000	30.57761835857142	-96.35117677428569	200.00000000000000	1
91	0	3	16	0.000000	0.000000	0.000000	0.000000	30.57764808428571	-96.35095799714286	200.00000000000000	1
92	0	3	16	0.000000	0.000000	0.000000	0.000000	30.57766538928572	-96.35086914964288	200.00000000000000	1
93	0	3	16	0.000000	0.000000	0.000000	0.000000	30.57765773214286	-96.35093566107145	200.00000000000000	1
94	0	3	16	0.000000	0.000000	0.000000	0.000000	30.57762898071428	-96.35110731535711	200.00000000000000	1
95	0	3	16	0.000000	0.000000	0.000000	0.000000	30.57764879785714	-96.35096146392857	200.00000000000000	1
96	0	3	16	0.000000	0.000000	0.000000	0.000000	30.57765780714286	-96.35091877357145	200.00000000000000	1
97	0	3	16	0.000000	0.000000	0.000000	0.000000	30.57765397857144	-96.35095202928574	200.00000000000000	1
98	0	3	16	0.000000	0.000000	0.000000	0.000000	30.57763960285714	-96.35103785642853	200.00000000000000	1
99	0	3	16	0.000000	0.000000	0.000000	0.000000	30.57764951142857	-96.35096493071428	200.00000000000000	1
100	0	3	16	0.000000	0.000000	0.000000	0.000000	30.57765022500000	-96.35096839750003	200.00000000000000	1
101	0	3	16	0.000000	0.000000	0.000000	0.000000	30.57767650000000	-96.35085382000000	200.00000000000000	1
102	0	3	16	0.000000	0.000000	0.000000	0.000000	30.57816053000000	-96.35095213000000	200.00000000000000	1
103	0	3	16	0.000000	0.000000	0.000000	0.000000	30.57775231000000	-96.35200734999999	200.00000000000000	1
104	0	3	16	0.000000	0.000000	0.000000	0.000000	30.57757587000000	-96.35145461000000	200.00000000000000	1
105	0	3	16	0.000000	0.000000	0.000000	0.000000	30.57769290035714	-96.35091998535714	200.00000000000000	1
106	0	3	16	0.000000	0.000000	0.000000	0.000000	30.57810778321429	-96.35100425107143	200.00000000000000	1
107	0	3	16	0.000000	0.000000	0.000000	0.000000	30.57775788035714	-96.35190872535713	200.00000000000000	1
108	0	3	16	0.000000	0.000000	0.000000	0.000000	30.57760664607143	-96.35143494821429	200.00000000000000	1
109	0	3	16	0.000000	0.000000	0.000000	0.000000	30.57770930071429	-96.35098615071428	200.00000000000000	1
110	0	3	16	0.000000	0.000000	0.000000	0.000000	30.57805503642858	-96.35105637214286	200.00000000000000	1
111	0	3	16	0.000000	0.000000	0.000000	0.000000	30.57776345071429	-96.35181010071427	200.00000000000000	1
112	0	3	16	0.000000	0.000000	0.000000	0.000000	30.57763742214286	-96.35141528642858	200.00000000000000	1
113	0	3	16	0.000000	0.000000	0.000000	0.000000	30.57772570107143	-96.35105231607142	200.00000000000000	1
114	0	3	16	0.000000	0.000000	0.000000	0.000000	30.57800228964286	-96.35110849321430	200.00000000000000	1
115	0	3	16	0.000000	0.000000	0.000000	0.000000	30.57776902107143	-96.35171147607142	200.00000000000000	1
116	0	3	16	0.000000	0.000000	0.000000	0.000000	30.57766819821429	-96.35139562464286	200.00000000000000	1
117	0	3	16	0.000000	0.000000	0.000000	0.000000	30.57774210142857	-96.35111848142856	200.00000000000000	1
118	0	3	16	0.000000	0.000000	0.000000	0.000000	30.57794954285715	-96.35116061428573	200.00000000000000	1
119	0	3	16	0.000000	0.000000	0.000000	0.000000	30.57777459142857	-96.35161285142856	200.00000000000000	1
120	0	3	16	0.000000	0.000000	0.000000	0.000000	30.57769897428572	-96.35137596285715	200.00000000000000	1
121	0	3	16	0.000000	0.000000	0.000000	0.000000	30.57775850178572	-96.35118464678570	200.00000000000000	1
122	0	3	16	0.000000	0.000000	0.000000	0.000000	30.57789679607144	-96.35121273535717	200.00000000000000	1
123	0	3	16	0.000000	0.000000	0.000000	0.000000	30.57778016178571	-96.35151422678570	200.00000000000000	1
124	0	3	16	0.000000	0.000000	0.000000	0.000000	30.57772975035715	-96.35135630107143	200.00000000000000	1
125	0	3	16	0.000000	0.000000	0.000000	0.000000	30.57777490214286	-96.35125081214284	200.00000000000000	1
126	0	3	16	0.000000	0.000000	0.000000	0.000000	30.57784404928573	-96.35126485642860	200.00000000000000	1
127	0	3	16	0.000000	0.000000	0.000000	0.000000	30.57778573214286	-96.35141560214284	200.00000000000000	1
128	0	3	16	0.000000	0.000000	0.000000	0.000000	30.57776052642858	-96.35133663928572	200.00000000000000	1
129	0	3	16	0.000000	0.000000	0.000000	0.000000	30.57779130250000	-96.35131697749998	200.00000000000000	1
130	0	3	16	0.000000	0.000000	0.000000	0.000000	30.57757587000000	-96.35145461000000	200.00000000000000	1
131	0	3	16	0.000000	0.000000	0.000000	0.000000	30.57775231000000	-96.35200734999999	200.00000000000000	1
132	0	3	16	0.000000	0.000000	0.000000	0.000000	30.57768626000000	-96.35201527000000	200.00000000000000	1
133	0	3	16	0.000000	0.000000	0.000000	0.000000	30.57749575000000	-96.35203810000000	200.00000000000000	1
134	0	3	16	0.000000	0.000000	0.000000	0.000000	30.57691302000000	-96.35191940000000	200.00000000000000	1
135	0	3	16	0.000000	0.000000	0.000000	0.000000	30.57756283742857	-96.35151637228572	200.00000000000000	1
136	0	3	16	0.000000	0.000000	0.000000	0.000000	30.57771407171429	-96.35199014942857	200.00000000000000	1
137	0	3	16	0.000000	0.000000	0.000000	0.000000	30.57765745742857	-96.35199693800000	200.00000000000000	1
138	0	3	16	0.000000	0.000000	0.000000	0.000000	30.57749416314286	-96.35201650657143	200.00000000000000	1
139	0	3	16	0.000000	0.000000	0.000000	0.000000	30.57699468028571	-96.35191476371429	200.00000000000000	1
140	0	3	16	0.000000	0.000000	0.000000	0.000000	30.57754980485715	-96.35157813457143	200.00000000000000	1
141	0	3	16	0.000000	0.000000	0.000000	0.000000	30.57767583342857	-96.35197294885715	200.00000000000000	1
142	0	3	16	0.000000	0.000000	0.000000	0.000000	30.57762865485714	-96.35197860600000	200.00000000000000	1
143	0	3	16	0.000000	0.000000	0.000000	0.000000	30.57749257628572	-96.35199491314286	200.00000000000000	1
144	0	3	16	0.000000	0.000000	0.000000	0.000000	30.57707634057143	-96.35191012742858	200.00000000000000	1
145	0	3	16	0.000000	0.000000	0.000000	0.000000	30.57753677228572	-96.35163989685714	200.00000000000000	1
146	0	3	16	0.000000	0.000000	0.000000	0.000000	30.57763759514286	-96.35195574828573	200.00000000000000	1
147	0	3	16	0.000000	0.000000	0.000000	0.000000	30.57759985228572	-96.35196027400001	200.00000000000000	1
148	0	3	16	0.000000	0.000000	0.000000	0.000000	30.57749098942858	-96.35197331971429	200.00000000000000	1
149	0	3	16	0.000000	0.000000	0.000000	0.000000	30.57715800085715	-96.35190549114287	200.00000000000000	1
150	0	3	16	0.000000	0.000000	0.000000	0.000000	30.57752373971429	-96.35170165914285	200.00000000000000	1
151	0	3	16	0.000000	0.000000	0.000000	0.000000	30.57759935685714	-96.35193854771431	200.00000000000000	1
152	0	3	16	0.000000	0.000000	0.000000	0.000000	30.57757104971429	-96.35194194200001	200.00000000000000	1
153	0	3	16	0.000000	0.000000	0.000000	0.000000	30.57748940257143	-96.35195172628572	200.00000000000000	1
154	0	3	16	0.000000	0.000000	0.000000	0.000000	30.57723966114286	-96.35190085485716	200.00000000000000	1
155	0	3	16	0.000000	0.000000	0.000000	0.000000	30.57751070714286	-96.35176342142856	200.00000000000000	1
156	0	3	16	0.000000	0.000000	0.000000	0.000000	30.57756111857143	-96.35192134714289	200.00000000000000	1
157	0	3	16	0.000000	0.000000	0.000000	0.000000	30.57754224714286	-96.35192361000001	200.00000000000000	1
158	0	3	16	0.000000	0.000000	0.000000	0.000000	30.57748781571429	-96.35193013285715	200.00000000000000	1
159	0	3	16	0.000000	0.000000	0.000000	0.000000	30.57732132142858	-96.35189621857145	200.00000000000000	1
160	0	3	16	0.000000	0.000000	0.000000	0.000000	30.57749767457144	-96.35182518371427	200.00000000000000	1
161	0	3	16	0.000000	0.000000	0.000000	0.000000	30.57752288028571	-96.35190414657147	200.00000000000000	1
162	0	3	16	0.000000	0.000000	0.000000	0.000000	30.57751344457143	-96.35190527800002	200.00000000000000	1
163	0	3	16	0.000000	0.000000	0.000000	0.000000	30.57748622885715	-96.35190853942858	200.00000000000000	1
164	0	3	16	0.000000	0.000000	0.000000	0.000000	30.57740298171429	-96.35189158228575	200.00000000000000	1
165	0	3	16	0.000000	0.000000	0.000000	0.000000	30.57748464200001	-96.35188694599998	200.00000000000000	1
