QGC WPL 110
0	0	0	16	0.000000	0.000000	0.000000	0.000000	30.57700270000000	-96.35193638000000	200.00000000000000	1
1	0	3	16	0.000000	0.000000	0.000000	0.000000	30.57811257000000	-96.35112831000001	200.00000000000000	1
2	0	3	16	0.000000	0.000000	0.000000	0.000000	30.57802782000000	-96.35130999000000	200.00000000000000	1
3	0	3	16	0.000000	0.000000	0.000000	0.000000	30.57710436619048	-96.35186807238095	200.00000000000000	1
4	0	3	16	0.000000	0.000000	0.000000	0.000000	30.57805568333333	-96.35117544095239	200.00000000000000	1
5	0	3	16	0.000000	0.000000	0.000000	0.000000	30.57798304047619	-96.35133116666667	200.00000000000000	1
6	0	3	16	0.000000	0.000000	0.000000	0.000000	30.57720603238095	-96.35179976476191	200.00000000000000	1
7	0	3	16	0.000000	0.000000	0.000000	0.000000	30.57799879666667	-96.35122257190477	200.00000000000000	1
8	0	3	16	0.000000	0.000000	0.000000	0.000000	30.57793826095238	-96.35135234333333	200.00000000000000	1
9	0	3	16	0.000000	0.000000	0.000000	0.000000	30.57730769857142	-96.35173145714286	200.00000000000000	1
10	0	3	16	0.000000	0.000000	0.000000	0.000000	30.57794191000000	-96.35126970285715	200.00000000000000	1
11	0	3	16	0.000000	0.000000	0.000000	0.000000	30.57789348142857	-96.35137352000000	200.00000000000000	1
12	0	3	16	0.000000	0.000000	0.000000	0.000000	30.57740936476190	-96.35166314952382	200.00000000000000	1
13	0	3	16	0.000000	0.000000	0.000000	0.000000	30.57788502333333	-96.35131683380953	200.00000000000000	1
14	0	3	16	0.000000	0.000000	0.000000	0.000000	30.57784870190477	-96.35139469666666	200.00000000000000	1
15	0	3	16	0.000000	0.000000	0.000000	0.000000	30.57751103095237	-96.35159484190477	200.00000000000000	1
16	0	3	16	0.000000	0.000000	0.000000	0.000000	30.57782813666667	-96.35136396476192	200.00000000000000	1
17	0	3	16	0.000000	0.000000	0.000000	0.000000	30.57780392238096	-96.35141587333332	200.00000000000000	1
18	0	3	16	0.000000	0.000000	0.000000	0.000000	30.57761269714285	-96.35152653428572	200.00000000000000	1
19	0	3	16	0.000000	0.000000	0.000000	0.000000	30.57777125000000	-96.35141109571430	200.00000000000000	1
20	0	3	16	0.000000	0.000000	0.000000	0.000000	30.57775914285715	-96.35143704999999	200.00000000000000	1
21	0	3	16	0.000000	0.000000	0.000000	0.000000	30.57771436333332	-96.35145822666668	200.00000000000000	1
22	0	3	16	0.000000	0.000000	0.000000	0.000000	30.57802782000000	-96.35130999000000	200.00000000000000	1
23	0	3	16	0.000000	0.000000	0.000000	0.000000	30.57811257000000	-96.35112831000001	200.00000000000000	1
24	0	3	16	0.000000	0.000000	0.000000	0.000000	30.57819338000000	-96.35096633000001	200.00000000000000	1
25	0	3	16	0.000000	0.000000	0.000000	0.000000	30.57818049000000	-96.35170838000001	200.00000000000000	1
26	0	3	16	0.000000	0.000000	0.000000	0.000000	30.57804221214286	-96.35130545607143	200.00000000000000	1
27	0	3	16	0.000000	0.000000	0.000000	0.000000	30.57811485500000	-96.35114973035715	200.00000000000000	1
28	0	3	16	0.000000	0.000000	0.000000	0.000000	30.57818412071428	-96.35101089035714	200.00000000000000	1
29	0	3	16	0.000000	0.000000	0.000000	0.000000	30.57817307214286	-96.35164693321430	200.00000000000000	1
30	0	3	16	0.000000	0.000000	0.000000	0.000000	30.57805660428572	-96.35130092214285	200.00000000000000	1
31	0	3	16	0.000000	0.000000	0.000000	0.000000	30.57811714000000	-96.35117115071429	200.00000000000000	1
32	0	3	16	0.000000	0.000000	0.000000	0.000000	30.57817486142857	-96.35105545071428	200.00000000000000	1
33	0	3	16	0.000000	0.000000	0.000000	0.000000	30.57816565428571	-96.35158548642859	200.00000000000000	1
34	0	3	16	0.000000	0.000000	0.000000	0.000000	30.57807099642858	-96.35129638821428	200.00000000000000	1
35	0	3	16	0.000000	0.000000	0.000000	0.000000	30.57811942500000	-96.35119257107144	200.00000000000000	1
36	0	3	16	0.000000	0.000000	0.000000	0.000000	30.57816560214285	-96.35110001107142	200.00000000000000	1
37	0	3	16	0.000000	0.000000	0.000000	0.000000	30.57815823642857	-96.35152403964288	200.00000000000000	1
38	0	3	16	0.000000	0.000000	0.000000	0.000000	30.57808538857143	-96.35129185428571	200.00000000000000	1
39	0	3	16	0.000000	0.000000	0.000000	0.000000	30.57812171000000	-96.35121399142858	200.00000000000000	1
40	0	3	16	0.000000	0.000000	0.000000	0.000000	30.57815634285714	-96.35114457142856	200.00000000000000	1
41	0	3	16	0.000000	0.000000	0.000000	0.000000	30.57815081857142	-96.35146259285717	200.00000000000000	1
42	0	3	16	0.000000	0.000000	0.000000	0.000000	30.57809978071429	-96.35128732035713	200.00000000000000	1
43	0	3	16	0.000000	0.000000	0.000000	0.000000	30.57812399500000	-96.35123541178572	200.00000000000000	1
44	0	3	16	0.000000	0.000000	0.000000	0.000000	30.57814708357142	-96.35118913178570	200.00000000000000	1
45	0	3	16	0.000000	0.000000	0.000000	0.000000	30.57814340071428	-96.35140114607147	200.00000000000000	1
46	0	3	16	0.000000	0.000000	0.000000	0.000000	30.57811417285715	-96.35128278642856	200.00000000000000	1
47	0	3	16	0.000000	0.000000	0.000000	0.000000	30.57812628000000	-96.35125683214287	200.00000000000000	1
48	0	3	16	0.000000	0.000000	0.000000	0.000000	30.57813782428571	-96.35123369214284	200.00000000000000	1
49	0	3	16	0.000000	0.000000	0.000000	0.000000	30.57813598285713	-96.35133969928576	200.00000000000000	1
50	0	3	16	0.000000	0.000000	0.000000	0.000000	30.57812856500001	-96.35127825249998	200.00000000000000	1
51	0	3	16	0.000000	0.000000	0.000000	0.000000	30.57811257000000	-96.35112831000001	200.00000000000000	1
52	0	3	16	0.000000	0.000000	0.000000	0.000000	30.57743366000000	-96.35087849000000	200.00000000000000	1
53	0	3	16	0.000000	0.000000	0.000000	0.000000	30.57749556000000	-96.35026187000000	200.00000000000000	1
54	0	3	16	0.000000	0.000000	0.000000	0.000000	30.57758709000000	-96.35012915999999	200.00000000000000	1
55	0	3	16	0.000000	0.000000	0.000000	0.000000	30.57804768000000	-96.35043673000000	200.00000000000000	1
56	0	3	16	0.000000	0.000000	0.000000	0.000000	30.57824537000000	-96.35081572999999	200.00000000000000	1
57	0	3	16	0.000000	0.000000	0.000000	0.000000	30.57819338000000	-96.35096633000001	200.00000000000000	1
58	0	3	16	0.000000	0.000000	0.000000	0.000000	30.57807843367347	-96.35106133959184	200.00000000000000	1
59	0	3	16	0.000000	0.000000	0.000000	0.000000	30.57749651081633	-96.35084720816326	200.00000000000000	1
60	0	3	16	0.000000	0.000000	0.000000	0.000000	30.57754956795918	-96.35031867673469	200.00000000000000	1
61	0	3	16	0.000000	0.000000	0.000000	0.000000	30.57762802224490	-96.35020492530612	200.00000000000000	1
62	0	3	16	0.000000	0.000000	0.000000	0.000000	30.57802281367347	-96.35046855673470	200.00000000000000	1
63	0	3	16	0.000000	0.000000	0.000000	0.000000	30.57819226224490	-96.35079341387754	200.00000000000000	1
64	0	3	16	0.000000	0.000000	0.000000	0.000000	30.57814769938775	-96.35092249959185	200.00000000000000	1
65	0	3	16	0.000000	0.000000	0.000000	0.000000	30.57804429734694	-96.35099436918367	200.00000000000000	1
66	0	3	16	0.000000	0.000000	0.000000	0.000000	30.57755936163266	-96.35081592632652	200.00000000000000	1
67	0	3	16	0.000000	0.000000	0.000000	0.000000	30.57760357591836	-96.35037548346938	200.00000000000000	1
68	0	3	16	0.000000	0.000000	0.000000	0.000000	30.57766895448979	-96.35028069061224	200.00000000000000	1
69	0	3	16	0.000000	0.000000	0.000000	0.000000	30.57799794734694	-96.35050038346940	200.00000000000000	1
70	0	3	16	0.000000	0.000000	0.000000	0.000000	30.57813915448979	-96.35077109775509	200.00000000000000	1
71	0	3	16	0.000000	0.000000	0.000000	0.000000	30.57810201877551	-96.35087866918369	200.00000000000000	1
72	0	3	16	0.000000	0.000000	0.000000	0.000000	30.57801016102041	-96.35092739877550	200.00000000000000	1
73	0	3	16	0.000000	0.000000	0.000000	0.000000	30.57762221244898	-96.35078464448978	200.00000000000000	1
74	0	3	16	0.000000	0.000000	0.000000	0.000000	30.57765758387755	-96.35043229020407	200.00000000000000	1
75	0	3	16	0.000000	0.000000	0.000000	0.000000	30.57770988673469	-96.35035645591836	200.00000000000000	1
76	0	3	16	0.000000	0.000000	0.000000	0.000000	30.57797308102041	-96.35053221020409	200.00000000000000	1
77	0	3	16	0.000000	0.000000	0.000000	0.000000	30.57808604673469	-96.35074878163263	200.00000000000000	1
78	0	3	16	0.000000	0.000000	0.000000	0.000000	30.57805633816326	-96.35083483877553	200.00000000000000	1
79	0	3	16	0.000000	0.000000	0.000000	0.000000	30.57797602469388	-96.35086042836733	200.00000000000000	1
80	0	3	16	0.000000	0.000000	0.000000	0.000000	30.57768506326531	-96.35075336265304	200.00000000000000	1
81	0	3	16	0.000000	0.000000	0.000000	0.000000	30.57771159183673	-96.35048909693876	200.00000000000000	1
82	0	3	16	0.000000	0.000000	0.000000	0.000000	30.57775081897959	-96.35043222122448	200.00000000000000	1
83	0	3	16	0.000000	0.000000	0.000000	0.000000	30.57794821469388	-96.35056403693879	200.00000000000000	1
84	0	3	16	0.000000	0.000000	0.000000	0.000000	30.57803293897959	-96.35072646551018	200.00000000000000	1
85	0	3	16	0.000000	0.000000	0.000000	0.000000	30.57801065755102	-96.35079100836737	200.00000000000000	1
86	0	3	16	0.000000	0.000000	0.000000	0.000000	30.57794188836735	-96.35079345795916	200.00000000000000	1
87	0	3	16	0.000000	0.000000	0.000000	0.000000	30.57774791408164	-96.35072208081630	200.00000000000000	1
88	0	3	16	0.000000	0.000000	0.000000	0.000000	30.57776559979591	-96.35054590367345	200.00000000000000	1
89	0	3	16	0.000000	0.000000	0.000000	0.000000	30.57779175122448	-96.35050798653060	200.00000000000000	1
90	0	3	16	0.000000	0.000000	0.000000	0.000000	30.57792334836735	-96.35059586367349	200.00000000000000	1
91	0	3	16	0.000000	0.000000	0.000000	0.000000	30.57797983122448	-96.35070414938772	200.00000000000000	1
92	0	3	16	0.000000	0.000000	0.000000	0.000000	30.57796497693877	-96.35074717795921	200.00000000000000	1
93	0	3	16	0.000000	0.000000	0.000000	0.000000	30.57790775204082	-96.35072648755099	200.00000000000000	1
94	0	3	16	0.000000	0.000000	0.000000	0.000000	30.57781076489796	-96.35069079897956	200.00000000000000	1
95	0	3	16	0.000000	0.000000	0.000000	0.000000	30.57781960775509	-96.35060271040814	200.00000000000000	1
96	0	3	16	0.000000	0.000000	0.000000	0.000000	30.57783268346938	-96.35058375183672	200.00000000000000	1
97	0	3	16	0.000000	0.000000	0.000000	0.000000	30.57789848204082	-96.35062769040819	200.00000000000000	1
98	0	3	16	0.000000	0.000000	0.000000	0.000000	30.57792672346938	-96.35068183326527	200.00000000000000	1
99	0	3	16	0.000000	0.000000	0.000000	0.000000	30.57791929632652	-96.35070334755105	200.00000000000000	1
100	0	3	16	0.000000	0.000000	0.000000	0.000000	30.57787361571429	-96.35065951714282	200.00000000000000	1
101	0	3	16	0.000000	0.000000	0.000000	0.000000	30.57743366000000	-96.35087849000000	200.00000000000000	1
102	0	3	16	0.000000	0.000000	0.000000	0.000000	30.57811257000000	-96.35112831000001	200.00000000000000	1
103	0	3	16	0.000000	0.000000	0.000000	0.000000	30.57774138000000	-96.35130402000000	200.00000000000000	1
104	0	3	16	0.000000	0.000000	0.000000	0.000000	30.57670267000000	-96.35069753000001	200.00000000000000	1
105	0	3	16	0.000000	0.000000	0.000000	0.000000	30.57744279000000	-96.35089614678571	200.00000000000000	1
106	0	3	16	0.000000	0.000000	0.000000	0.000000	30.57802471285714	-96.35111027821429	200.00000000000000	1
107	0	3	16	0.000000	0.000000	0.000000	0.000000	30.57770655000000	-96.35126088678571	200.00000000000000	1
108	0	3	16	0.000000	0.000000	0.000000	0.000000	30.57681622714286	-96.35074103821430	200.00000000000000	1
109	0	3	16	0.000000	0.000000	0.000000	0.000000	30.57745192000000	-96.35091380357143	200.00000000000000	1
110	0	3	16	0.000000	0.000000	0.000000	0.000000	30.57793685571428	-96.35109224642858	200.00000000000000	1
111	0	3	16	0.000000	0.000000	0.000000	0.000000	30.57767172000000	-96.35121775357142	200.00000000000000	1
112	0	3	16	0.000000	0.000000	0.000000	0.000000	30.57692978428571	-96.35078454642859	200.00000000000000	1
113	0	3	16	0.000000	0.000000	0.000000	0.000000	30.57746105000000	-96.35093146035715	200.00000000000000	1
114	0	3	16	0.000000	0.000000	0.000000	0.000000	30.57784899857142	-96.35107421464286	200.00000000000000	1
115	0	3	16	0.000000	0.000000	0.000000	0.000000	30.57763689000000	-96.35117462035713	200.00000000000000	1
116	0	3	16	0.000000	0.000000	0.000000	0.000000	30.57704334142857	-96.35082805464288	200.00000000000000	1
117	0	3	16	0.000000	0.000000	0.000000	0.000000	30.57747018000000	-96.35094911714286	200.00000000000000	1
118	0	3	16	0.000000	0.000000	0.000000	0.000000	30.57776114142856	-96.35105618285715	200.00000000000000	1
119	0	3	16	0.000000	0.000000	0.000000	0.000000	30.57760206000000	-96.35113148714284	200.00000000000000	1
120	0	3	16	0.000000	0.000000	0.000000	0.000000	30.57715689857143	-96.35087156285717	200.00000000000000	1
121	0	3	16	0.000000	0.000000	0.000000	0.000000	30.57747930999999	-96.35096677392858	200.00000000000000	1
122	0	3	16	0.000000	0.000000	0.000000	0.000000	30.57767328428571	-96.35103815107144	200.00000000000000	1
123	0	3	16	0.000000	0.000000	0.000000	0.000000	30.57756723000000	-96.35108835392855	200.00000000000000	1
124	0	3	16	0.000000	0.000000	0.000000	0.000000	30.57727045571428	-96.35091507107146	200.00000000000000	1
125	0	3	16	0.000000	0.000000	0.000000	0.000000	30.57748843999999	-96.35098443071429	200.00000000000000	1
126	0	3	16	0.000000	0.000000	0.000000	0.000000	30.57758542714285	-96.35102011928572	200.00000000000000	1
127	0	3	16	0.000000	0.000000	0.000000	0.000000	30.57753240000000	-96.35104522071425	200.00000000000000	1
128	0	3	16	0.000000	0.000000	0.000000	0.000000	30.57738401285714	-96.35095857928575	200.00000000000000	1
129	0	3	16	0.000000	0.000000	0.000000	0.000000	30.57749756999999	-96.35100208750001	200.00000000000000	1
130	0	3	16	0.000000	0.000000	0.000000	0.000000	30.57774138000000	-96.35130402000000	200.00000000000000	1
131	0	3	16	0.000000	0.000000	0.000000	0.000000	30.57685157000000	-96.35175947000000	200.00000000000000	1
132	0	3	16	0.000000	0.000000	0.000000	0.000000	30.57670267000000	-96.35069753000001	200.00000000000000	1
133	0	3	16	0.000000	0.000000	0.000000	0.000000	30.57764954571428	-96.35129682761905	200.00000000000000	1
134	0	3	16	0.000000	0.000000	0.000000	0.000000	30.57688685142857	-96.35168721333334	200.00000000000000	1
135	0	3	16	0.000000	0.000000	0.000000	0.000000	30.57675922285714	-96.35077697904762	200.00000000000000	1
136	0	3	16	0.000000	0.000000	0.000000	0.000000	30.57755771142857	-96.35128963523810	200.00000000000000	1
137	0	3	16	0.000000	0.000000	0.000000	0.000000	30.57692213285714	-96.35161495666667	200.00000000000000	1
138	0	3	16	0.000000	0.000000	0.000000	0.000000	30.57681577571428	-96.35085642809524	200.00000000000000	1
139	0	3	16	0.000000	0.000000	0.000000	0.000000	30.57746587714285	-96.35128244285715	200.00000000000000	1
140	0	3	16	0.000000	0.000000	0.000000	0.000000	30.57695741428571	-96.35154270000000	200.00000000000000	1
141	0	3	16	0.000000	0.000000	0.000000	0.000000	30.57687232857143	-96.35093587714286	200.00000000000000	1
142	0	3	16	0.000000	0.000000	0.000000	0.000000	30.57737404285714	-96.35127525047621	200.00000000000000	1
143	0	3	16	0.000000	0.000000	0.000000	0.000000	30.57699269571428	-96.35147044333333	200.00000000000000	1
144	0	3	16	0.000000	0.000000	0.000000	0.000000	30.57692888142857	-96.35101532619048	200.00000000000000	1
145	0	3	16	0.000000	0.000000	0.000000	0.000000	30.57728220857142	-96.35126805809526	200.00000000000000	1
146	0	3	16	0.000000	0.000000	0.000000	0.000000	30.57702797714285	-96.35139818666666	200.00000000000000	1
147	0	3	16	0.000000	0.000000	0.000000	0.000000	30.57698543428571	-96.35109477523810	200.00000000000000	1
148	0	3	16	0.000000	0.000000	0.000000	0.000000	30.57719037428571	-96.35126086571431	200.00000000000000	1
149	0	3	16	0.000000	0.000000	0.000000	0.000000	30.57706325857142	-96.35132592999999	200.00000000000000	1
150	0	3	16	0.000000	0.000000	0.000000	0.000000	30.57704198714285	-96.35117422428571	200.00000000000000	1
151	0	3	16	0.000000	0.000000	0.000000	0.000000	30.57709853999999	-96.35125367333336	200.00000000000000	1
152	0	3	16	0.000000	0.000000	0.000000	0.000000	30.57670267000000	-96.35069753000001	200.00000000000000	1
153	0	3	16	0.000000	0.000000	0.000000	0.000000	30.57655667000000	-96.35017944000001	200.00000000000000	1
154	0	3	16	0.000000	0.000000	0.000000	0.000000	30.57729051000000	-96.35038551000000	200.00000000000000	1
155	0	3	16	0.000000	0.000000	0.000000	0.000000	30.57743366000000	-96.35087849000000	200.00000000000000	1
156	0	3	16	0.000000	0.000000	0.000000	0.000000	30.57674455678571	-96.35067434607143	200.00000000000000	1
157	0	3	16	0.000000	0.000000	0.000000	0.000000	30.57661941392857	-96.35023026892857	200.00000000000000	1
158	0	3	16	0.000000	0.000000	0.000000	0.000000	30.57724841964286	-96.35040690035714	200.00000000000000	1
159	0	3	16	0.000000	0.000000	0.000000	0.000000	30.57737111964286	-96.35082945464286	200.00000000000000	1
160	0	3	16	0.000000	0.000000	0.000000	0.000000	30.57678644357143	-96.35065116214285	200.00000000000000	1
161	0	3	16	0.000000	0.000000	0.000000	0.000000	30.57668215785714	-96.35028109785713	200.00000000000000	1
162	0	3	16	0.000000	0.000000	0.000000	0.000000	30.57720632928571	-96.35042829071429	200.00000000000000	1
163	0	3	16	0.000000	0.000000	0.000000	0.000000	30.57730857928572	-96.35078041928573	200.00000000000000	1
164	0	3	16	0.000000	0.000000	0.000000	0.000000	30.57682833035714	-96.35062797821428	200.00000000000000	1
165	0	3	16	0.000000	0.000000	0.000000	0.000000	30.57674490178571	-96.35033192678570	200.00000000000000	1
166	0	3	16	0.000000	0.000000	0.000000	0.000000	30.57716423892857	-96.35044968107144	200.00000000000000	1
167	0	3	16	0.000000	0.000000	0.000000	0.000000	30.57724603892857	-96.35073138392859	200.00000000000000	1
168	0	3	16	0.000000	0.000000	0.000000	0.000000	30.57687021714285	-96.35060479428570	200.00000000000000	1
169	0	3	16	0.000000	0.000000	0.000000	0.000000	30.57680764571428	-96.35038275571426	200.00000000000000	1
170	0	3	16	0.000000	0.000000	0.000000	0.000000	30.57712214857142	-96.35047107142859	200.00000000000000	1
171	0	3	16	0.000000	0.000000	0.000000	0.000000	30.57718349857143	-96.35068234857145	200.00000000000000	1
172	0	3	16	0.000000	0.000000	0.000000	0.000000	30.57691210392856	-96.35058161035712	200.00000000000000	1
173	0	3	16	0.000000	0.000000	0.000000	0.000000	30.57687038964285	-96.35043358464283	200.00000000000000	1
174	0	3	16	0.000000	0.000000	0.000000	0.000000	30.57708005821428	-96.35049246178573	200.00000000000000	1
175	0	3	16	0.000000	0.000000	0.000000	0.000000	30.57712095821429	-96.35063331321432	200.00000000000000	1
176	0	3	16	0.000000	0.000000	0.000000	0.000000	30.57695399071428	-96.35055842642855	200.00000000000000	1
177	0	3	16	0.000000	0.000000	0.000000	0.000000	30.57693313357142	-96.35048441357139	200.00000000000000	1
178	0	3	16	0.000000	0.000000	0.000000	0.000000	30.57703796785713	-96.35051385214288	200.00000000000000	1
179	0	3	16	0.000000	0.000000	0.000000	0.000000	30.57705841785715	-96.35058427785718	200.00000000000000	1
180	0	3	16	0.000000	0.000000	0.000000	0.000000	30.57699587749999	-96.35053524249997	200.00000000000000	1
