QGC WPL 110
0	0	0	16	0.000000	0.000000	0.000000	0.000000	30.57684738000000	-96.35093615000000	200.00000000000000	1
1	0	3	16	0.000000	0.000000	0.000000	0.000000	30.57710813000000	-96.35119864000001	200.00000000000000	1
2	0	3	16	0.000000	0.000000	0.000000	0.000000	30.57708888000000	-96.35130832999999	200.00000000000000	1
3	0	3	16	0.000000	0.000000	0.000000	0.000000	30.57695934000000	-96.35191110000000	200.00000000000000	1
4	0	3	16	0.000000	0.000000	0.000000	0.000000	30.57669919000000	-96.35120313000000	200.00000000000000	1
5	0	3	16	0.000000	0.000000	0.000000	0.000000	30.57686069485714	-96.35098976714285	200.00000000000000	1
6	0	3	16	0.000000	0.000000	0.000000	0.000000	30.57708419485714	-96.35121475857143	200.00000000000000	1
7	0	3	16	0.000000	0.000000	0.000000	0.000000	30.57706769485715	-96.35130877857142	200.00000000000000	1
8	0	3	16	0.000000	0.000000	0.000000	0.000000	30.57695666057143	-96.35182543857142	200.00000000000000	1
9	0	3	16	0.000000	0.000000	0.000000	0.000000	30.57673367485714	-96.35121860714285	200.00000000000000	1
10	0	3	16	0.000000	0.000000	0.000000	0.000000	30.57687400971428	-96.35104338428570	200.00000000000000	1
11	0	3	16	0.000000	0.000000	0.000000	0.000000	30.57706025971429	-96.35123087714285	200.00000000000000	1
12	0	3	16	0.000000	0.000000	0.000000	0.000000	30.57704650971429	-96.35130922714285	200.00000000000000	1
13	0	3	16	0.000000	0.000000	0.000000	0.000000	30.57695398114285	-96.35173977714285	200.00000000000000	1
14	0	3	16	0.000000	0.000000	0.000000	0.000000	30.57676815971428	-96.35123408428571	200.00000000000000	1
15	0	3	16	0.000000	0.000000	0.000000	0.000000	30.57688732457143	-96.35109700142856	200.00000000000000	1
16	0	3	16	0.000000	0.000000	0.000000	0.000000	30.57703632457143	-96.35124699571428	200.00000000000000	1
17	0	3	16	0.000000	0.000000	0.000000	0.000000	30.57702532457143	-96.35130967571428	200.00000000000000	1
18	0	3	16	0.000000	0.000000	0.000000	0.000000	30.57695130171428	-96.35165411571428	200.00000000000000	1
19	0	3	16	0.000000	0.000000	0.000000	0.000000	30.57680264457143	-96.35124956142856	200.00000000000000	1
20	0	3	16	0.000000	0.000000	0.000000	0.000000	30.57690063942857	-96.35115061857141	200.00000000000000	1
21	0	3	16	0.000000	0.000000	0.000000	0.000000	30.57701238942857	-96.35126311428570	200.00000000000000	1
22	0	3	16	0.000000	0.000000	0.000000	0.000000	30.57700413942858	-96.35131012428570	200.00000000000000	1
23	0	3	16	0.000000	0.000000	0.000000	0.000000	30.57694862228571	-96.35156845428571	200.00000000000000	1
24	0	3	16	0.000000	0.000000	0.000000	0.000000	30.57683712942857	-96.35126503857141	200.00000000000000	1
25	0	3	16	0.000000	0.000000	0.000000	0.000000	30.57691395428571	-96.35120423571426	200.00000000000000	1
26	0	3	16	0.000000	0.000000	0.000000	0.000000	30.57698845428572	-96.35127923285712	200.00000000000000	1
27	0	3	16	0.000000	0.000000	0.000000	0.000000	30.57698295428572	-96.35131057285713	200.00000000000000	1
28	0	3	16	0.000000	0.000000	0.000000	0.000000	30.57694594285714	-96.35148279285714	200.00000000000000	1
29	0	3	16	0.000000	0.000000	0.000000	0.000000	30.57687161428571	-96.35128051571427	200.00000000000000	1
30	0	3	16	0.000000	0.000000	0.000000	0.000000	30.57692726914285	-96.35125785285712	200.00000000000000	1
31	0	3	16	0.000000	0.000000	0.000000	0.000000	30.57696451914286	-96.35129535142855	200.00000000000000	1
32	0	3	16	0.000000	0.000000	0.000000	0.000000	30.57696176914287	-96.35131102142856	200.00000000000000	1
33	0	3	16	0.000000	0.000000	0.000000	0.000000	30.57694326342856	-96.35139713142857	200.00000000000000	1
34	0	3	16	0.000000	0.000000	0.000000	0.000000	30.57690609914285	-96.35129599285712	200.00000000000000	1
35	0	3	16	0.000000	0.000000	0.000000	0.000000	30.57694058400000	-96.35131146999997	200.00000000000000	1
36	0	3	16	0.000000	0.000000	0.000000	0.000000	30.57669919000000	-96.35120313000000	200.00000000000000	1
37	0	3	16	0.000000	0.000000	0.000000	0.000000	30.57653616000000	-96.35119987000000	200.00000000000000	1
38	0	3	16	0.000000	0.000000	0.000000	0.000000	30.57693747000000	-96.35032092000000	200.00000000000000	1
39	0	3	16	0.000000	0.000000	0.000000	0.000000	30.57684738000000	-96.35093615000000	200.00000000000000	1
40	0	3	16	0.000000	0.000000	0.000000	0.000000	30.57670717000000	-96.35116197107143	200.00000000000000	1
41	0	3	16	0.000000	0.000000	0.000000	0.000000	30.57656743000000	-96.35115917678571	200.00000000000000	1
42	0	3	16	0.000000	0.000000	0.000000	0.000000	30.57691141000000	-96.35040579107142	200.00000000000000	1
43	0	3	16	0.000000	0.000000	0.000000	0.000000	30.57683419000000	-96.35093313107143	200.00000000000000	1
44	0	3	16	0.000000	0.000000	0.000000	0.000000	30.57671515000000	-96.35112081214287	200.00000000000000	1
45	0	3	16	0.000000	0.000000	0.000000	0.000000	30.57659870000000	-96.35111848357143	200.00000000000000	1
46	0	3	16	0.000000	0.000000	0.000000	0.000000	30.57688535000000	-96.35049066214285	200.00000000000000	1
47	0	3	16	0.000000	0.000000	0.000000	0.000000	30.57682100000000	-96.35093011214286	200.00000000000000	1
48	0	3	16	0.000000	0.000000	0.000000	0.000000	30.57672313000000	-96.35107965321430	200.00000000000000	1
49	0	3	16	0.000000	0.000000	0.000000	0.000000	30.57662997000000	-96.35107779035714	200.00000000000000	1
50	0	3	16	0.000000	0.000000	0.000000	0.000000	30.57685929000000	-96.35057553321427	200.00000000000000	1
51	0	3	16	0.000000	0.000000	0.000000	0.000000	30.57680781000000	-96.35092709321430	200.00000000000000	1
52	0	3	16	0.000000	0.000000	0.000000	0.000000	30.57673111000000	-96.35103849428573	200.00000000000000	1
53	0	3	16	0.000000	0.000000	0.000000	0.000000	30.57666124000000	-96.35103709714285	200.00000000000000	1
54	0	3	16	0.000000	0.000000	0.000000	0.000000	30.57683323000000	-96.35066040428569	200.00000000000000	1
55	0	3	16	0.000000	0.000000	0.000000	0.000000	30.57679462000000	-96.35092407428573	200.00000000000000	1
56	0	3	16	0.000000	0.000000	0.000000	0.000000	30.57673909000000	-96.35099733535716	200.00000000000000	1
57	0	3	16	0.000000	0.000000	0.000000	0.000000	30.57669251000000	-96.35099640392856	200.00000000000000	1
58	0	3	16	0.000000	0.000000	0.000000	0.000000	30.57680717000000	-96.35074527535711	200.00000000000000	1
59	0	3	16	0.000000	0.000000	0.000000	0.000000	30.57678143000000	-96.35092105535716	200.00000000000000	1
60	0	3	16	0.000000	0.000000	0.000000	0.000000	30.57674707000000	-96.35095617642860	200.00000000000000	1
61	0	3	16	0.000000	0.000000	0.000000	0.000000	30.57672378000001	-96.35095571071427	200.00000000000000	1
62	0	3	16	0.000000	0.000000	0.000000	0.000000	30.57678111000000	-96.35083014642854	200.00000000000000	1
63	0	3	16	0.000000	0.000000	0.000000	0.000000	30.57676824000000	-96.35091803642860	200.00000000000000	1
64	0	3	16	0.000000	0.000000	0.000000	0.000000	30.57675505000000	-96.35091501750003	200.00000000000000	1
65	0	3	16	0.000000	0.000000	0.000000	0.000000	30.57684738000000	-96.35093615000000	200.00000000000000	1
66	0	3	16	0.000000	0.000000	0.000000	0.000000	30.57693747000000	-96.35032092000000	200.00000000000000	1
67	0	3	16	0.000000	0.000000	0.000000	0.000000	30.57733649000000	-96.35089274000001	200.00000000000000	1
68	0	3	16	0.000000	0.000000	0.000000	0.000000	30.57687496095238	-96.35090478619047	200.00000000000000	1
69	0	3	16	0.000000	0.000000	0.000000	0.000000	30.57695218095238	-96.35037744619048	200.00000000000000	1
70	0	3	16	0.000000	0.000000	0.000000	0.000000	30.57729419809524	-96.35086757761906	200.00000000000000	1
71	0	3	16	0.000000	0.000000	0.000000	0.000000	30.57690254190476	-96.35087342238094	200.00000000000000	1
72	0	3	16	0.000000	0.000000	0.000000	0.000000	30.57696689190476	-96.35043397238096	200.00000000000000	1
73	0	3	16	0.000000	0.000000	0.000000	0.000000	30.57725190619048	-96.35084241523811	200.00000000000000	1
74	0	3	16	0.000000	0.000000	0.000000	0.000000	30.57693012285714	-96.35084205857142	200.00000000000000	1
75	0	3	16	0.000000	0.000000	0.000000	0.000000	30.57698160285715	-96.35049049857143	200.00000000000000	1
76	0	3	16	0.000000	0.000000	0.000000	0.000000	30.57720961428571	-96.35081725285715	200.00000000000000	1
77	0	3	16	0.000000	0.000000	0.000000	0.000000	30.57695770380952	-96.35081069476189	200.00000000000000	1
78	0	3	16	0.000000	0.000000	0.000000	0.000000	30.57699631380953	-96.35054702476191	200.00000000000000	1
79	0	3	16	0.000000	0.000000	0.000000	0.000000	30.57716732238095	-96.35079209047620	200.00000000000000	1
80	0	3	16	0.000000	0.000000	0.000000	0.000000	30.57698528476190	-96.35077933095236	200.00000000000000	1
81	0	3	16	0.000000	0.000000	0.000000	0.000000	30.57701102476191	-96.35060355095239	200.00000000000000	1
82	0	3	16	0.000000	0.000000	0.000000	0.000000	30.57712503047619	-96.35076692809525	200.00000000000000	1
83	0	3	16	0.000000	0.000000	0.000000	0.000000	30.57701286571428	-96.35074796714284	200.00000000000000	1
84	0	3	16	0.000000	0.000000	0.000000	0.000000	30.57702573571429	-96.35066007714286	200.00000000000000	1
85	0	3	16	0.000000	0.000000	0.000000	0.000000	30.57708273857143	-96.35074176571430	200.00000000000000	1
86	0	3	16	0.000000	0.000000	0.000000	0.000000	30.57704044666666	-96.35071660333331	200.00000000000000	1
87	0	3	16	0.000000	0.000000	0.000000	0.000000	30.57733649000000	-96.35089274000001	200.00000000000000	1
88	0	3	16	0.000000	0.000000	0.000000	0.000000	30.57693747000000	-96.35032092000000	200.00000000000000	1
89	0	3	16	0.000000	0.000000	0.000000	0.000000	30.57832263000000	-96.35114763000000	200.00000000000000	1
90	0	3	16	0.000000	0.000000	0.000000	0.000000	30.57833443000000	-96.35122450999999	200.00000000000000	1
91	0	3	16	0.000000	0.000000	0.000000	0.000000	30.57739309928571	-96.35089327000000	200.00000000000000	1
92	0	3	16	0.000000	0.000000	0.000000	0.000000	30.57705108214286	-96.35040313857144	200.00000000000000	1
93	0	3	16	0.000000	0.000000	0.000000	0.000000	30.57823836214286	-96.35111174714285	200.00000000000000	1
94	0	3	16	0.000000	0.000000	0.000000	0.000000	30.57824847642857	-96.35117764428571	200.00000000000000	1
95	0	3	16	0.000000	0.000000	0.000000	0.000000	30.57744970857143	-96.35089379999999	200.00000000000000	1
96	0	3	16	0.000000	0.000000	0.000000	0.000000	30.57716469428572	-96.35048535714287	200.00000000000000	1
97	0	3	16	0.000000	0.000000	0.000000	0.000000	30.57815409428571	-96.35107586428570	200.00000000000000	1
98	0	3	16	0.000000	0.000000	0.000000	0.000000	30.57816252285714	-96.35113077857143	200.00000000000000	1
99	0	3	16	0.000000	0.000000	0.000000	0.000000	30.57750631785714	-96.35089432999999	200.00000000000000	1
100	0	3	16	0.000000	0.000000	0.000000	0.000000	30.57727830642857	-96.35056757571431	200.00000000000000	1
101	0	3	16	0.000000	0.000000	0.000000	0.000000	30.57806982642857	-96.35103998142856	200.00000000000000	1
102	0	3	16	0.000000	0.000000	0.000000	0.000000	30.57807656928572	-96.35108391285715	200.00000000000000	1
103	0	3	16	0.000000	0.000000	0.000000	0.000000	30.57756292714286	-96.35089485999998	200.00000000000000	1
104	0	3	16	0.000000	0.000000	0.000000	0.000000	30.57739191857143	-96.35064979428574	200.00000000000000	1
105	0	3	16	0.000000	0.000000	0.000000	0.000000	30.57798555857142	-96.35100409857141	200.00000000000000	1
106	0	3	16	0.000000	0.000000	0.000000	0.000000	30.57799061571429	-96.35103704714287	200.00000000000000	1
107	0	3	16	0.000000	0.000000	0.000000	0.000000	30.57761953642857	-96.35089538999998	200.00000000000000	1
108	0	3	16	0.000000	0.000000	0.000000	0.000000	30.57750553071429	-96.35073201285718	200.00000000000000	1
109	0	3	16	0.000000	0.000000	0.000000	0.000000	30.57790129071428	-96.35096821571426	200.00000000000000	1
110	0	3	16	0.000000	0.000000	0.000000	0.000000	30.57790466214286	-96.35099018142859	200.00000000000000	1
111	0	3	16	0.000000	0.000000	0.000000	0.000000	30.57767614571429	-96.35089591999997	200.00000000000000	1
112	0	3	16	0.000000	0.000000	0.000000	0.000000	30.57761914285715	-96.35081423142861	200.00000000000000	1
113	0	3	16	0.000000	0.000000	0.000000	0.000000	30.57781702285714	-96.35093233285711	200.00000000000000	1
114	0	3	16	0.000000	0.000000	0.000000	0.000000	30.57781870857143	-96.35094331571430	200.00000000000000	1
115	0	3	16	0.000000	0.000000	0.000000	0.000000	30.57773275500000	-96.35089644999996	200.00000000000000	1
116	0	3	16	0.000000	0.000000	0.000000	0.000000	30.57832263000000	-96.35114763000000	200.00000000000000	1
117	0	3	16	0.000000	0.000000	0.000000	0.000000	30.57693747000000	-96.35032092000000	200.00000000000000	1
118	0	3	16	0.000000	0.000000	0.000000	0.000000	30.57705029000000	-96.35023690000000	200.00000000000000	1
119	0	3	16	0.000000	0.000000	0.000000	0.000000	30.57772490000000	-96.35027665000000	200.00000000000000	1
120	0	3	16	0.000000	0.000000	0.000000	0.000000	30.57825080000000	-96.35035981999999	200.00000000000000	1
121	0	3	16	0.000000	0.000000	0.000000	0.000000	30.57834934000000	-96.35112352000000	200.00000000000000	1
122	0	3	16	0.000000	0.000000	0.000000	0.000000	30.57824405023809	-96.35106619333334	200.00000000000000	1
123	0	3	16	0.000000	0.000000	0.000000	0.000000	30.57705677023809	-96.35035758476191	200.00000000000000	1
124	0	3	16	0.000000	0.000000	0.000000	0.000000	30.57715347309524	-96.35028556761904	200.00000000000000	1
125	0	3	16	0.000000	0.000000	0.000000	0.000000	30.57773171023809	-96.35031963904761	200.00000000000000	1
126	0	3	16	0.000000	0.000000	0.000000	0.000000	30.57818248166667	-96.35039092761905	200.00000000000000	1
127	0	3	16	0.000000	0.000000	0.000000	0.000000	30.57826694452381	-96.35104552761905	200.00000000000000	1
128	0	3	16	0.000000	0.000000	0.000000	0.000000	30.57816547047619	-96.35098475666668	200.00000000000000	1
129	0	3	16	0.000000	0.000000	0.000000	0.000000	30.57717607047619	-96.35039424952382	200.00000000000000	1
130	0	3	16	0.000000	0.000000	0.000000	0.000000	30.57725665619047	-96.35033423523808	200.00000000000000	1
131	0	3	16	0.000000	0.000000	0.000000	0.000000	30.57773852047619	-96.35036262809523	200.00000000000000	1
132	0	3	16	0.000000	0.000000	0.000000	0.000000	30.57811416333333	-96.35042203523810	200.00000000000000	1
133	0	3	16	0.000000	0.000000	0.000000	0.000000	30.57818454904762	-96.35096753523810	200.00000000000000	1
134	0	3	16	0.000000	0.000000	0.000000	0.000000	30.57808689071429	-96.35090332000001	200.00000000000000	1
135	0	3	16	0.000000	0.000000	0.000000	0.000000	30.57729537071428	-96.35043091428572	200.00000000000000	1
136	0	3	16	0.000000	0.000000	0.000000	0.000000	30.57735983928571	-96.35038290285712	200.00000000000000	1
137	0	3	16	0.000000	0.000000	0.000000	0.000000	30.57774533071428	-96.35040561714284	200.00000000000000	1
138	0	3	16	0.000000	0.000000	0.000000	0.000000	30.57804584500000	-96.35045314285715	200.00000000000000	1
139	0	3	16	0.000000	0.000000	0.000000	0.000000	30.57810215357143	-96.35088954285715	200.00000000000000	1
140	0	3	16	0.000000	0.000000	0.000000	0.000000	30.57800831095238	-96.35082188333335	200.00000000000000	1
141	0	3	16	0.000000	0.000000	0.000000	0.000000	30.57741467095238	-96.35046757904763	200.00000000000000	1
142	0	3	16	0.000000	0.000000	0.000000	0.000000	30.57746302238095	-96.35043157047616	200.00000000000000	1
143	0	3	16	0.000000	0.000000	0.000000	0.000000	30.57775214095238	-96.35044860619045	200.00000000000000	1
144	0	3	16	0.000000	0.000000	0.000000	0.000000	30.57797752666666	-96.35048425047620	200.00000000000000	1
145	0	3	16	0.000000	0.000000	0.000000	0.000000	30.57801975809523	-96.35081155047619	200.00000000000000	1
146	0	3	16	0.000000	0.000000	0.000000	0.000000	30.57792973119048	-96.35074044666669	200.00000000000000	1
147	0	3	16	0.000000	0.000000	0.000000	0.000000	30.57753397119047	-96.35050424380954	200.00000000000000	1
148	0	3	16	0.000000	0.000000	0.000000	0.000000	30.57756620547619	-96.35048023809520	200.00000000000000	1
149	0	3	16	0.000000	0.000000	0.000000	0.000000	30.57775895119047	-96.35049159523807	200.00000000000000	1
150	0	3	16	0.000000	0.000000	0.000000	0.000000	30.57790920833333	-96.35051535809525	200.00000000000000	1
151	0	3	16	0.000000	0.000000	0.000000	0.000000	30.57793736261904	-96.35073355809524	200.00000000000000	1
152	0	3	16	0.000000	0.000000	0.000000	0.000000	30.57785115142857	-96.35065901000003	200.00000000000000	1
153	0	3	16	0.000000	0.000000	0.000000	0.000000	30.57765327142856	-96.35054090857145	200.00000000000000	1
154	0	3	16	0.000000	0.000000	0.000000	0.000000	30.57766938857143	-96.35052890571424	200.00000000000000	1
155	0	3	16	0.000000	0.000000	0.000000	0.000000	30.57776576142857	-96.35053458428568	200.00000000000000	1
156	0	3	16	0.000000	0.000000	0.000000	0.000000	30.57784089000000	-96.35054646571430	200.00000000000000	1
157	0	3	16	0.000000	0.000000	0.000000	0.000000	30.57785496714285	-96.35065556571429	200.00000000000000	1
158	0	3	16	0.000000	0.000000	0.000000	0.000000	30.57777257166667	-96.35057757333337	200.00000000000000	1
159	0	3	16	0.000000	0.000000	0.000000	0.000000	30.57693747000000	-96.35032092000000	200.00000000000000	1
160	0	3	16	0.000000	0.000000	0.000000	0.000000	30.57653616000000	-96.35119987000000	200.00000000000000	1
161	0	3	16	0.000000	0.000000	0.000000	0.000000	30.57653202000000	-96.35022678999999	200.00000000000000	1
162	0	3	16	0.000000	0.000000	0.000000	0.000000	30.57689905285714	-96.35035829238095	200.00000000000000	1
163	0	3	16	0.000000	0.000000	0.000000	0.000000	30.57655507285714	-96.35111167809524	200.00000000000000	1
164	0	3	16	0.000000	0.000000	0.000000	0.000000	30.57655152428571	-96.35027760952380	200.00000000000000	1
165	0	3	16	0.000000	0.000000	0.000000	0.000000	30.57686063571429	-96.35039566476189	200.00000000000000	1
166	0	3	16	0.000000	0.000000	0.000000	0.000000	30.57657398571429	-96.35102348619047	200.00000000000000	1
167	0	3	16	0.000000	0.000000	0.000000	0.000000	30.57657102857143	-96.35032842904761	200.00000000000000	1
168	0	3	16	0.000000	0.000000	0.000000	0.000000	30.57682221857143	-96.35043303714284	200.00000000000000	1
169	0	3	16	0.000000	0.000000	0.000000	0.000000	30.57659289857143	-96.35093529428570	200.00000000000000	1
170	0	3	16	0.000000	0.000000	0.000000	0.000000	30.57659053285714	-96.35037924857141	200.00000000000000	1
171	0	3	16	0.000000	0.000000	0.000000	0.000000	30.57678380142857	-96.35047040952378	200.00000000000000	1
172	0	3	16	0.000000	0.000000	0.000000	0.000000	30.57661181142857	-96.35084710238094	200.00000000000000	1
173	0	3	16	0.000000	0.000000	0.000000	0.000000	30.57661003714285	-96.35043006809522	200.00000000000000	1
174	0	3	16	0.000000	0.000000	0.000000	0.000000	30.57674538428572	-96.35050778190472	200.00000000000000	1
175	0	3	16	0.000000	0.000000	0.000000	0.000000	30.57663072428572	-96.35075891047617	200.00000000000000	1
176	0	3	16	0.000000	0.000000	0.000000	0.000000	30.57662954142857	-96.35048088761903	200.00000000000000	1
177	0	3	16	0.000000	0.000000	0.000000	0.000000	30.57670696714286	-96.35054515428567	200.00000000000000	1
178	0	3	16	0.000000	0.000000	0.000000	0.000000	30.57664963714286	-96.35067071857141	200.00000000000000	1
179	0	3	16	0.000000	0.000000	0.000000	0.000000	30.57664904571428	-96.35053170714284	200.00000000000000	1
180	0	3	16	0.000000	0.000000	0.000000	0.000000	30.57666855000000	-96.35058252666661	200.00000000000000	1
