QGC WPL 110
0	0	0	16	0.000000	0.000000	0.000000	0.000000	30.57817868000000	-96.35114378000000	200.00000000000000	1
1	0	3	16	0.000000	0.000000	0.000000	0.000000	30.57795947000000	-96.35144507000000	200.00000000000000	1
2	0	3	16	0.000000	0.000000	0.000000	0.000000	30.57741088000000	-96.35210884999999	200.00000000000000	1
3	0	3	16	0.000000	0.000000	0.000000	0.000000	30.57713608000000	-96.35162046000001	200.00000000000000	1
4	0	3	16	0.000000	0.000000	0.000000	0.000000	30.57810619392857	-96.35120603142857	200.00000000000000	1
5	0	3	16	0.000000	0.000000	0.000000	0.000000	30.57791829964286	-96.35146428000000	200.00000000000000	1
6	0	3	16	0.000000	0.000000	0.000000	0.000000	30.57744807964286	-96.35203323428571	200.00000000000000	1
7	0	3	16	0.000000	0.000000	0.000000	0.000000	30.57721253678571	-96.35161461428572	200.00000000000000	1
8	0	3	16	0.000000	0.000000	0.000000	0.000000	30.57803370785714	-96.35126828285715	200.00000000000000	1
9	0	3	16	0.000000	0.000000	0.000000	0.000000	30.57787712928571	-96.35148349000001	200.00000000000000	1
10	0	3	16	0.000000	0.000000	0.000000	0.000000	30.57748527928571	-96.35195761857143	200.00000000000000	1
11	0	3	16	0.000000	0.000000	0.000000	0.000000	30.57728899357143	-96.35160876857144	200.00000000000000	1
12	0	3	16	0.000000	0.000000	0.000000	0.000000	30.57796122178572	-96.35133053428572	200.00000000000000	1
13	0	3	16	0.000000	0.000000	0.000000	0.000000	30.57783595892857	-96.35150270000001	200.00000000000000	1
14	0	3	16	0.000000	0.000000	0.000000	0.000000	30.57752247892857	-96.35188200285715	200.00000000000000	1
15	0	3	16	0.000000	0.000000	0.000000	0.000000	30.57736545035714	-96.35160292285715	200.00000000000000	1
16	0	3	16	0.000000	0.000000	0.000000	0.000000	30.57788873571429	-96.35139278571430	200.00000000000000	1
17	0	3	16	0.000000	0.000000	0.000000	0.000000	30.57779478857143	-96.35152191000002	200.00000000000000	1
18	0	3	16	0.000000	0.000000	0.000000	0.000000	30.57755967857143	-96.35180638714287	200.00000000000000	1
19	0	3	16	0.000000	0.000000	0.000000	0.000000	30.57744190714285	-96.35159707714287	200.00000000000000	1
20	0	3	16	0.000000	0.000000	0.000000	0.000000	30.57781624964286	-96.35145503714287	200.00000000000000	1
21	0	3	16	0.000000	0.000000	0.000000	0.000000	30.57775361821428	-96.35154112000002	200.00000000000000	1
22	0	3	16	0.000000	0.000000	0.000000	0.000000	30.57759687821429	-96.35173077142859	200.00000000000000	1
23	0	3	16	0.000000	0.000000	0.000000	0.000000	30.57751836392857	-96.35159123142859	200.00000000000000	1
24	0	3	16	0.000000	0.000000	0.000000	0.000000	30.57774376357143	-96.35151728857144	200.00000000000000	1
25	0	3	16	0.000000	0.000000	0.000000	0.000000	30.57771244785714	-96.35156033000003	200.00000000000000	1
26	0	3	16	0.000000	0.000000	0.000000	0.000000	30.57763407785714	-96.35165515571431	200.00000000000000	1
27	0	3	16	0.000000	0.000000	0.000000	0.000000	30.57759482071428	-96.35158538571430	200.00000000000000	1
28	0	3	16	0.000000	0.000000	0.000000	0.000000	30.57767127750001	-96.35157954000002	200.00000000000000	1
29	0	3	16	0.000000	0.000000	0.000000	0.000000	30.57713608000000	-96.35162046000001	200.00000000000000	1
30	0	3	16	0.000000	0.000000	0.000000	0.000000	30.57706725000000	-96.35151437000000	200.00000000000000	1
31	0	3	16	0.000000	0.000000	0.000000	0.000000	30.57848108000000	-96.35034386000000	200.00000000000000	1
32	0	3	16	0.000000	0.000000	0.000000	0.000000	30.57849345000000	-96.35056247000000	200.00000000000000	1
33	0	3	16	0.000000	0.000000	0.000000	0.000000	30.57817868000000	-96.35114378000000	200.00000000000000	1
34	0	3	16	0.000000	0.000000	0.000000	0.000000	30.57724111257143	-96.35153710685715	200.00000000000000	1
35	0	3	16	0.000000	0.000000	0.000000	0.000000	30.57718211542857	-96.35144617257143	200.00000000000000	1
36	0	3	16	0.000000	0.000000	0.000000	0.000000	30.57839396971428	-96.35044287828570	200.00000000000000	1
37	0	3	16	0.000000	0.000000	0.000000	0.000000	30.57840457257143	-96.35063025828572	200.00000000000000	1
38	0	3	16	0.000000	0.000000	0.000000	0.000000	30.57813476971429	-96.35112852400000	200.00000000000000	1
39	0	3	16	0.000000	0.000000	0.000000	0.000000	30.57734614514286	-96.35145375371430	200.00000000000000	1
40	0	3	16	0.000000	0.000000	0.000000	0.000000	30.57729698085714	-96.35137797514285	200.00000000000000	1
41	0	3	16	0.000000	0.000000	0.000000	0.000000	30.57830685942857	-96.35054189657141	200.00000000000000	1
42	0	3	16	0.000000	0.000000	0.000000	0.000000	30.57831569514286	-96.35069804657144	200.00000000000000	1
43	0	3	16	0.000000	0.000000	0.000000	0.000000	30.57809085942857	-96.35111326800001	200.00000000000000	1
44	0	3	16	0.000000	0.000000	0.000000	0.000000	30.57745117771429	-96.35137040057144	200.00000000000000	1
45	0	3	16	0.000000	0.000000	0.000000	0.000000	30.57741184628571	-96.35130977771428	200.00000000000000	1
46	0	3	16	0.000000	0.000000	0.000000	0.000000	30.57821974914285	-96.35064091485712	200.00000000000000	1
47	0	3	16	0.000000	0.000000	0.000000	0.000000	30.57822681771429	-96.35076583485716	200.00000000000000	1
48	0	3	16	0.000000	0.000000	0.000000	0.000000	30.57804694914286	-96.35109801200001	200.00000000000000	1
49	0	3	16	0.000000	0.000000	0.000000	0.000000	30.57755621028572	-96.35128704742858	200.00000000000000	1
50	0	3	16	0.000000	0.000000	0.000000	0.000000	30.57752671171428	-96.35124158028570	200.00000000000000	1
51	0	3	16	0.000000	0.000000	0.000000	0.000000	30.57813263885714	-96.35073993314283	200.00000000000000	1
52	0	3	16	0.000000	0.000000	0.000000	0.000000	30.57813794028572	-96.35083362314288	200.00000000000000	1
53	0	3	16	0.000000	0.000000	0.000000	0.000000	30.57800303885714	-96.35108275600001	200.00000000000000	1
54	0	3	16	0.000000	0.000000	0.000000	0.000000	30.57766124285715	-96.35120369428573	200.00000000000000	1
55	0	3	16	0.000000	0.000000	0.000000	0.000000	30.57764157714286	-96.35117338285713	200.00000000000000	1
56	0	3	16	0.000000	0.000000	0.000000	0.000000	30.57804552857142	-96.35083895142854	200.00000000000000	1
57	0	3	16	0.000000	0.000000	0.000000	0.000000	30.57804906285715	-96.35090141142859	200.00000000000000	1
58	0	3	16	0.000000	0.000000	0.000000	0.000000	30.57795912857143	-96.35106750000001	200.00000000000000	1
59	0	3	16	0.000000	0.000000	0.000000	0.000000	30.57776627542858	-96.35112034114287	200.00000000000000	1
60	0	3	16	0.000000	0.000000	0.000000	0.000000	30.57775644257143	-96.35110518542855	200.00000000000000	1
61	0	3	16	0.000000	0.000000	0.000000	0.000000	30.57795841828571	-96.35093796971425	200.00000000000000	1
62	0	3	16	0.000000	0.000000	0.000000	0.000000	30.57796018542858	-96.35096919971431	200.00000000000000	1
63	0	3	16	0.000000	0.000000	0.000000	0.000000	30.57791521828571	-96.35105224400002	200.00000000000000	1
64	0	3	16	0.000000	0.000000	0.000000	0.000000	30.57787130800001	-96.35103698800002	200.00000000000000	1
65	0	3	16	0.000000	0.000000	0.000000	0.000000	30.57848108000000	-96.35034386000000	200.00000000000000	1
66	0	3	16	0.000000	0.000000	0.000000	0.000000	30.57706725000000	-96.35151437000000	200.00000000000000	1
67	0	3	16	0.000000	0.000000	0.000000	0.000000	30.57701408000000	-96.35143694000000	200.00000000000000	1
68	0	3	16	0.000000	0.000000	0.000000	0.000000	30.57834389761905	-96.35045165000000	200.00000000000000	1
69	0	3	16	0.000000	0.000000	0.000000	0.000000	30.57713204333333	-96.35145494428572	200.00000000000000	1
70	0	3	16	0.000000	0.000000	0.000000	0.000000	30.57708646904762	-96.35138857571428	200.00000000000000	1
71	0	3	16	0.000000	0.000000	0.000000	0.000000	30.57820671523809	-96.35055944000000	200.00000000000000	1
72	0	3	16	0.000000	0.000000	0.000000	0.000000	30.57719683666667	-96.35139551857144	200.00000000000000	1
73	0	3	16	0.000000	0.000000	0.000000	0.000000	30.57715885809524	-96.35134021142856	200.00000000000000	1
74	0	3	16	0.000000	0.000000	0.000000	0.000000	30.57806953285714	-96.35066723000000	200.00000000000000	1
75	0	3	16	0.000000	0.000000	0.000000	0.000000	30.57726163000000	-96.35133609285715	200.00000000000000	1
76	0	3	16	0.000000	0.000000	0.000000	0.000000	30.57723124714286	-96.35129184714285	200.00000000000000	1
77	0	3	16	0.000000	0.000000	0.000000	0.000000	30.57793235047619	-96.35077502000000	200.00000000000000	1
78	0	3	16	0.000000	0.000000	0.000000	0.000000	30.57732642333333	-96.35127666714287	200.00000000000000	1
79	0	3	16	0.000000	0.000000	0.000000	0.000000	30.57730363619048	-96.35124348285713	200.00000000000000	1
80	0	3	16	0.000000	0.000000	0.000000	0.000000	30.57779516809523	-96.35088281000000	200.00000000000000	1
81	0	3	16	0.000000	0.000000	0.000000	0.000000	30.57739121666667	-96.35121724142859	200.00000000000000	1
82	0	3	16	0.000000	0.000000	0.000000	0.000000	30.57737602523810	-96.35119511857141	200.00000000000000	1
83	0	3	16	0.000000	0.000000	0.000000	0.000000	30.57765798571428	-96.35099060000000	200.00000000000000	1
84	0	3	16	0.000000	0.000000	0.000000	0.000000	30.57745601000000	-96.35115781571430	200.00000000000000	1
85	0	3	16	0.000000	0.000000	0.000000	0.000000	30.57744841428572	-96.35114675428569	200.00000000000000	1
86	0	3	16	0.000000	0.000000	0.000000	0.000000	30.57752080333333	-96.35109839000000	200.00000000000000	1
87	0	3	16	0.000000	0.000000	0.000000	0.000000	30.57701408000000	-96.35143694000000	200.00000000000000	1
88	0	3	16	0.000000	0.000000	0.000000	0.000000	30.57672319000000	-96.35119554000001	200.00000000000000	1
89	0	3	16	0.000000	0.000000	0.000000	0.000000	30.57735410000000	-96.35079358000000	200.00000000000000	1
90	0	3	16	0.000000	0.000000	0.000000	0.000000	30.57848108000000	-96.35034386000000	200.00000000000000	1
91	0	3	16	0.000000	0.000000	0.000000	0.000000	30.57706822750000	-96.35136630285714	200.00000000000000	1
92	0	3	16	0.000000	0.000000	0.000000	0.000000	30.57681889321428	-96.35115938857143	200.00000000000000	1
93	0	3	16	0.000000	0.000000	0.000000	0.000000	30.57735967321429	-96.35081485142857	200.00000000000000	1
94	0	3	16	0.000000	0.000000	0.000000	0.000000	30.57832565607143	-96.35042937714286	200.00000000000000	1
95	0	3	16	0.000000	0.000000	0.000000	0.000000	30.57712237500000	-96.35129566571429	200.00000000000000	1
96	0	3	16	0.000000	0.000000	0.000000	0.000000	30.57691459642857	-96.35112323714286	200.00000000000000	1
97	0	3	16	0.000000	0.000000	0.000000	0.000000	30.57736524642857	-96.35083612285713	200.00000000000000	1
98	0	3	16	0.000000	0.000000	0.000000	0.000000	30.57817023214286	-96.35051489428572	200.00000000000000	1
99	0	3	16	0.000000	0.000000	0.000000	0.000000	30.57717652250000	-96.35122502857143	200.00000000000000	1
100	0	3	16	0.000000	0.000000	0.000000	0.000000	30.57701029964285	-96.35108708571428	200.00000000000000	1
101	0	3	16	0.000000	0.000000	0.000000	0.000000	30.57737081964286	-96.35085739428570	200.00000000000000	1
102	0	3	16	0.000000	0.000000	0.000000	0.000000	30.57801480821428	-96.35060041142859	200.00000000000000	1
103	0	3	16	0.000000	0.000000	0.000000	0.000000	30.57723067000000	-96.35115439142858	200.00000000000000	1
104	0	3	16	0.000000	0.000000	0.000000	0.000000	30.57710600285714	-96.35105093428571	200.00000000000000	1
105	0	3	16	0.000000	0.000000	0.000000	0.000000	30.57737639285714	-96.35087866571426	200.00000000000000	1
106	0	3	16	0.000000	0.000000	0.000000	0.000000	30.57785938428571	-96.35068592857145	200.00000000000000	1
107	0	3	16	0.000000	0.000000	0.000000	0.000000	30.57728481749999	-96.35108375428572	200.00000000000000	1
108	0	3	16	0.000000	0.000000	0.000000	0.000000	30.57720170607142	-96.35101478285713	200.00000000000000	1
109	0	3	16	0.000000	0.000000	0.000000	0.000000	30.57738196607142	-96.35089993714283	200.00000000000000	1
110	0	3	16	0.000000	0.000000	0.000000	0.000000	30.57770396035714	-96.35077144571432	200.00000000000000	1
111	0	3	16	0.000000	0.000000	0.000000	0.000000	30.57733896499999	-96.35101311714287	200.00000000000000	1
112	0	3	16	0.000000	0.000000	0.000000	0.000000	30.57729740928571	-96.35097863142856	200.00000000000000	1
113	0	3	16	0.000000	0.000000	0.000000	0.000000	30.57738753928571	-96.35092120857139	200.00000000000000	1
114	0	3	16	0.000000	0.000000	0.000000	0.000000	30.57754853642857	-96.35085696285718	200.00000000000000	1
115	0	3	16	0.000000	0.000000	0.000000	0.000000	30.57739311249999	-96.35094248000001	200.00000000000000	1
116	0	3	16	0.000000	0.000000	0.000000	0.000000	30.57735410000000	-96.35079358000000	200.00000000000000	1
117	0	3	16	0.000000	0.000000	0.000000	0.000000	30.57672319000000	-96.35119554000001	200.00000000000000	1
118	0	3	16	0.000000	0.000000	0.000000	0.000000	30.57666885000000	-96.35117207000000	200.00000000000000	1
119	0	3	16	0.000000	0.000000	0.000000	0.000000	30.57800558000000	-96.35011342999999	200.00000000000000	1
120	0	3	16	0.000000	0.000000	0.000000	0.000000	30.57824997000000	-96.35012137000000	200.00000000000000	1
121	0	3	16	0.000000	0.000000	0.000000	0.000000	30.57736070542857	-96.35077723971429	200.00000000000000	1
122	0	3	16	0.000000	0.000000	0.000000	0.000000	30.57681992542857	-96.35112177685714	200.00000000000000	1
123	0	3	16	0.000000	0.000000	0.000000	0.000000	30.57677334828572	-96.35110165971429	200.00000000000000	1
124	0	3	16	0.000000	0.000000	0.000000	0.000000	30.57791911685714	-96.35019425399999	200.00000000000000	1
125	0	3	16	0.000000	0.000000	0.000000	0.000000	30.57812859400000	-96.35020105971428	200.00000000000000	1
126	0	3	16	0.000000	0.000000	0.000000	0.000000	30.57736731085714	-96.35076089942858	200.00000000000000	1
127	0	3	16	0.000000	0.000000	0.000000	0.000000	30.57691666085714	-96.35104801371428	200.00000000000000	1
128	0	3	16	0.000000	0.000000	0.000000	0.000000	30.57687784657143	-96.35103124942857	200.00000000000000	1
129	0	3	16	0.000000	0.000000	0.000000	0.000000	30.57783265371429	-96.35027507799998	200.00000000000000	1
130	0	3	16	0.000000	0.000000	0.000000	0.000000	30.57800721800000	-96.35028074942856	200.00000000000000	1
131	0	3	16	0.000000	0.000000	0.000000	0.000000	30.57737391628571	-96.35074455914287	200.00000000000000	1
132	0	3	16	0.000000	0.000000	0.000000	0.000000	30.57701339628571	-96.35097425057141	200.00000000000000	1
133	0	3	16	0.000000	0.000000	0.000000	0.000000	30.57698234485715	-96.35096083914286	200.00000000000000	1
134	0	3	16	0.000000	0.000000	0.000000	0.000000	30.57774619057143	-96.35035590199998	200.00000000000000	1
135	0	3	16	0.000000	0.000000	0.000000	0.000000	30.57788584200000	-96.35036043914285	200.00000000000000	1
136	0	3	16	0.000000	0.000000	0.000000	0.000000	30.57738052171428	-96.35072821885716	200.00000000000000	1
137	0	3	16	0.000000	0.000000	0.000000	0.000000	30.57711013171428	-96.35090048742855	200.00000000000000	1
138	0	3	16	0.000000	0.000000	0.000000	0.000000	30.57708684314286	-96.35089042885714	200.00000000000000	1
139	0	3	16	0.000000	0.000000	0.000000	0.000000	30.57765972742857	-96.35043672599997	200.00000000000000	1
140	0	3	16	0.000000	0.000000	0.000000	0.000000	30.57776446600000	-96.35044012885713	200.00000000000000	1
141	0	3	16	0.000000	0.000000	0.000000	0.000000	30.57738712714285	-96.35071187857145	200.00000000000000	1
142	0	3	16	0.000000	0.000000	0.000000	0.000000	30.57720686714285	-96.35082672428568	200.00000000000000	1
143	0	3	16	0.000000	0.000000	0.000000	0.000000	30.57719134142858	-96.35082001857143	200.00000000000000	1
144	0	3	16	0.000000	0.000000	0.000000	0.000000	30.57757326428571	-96.35051754999996	200.00000000000000	1
145	0	3	16	0.000000	0.000000	0.000000	0.000000	30.57764309000001	-96.35051981857141	200.00000000000000	1
146	0	3	16	0.000000	0.000000	0.000000	0.000000	30.57739373257142	-96.35069553828573	200.00000000000000	1
147	0	3	16	0.000000	0.000000	0.000000	0.000000	30.57730360257142	-96.35075296114282	200.00000000000000	1
148	0	3	16	0.000000	0.000000	0.000000	0.000000	30.57729583971429	-96.35074960828571	200.00000000000000	1
149	0	3	16	0.000000	0.000000	0.000000	0.000000	30.57748680114286	-96.35059837399996	200.00000000000000	1
150	0	3	16	0.000000	0.000000	0.000000	0.000000	30.57752171400001	-96.35059950828570	200.00000000000000	1
151	0	3	16	0.000000	0.000000	0.000000	0.000000	30.57740033799999	-96.35067919800002	200.00000000000000	1
152	0	3	16	0.000000	0.000000	0.000000	0.000000	30.57800558000000	-96.35011342999999	200.00000000000000	1
153	0	3	16	0.000000	0.000000	0.000000	0.000000	30.57666885000000	-96.35117207000000	200.00000000000000	1
154	0	3	16	0.000000	0.000000	0.000000	0.000000	30.57654263000000	-96.35117006999999	200.00000000000000	1
155	0	3	16	0.000000	0.000000	0.000000	0.000000	30.57787226190476	-96.35021415761904	200.00000000000000	1
156	0	3	16	0.000000	0.000000	0.000000	0.000000	30.57672649333333	-96.35112156333334	200.00000000000000	1
157	0	3	16	0.000000	0.000000	0.000000	0.000000	30.57661830476190	-96.35111984904762	200.00000000000000	1
158	0	3	16	0.000000	0.000000	0.000000	0.000000	30.57773894380952	-96.35031488523808	200.00000000000000	1
159	0	3	16	0.000000	0.000000	0.000000	0.000000	30.57678413666666	-96.35107105666667	200.00000000000000	1
160	0	3	16	0.000000	0.000000	0.000000	0.000000	30.57669397952381	-96.35106962809525	200.00000000000000	1
161	0	3	16	0.000000	0.000000	0.000000	0.000000	30.57760562571429	-96.35041561285712	200.00000000000000	1
162	0	3	16	0.000000	0.000000	0.000000	0.000000	30.57684178000000	-96.35102055000000	200.00000000000000	1
163	0	3	16	0.000000	0.000000	0.000000	0.000000	30.57676965428572	-96.35101940714287	200.00000000000000	1
164	0	3	16	0.000000	0.000000	0.000000	0.000000	30.57747230761905	-96.35051634047616	200.00000000000000	1
165	0	3	16	0.000000	0.000000	0.000000	0.000000	30.57689942333333	-96.35097004333333	200.00000000000000	1
166	0	3	16	0.000000	0.000000	0.000000	0.000000	30.57684532904762	-96.35096918619050	200.00000000000000	1
167	0	3	16	0.000000	0.000000	0.000000	0.000000	30.57733898952381	-96.35061706809520	200.00000000000000	1
168	0	3	16	0.000000	0.000000	0.000000	0.000000	30.57695706666666	-96.35091953666667	200.00000000000000	1
169	0	3	16	0.000000	0.000000	0.000000	0.000000	30.57692100380953	-96.35091896523812	200.00000000000000	1
170	0	3	16	0.000000	0.000000	0.000000	0.000000	30.57720567142858	-96.35071779571425	200.00000000000000	1
171	0	3	16	0.000000	0.000000	0.000000	0.000000	30.57701470999999	-96.35086903000000	200.00000000000000	1
172	0	3	16	0.000000	0.000000	0.000000	0.000000	30.57699667857143	-96.35086874428575	200.00000000000000	1
173	0	3	16	0.000000	0.000000	0.000000	0.000000	30.57707235333334	-96.35081852333329	200.00000000000000	1
174	0	3	16	0.000000	0.000000	0.000000	0.000000	30.57666885000000	-96.35117207000000	200.00000000000000	1
175	0	3	16	0.000000	0.000000	0.000000	0.000000	30.57652291000000	-96.35199575999999	200.00000000000000	1
176	0	3	16	0.000000	0.000000	0.000000	0.000000	30.57654263000000	-96.35117006999999	200.00000000000000	1
177	0	3	16	0.000000	0.000000	0.000000	0.000000	30.57665589000000	-96.35121119809524	200.00000000000000	1
178	0	3	16	0.000000	0.000000	0.000000	0.000000	30.57653079857143	-96.35191721809522	200.00000000000000	1
179	0	3	16	0.000000	0.000000	0.000000	0.000000	30.57654770142857	-96.35120948380951	200.00000000000000	1
180	0	3	16	0.000000	0.000000	0.000000	0.000000	30.57664293000000	-96.35125032619048	200.00000000000000	1
181	0	3	16	0.000000	0.000000	0.000000	0.000000	30.57653868714286	-96.35183867619045	200.00000000000000	1
182	0	3	16	0.000000	0.000000	0.000000	0.000000	30.57655277285714	-96.35124889761903	200.00000000000000	1
183	0	3	16	0.000000	0.000000	0.000000	0.000000	30.57662997000000	-96.35128945428572	200.00000000000000	1
184	0	3	16	0.000000	0.000000	0.000000	0.000000	30.57654657571429	-96.35176013428568	200.00000000000000	1
185	0	3	16	0.000000	0.000000	0.000000	0.000000	30.57655784428571	-96.35128831142855	200.00000000000000	1
186	0	3	16	0.000000	0.000000	0.000000	0.000000	30.57661701000000	-96.35132858238096	200.00000000000000	1
187	0	3	16	0.000000	0.000000	0.000000	0.000000	30.57655446428571	-96.35168159238091	200.00000000000000	1
188	0	3	16	0.000000	0.000000	0.000000	0.000000	30.57656291571428	-96.35132772523806	200.00000000000000	1
189	0	3	16	0.000000	0.000000	0.000000	0.000000	30.57660405000000	-96.35136771047620	200.00000000000000	1
190	0	3	16	0.000000	0.000000	0.000000	0.000000	30.57656235285714	-96.35160305047614	200.00000000000000	1
191	0	3	16	0.000000	0.000000	0.000000	0.000000	30.57656798714286	-96.35136713904758	200.00000000000000	1
192	0	3	16	0.000000	0.000000	0.000000	0.000000	30.57659109000000	-96.35140683857144	200.00000000000000	1
193	0	3	16	0.000000	0.000000	0.000000	0.000000	30.57657024142857	-96.35152450857137	200.00000000000000	1
194	0	3	16	0.000000	0.000000	0.000000	0.000000	30.57657305857143	-96.35140655285710	200.00000000000000	1
195	0	3	16	0.000000	0.000000	0.000000	0.000000	30.57657813000001	-96.35144596666667	200.00000000000000	1
