QGC WPL 110
0	0	0	16	0.000000	0.000000	0.000000	0.000000	30.57811000000000	-96.35205885000001	200.00000000000000	1
1	0	3	16	0.000000	0.000000	0.000000	0.000000	30.57693264000000	-96.35164310000000	200.00000000000000	1
2	0	3	16	0.000000	0.000000	0.000000	0.000000	30.57699697000000	-96.35161151000000	200.00000000000000	1
3	0	3	16	0.000000	0.000000	0.000000	0.000000	30.57800093380952	-96.35201775047619	200.00000000000000	1
4	0	3	16	0.000000	0.000000	0.000000	0.000000	30.57699176809524	-96.35166139333333	200.00000000000000	1
5	0	3	16	0.000000	0.000000	0.000000	0.000000	30.57704690809524	-96.35163431619047	200.00000000000000	1
6	0	3	16	0.000000	0.000000	0.000000	0.000000	30.57789186761905	-96.35197665095238	200.00000000000000	1
7	0	3	16	0.000000	0.000000	0.000000	0.000000	30.57705089619047	-96.35167968666666	200.00000000000000	1
8	0	3	16	0.000000	0.000000	0.000000	0.000000	30.57709684619048	-96.35165712238094	200.00000000000000	1
9	0	3	16	0.000000	0.000000	0.000000	0.000000	30.57778280142857	-96.35193555142857	200.00000000000000	1
10	0	3	16	0.000000	0.000000	0.000000	0.000000	30.57711002428571	-96.35169797999998	200.00000000000000	1
11	0	3	16	0.000000	0.000000	0.000000	0.000000	30.57714678428571	-96.35167992857141	200.00000000000000	1
12	0	3	16	0.000000	0.000000	0.000000	0.000000	30.57767373523810	-96.35189445190476	200.00000000000000	1
13	0	3	16	0.000000	0.000000	0.000000	0.000000	30.57716915238095	-96.35171627333331	200.00000000000000	1
14	0	3	16	0.000000	0.000000	0.000000	0.000000	30.57719672238095	-96.35170273476189	200.00000000000000	1
15	0	3	16	0.000000	0.000000	0.000000	0.000000	30.57756466904762	-96.35185335238094	200.00000000000000	1
16	0	3	16	0.000000	0.000000	0.000000	0.000000	30.57722828047619	-96.35173456666664	200.00000000000000	1
17	0	3	16	0.000000	0.000000	0.000000	0.000000	30.57724666047619	-96.35172554095236	200.00000000000000	1
18	0	3	16	0.000000	0.000000	0.000000	0.000000	30.57745560285715	-96.35181225285713	200.00000000000000	1
19	0	3	16	0.000000	0.000000	0.000000	0.000000	30.57728740857143	-96.35175285999996	200.00000000000000	1
20	0	3	16	0.000000	0.000000	0.000000	0.000000	30.57729659857143	-96.35174834714283	200.00000000000000	1
21	0	3	16	0.000000	0.000000	0.000000	0.000000	30.57734653666667	-96.35177115333332	200.00000000000000	1
22	0	3	16	0.000000	0.000000	0.000000	0.000000	30.57699697000000	-96.35161151000000	200.00000000000000	1
23	0	3	16	0.000000	0.000000	0.000000	0.000000	30.57707760000000	-96.35133295000000	200.00000000000000	1
24	0	3	16	0.000000	0.000000	0.000000	0.000000	30.57809314000000	-96.35197642000000	200.00000000000000	1
25	0	3	16	0.000000	0.000000	0.000000	0.000000	30.57811000000000	-96.35205885000001	200.00000000000000	1
26	0	3	16	0.000000	0.000000	0.000000	0.000000	30.57707874964286	-96.35163057035714	200.00000000000000	1
27	0	3	16	0.000000	0.000000	0.000000	0.000000	30.57714786107143	-96.35139180464286	200.00000000000000	1
28	0	3	16	0.000000	0.000000	0.000000	0.000000	30.57801832392857	-96.35194335035715	200.00000000000000	1
29	0	3	16	0.000000	0.000000	0.000000	0.000000	30.57803277535714	-96.35201400464287	200.00000000000000	1
30	0	3	16	0.000000	0.000000	0.000000	0.000000	30.57716052928572	-96.35164963071429	200.00000000000000	1
31	0	3	16	0.000000	0.000000	0.000000	0.000000	30.57721812214286	-96.35145065928572	200.00000000000000	1
32	0	3	16	0.000000	0.000000	0.000000	0.000000	30.57794350785714	-96.35191028071429	200.00000000000000	1
33	0	3	16	0.000000	0.000000	0.000000	0.000000	30.57795555071428	-96.35196915928573	200.00000000000000	1
34	0	3	16	0.000000	0.000000	0.000000	0.000000	30.57724230892858	-96.35166869107144	200.00000000000000	1
35	0	3	16	0.000000	0.000000	0.000000	0.000000	30.57728838321428	-96.35150951392858	200.00000000000000	1
36	0	3	16	0.000000	0.000000	0.000000	0.000000	30.57786869178571	-96.35187721107144	200.00000000000000	1
37	0	3	16	0.000000	0.000000	0.000000	0.000000	30.57787832607142	-96.35192431392859	200.00000000000000	1
38	0	3	16	0.000000	0.000000	0.000000	0.000000	30.57732408857143	-96.35168775142859	200.00000000000000	1
39	0	3	16	0.000000	0.000000	0.000000	0.000000	30.57735864428571	-96.35156836857144	200.00000000000000	1
40	0	3	16	0.000000	0.000000	0.000000	0.000000	30.57779387571428	-96.35184414142859	200.00000000000000	1
41	0	3	16	0.000000	0.000000	0.000000	0.000000	30.57780110142857	-96.35187946857145	200.00000000000000	1
42	0	3	16	0.000000	0.000000	0.000000	0.000000	30.57740586821429	-96.35170681178573	200.00000000000000	1
43	0	3	16	0.000000	0.000000	0.000000	0.000000	30.57742890535714	-96.35162722321429	200.00000000000000	1
44	0	3	16	0.000000	0.000000	0.000000	0.000000	30.57771905964286	-96.35181107178573	200.00000000000000	1
45	0	3	16	0.000000	0.000000	0.000000	0.000000	30.57772387678571	-96.35183462321432	200.00000000000000	1
46	0	3	16	0.000000	0.000000	0.000000	0.000000	30.57748764785715	-96.35172587214288	200.00000000000000	1
47	0	3	16	0.000000	0.000000	0.000000	0.000000	30.57749916642857	-96.35168607785715	200.00000000000000	1
48	0	3	16	0.000000	0.000000	0.000000	0.000000	30.57764424357143	-96.35177800214288	200.00000000000000	1
49	0	3	16	0.000000	0.000000	0.000000	0.000000	30.57764665214285	-96.35178977785718	200.00000000000000	1
50	0	3	16	0.000000	0.000000	0.000000	0.000000	30.57756942750001	-96.35174493250003	200.00000000000000	1
51	0	3	16	0.000000	0.000000	0.000000	0.000000	30.57707760000000	-96.35133295000000	200.00000000000000	1
52	0	3	16	0.000000	0.000000	0.000000	0.000000	30.57659910000000	-96.35151814000000	200.00000000000000	1
53	0	3	16	0.000000	0.000000	0.000000	0.000000	30.57705923000000	-96.35090362000000	200.00000000000000	1
54	0	3	16	0.000000	0.000000	0.000000	0.000000	30.57705393952381	-96.35132132428572	200.00000000000000	1
55	0	3	16	0.000000	0.000000	0.000000	0.000000	30.57664379666667	-96.35148005857143	200.00000000000000	1
56	0	3	16	0.000000	0.000000	0.000000	0.000000	30.57703819380952	-96.35095332714286	200.00000000000000	1
57	0	3	16	0.000000	0.000000	0.000000	0.000000	30.57703027904762	-96.35130969857144	200.00000000000000	1
58	0	3	16	0.000000	0.000000	0.000000	0.000000	30.57668849333333	-96.35144197714285	200.00000000000000	1
59	0	3	16	0.000000	0.000000	0.000000	0.000000	30.57701715761905	-96.35100303428572	200.00000000000000	1
60	0	3	16	0.000000	0.000000	0.000000	0.000000	30.57700661857142	-96.35129807285716	200.00000000000000	1
61	0	3	16	0.000000	0.000000	0.000000	0.000000	30.57673319000000	-96.35140389571428	200.00000000000000	1
62	0	3	16	0.000000	0.000000	0.000000	0.000000	30.57699612142858	-96.35105274142859	200.00000000000000	1
63	0	3	16	0.000000	0.000000	0.000000	0.000000	30.57698295809523	-96.35128644714288	200.00000000000000	1
64	0	3	16	0.000000	0.000000	0.000000	0.000000	30.57677788666667	-96.35136581428571	200.00000000000000	1
65	0	3	16	0.000000	0.000000	0.000000	0.000000	30.57697508523810	-96.35110244857145	200.00000000000000	1
66	0	3	16	0.000000	0.000000	0.000000	0.000000	30.57695929761904	-96.35127482142860	200.00000000000000	1
67	0	3	16	0.000000	0.000000	0.000000	0.000000	30.57682258333333	-96.35132773285714	200.00000000000000	1
68	0	3	16	0.000000	0.000000	0.000000	0.000000	30.57695404904763	-96.35115215571432	200.00000000000000	1
69	0	3	16	0.000000	0.000000	0.000000	0.000000	30.57693563714285	-96.35126319571432	200.00000000000000	1
70	0	3	16	0.000000	0.000000	0.000000	0.000000	30.57686728000000	-96.35128965142857	200.00000000000000	1
71	0	3	16	0.000000	0.000000	0.000000	0.000000	30.57693301285715	-96.35120186285718	200.00000000000000	1
72	0	3	16	0.000000	0.000000	0.000000	0.000000	30.57691197666666	-96.35125157000004	200.00000000000000	1
73	0	3	16	0.000000	0.000000	0.000000	0.000000	30.57707760000000	-96.35133295000000	200.00000000000000	1
74	0	3	16	0.000000	0.000000	0.000000	0.000000	30.57705923000000	-96.35090362000000	200.00000000000000	1
75	0	3	16	0.000000	0.000000	0.000000	0.000000	30.57778396000000	-96.35061958999999	200.00000000000000	1
76	0	3	16	0.000000	0.000000	0.000000	0.000000	30.57849793000000	-96.35141968000001	200.00000000000000	1
77	0	3	16	0.000000	0.000000	0.000000	0.000000	30.57820018000000	-96.35201032000001	200.00000000000000	1
78	0	3	16	0.000000	0.000000	0.000000	0.000000	30.57809314000000	-96.35197642000000	200.00000000000000	1
79	0	3	16	0.000000	0.000000	0.000000	0.000000	30.57717870571429	-96.35133925666666	200.00000000000000	1
80	0	3	16	0.000000	0.000000	0.000000	0.000000	30.57716296000000	-96.35097125952380	200.00000000000000	1
81	0	3	16	0.000000	0.000000	0.000000	0.000000	30.57778415714286	-96.35072780523809	200.00000000000000	1
82	0	3	16	0.000000	0.000000	0.000000	0.000000	30.57839613142857	-96.35141359666667	200.00000000000000	1
83	0	3	16	0.000000	0.000000	0.000000	0.000000	30.57814091714286	-96.35191985952382	200.00000000000000	1
84	0	3	16	0.000000	0.000000	0.000000	0.000000	30.57804916857143	-96.35189080238095	200.00000000000000	1
85	0	3	16	0.000000	0.000000	0.000000	0.000000	30.57727981142857	-96.35134556333333	200.00000000000000	1
86	0	3	16	0.000000	0.000000	0.000000	0.000000	30.57726669000000	-96.35103889904761	200.00000000000000	1
87	0	3	16	0.000000	0.000000	0.000000	0.000000	30.57778435428571	-96.35083602047619	200.00000000000000	1
88	0	3	16	0.000000	0.000000	0.000000	0.000000	30.57829433285714	-96.35140751333334	200.00000000000000	1
89	0	3	16	0.000000	0.000000	0.000000	0.000000	30.57808165428571	-96.35182939904763	200.00000000000000	1
90	0	3	16	0.000000	0.000000	0.000000	0.000000	30.57800519714286	-96.35180518476190	200.00000000000000	1
91	0	3	16	0.000000	0.000000	0.000000	0.000000	30.57738091714286	-96.35135186999999	200.00000000000000	1
92	0	3	16	0.000000	0.000000	0.000000	0.000000	30.57737042000000	-96.35110653857141	200.00000000000000	1
93	0	3	16	0.000000	0.000000	0.000000	0.000000	30.57778455142857	-96.35094423571429	200.00000000000000	1
94	0	3	16	0.000000	0.000000	0.000000	0.000000	30.57819253428572	-96.35140143000001	200.00000000000000	1
95	0	3	16	0.000000	0.000000	0.000000	0.000000	30.57802239142857	-96.35173893857144	200.00000000000000	1
96	0	3	16	0.000000	0.000000	0.000000	0.000000	30.57796122571429	-96.35171956714285	200.00000000000000	1
97	0	3	16	0.000000	0.000000	0.000000	0.000000	30.57748202285714	-96.35135817666665	200.00000000000000	1
98	0	3	16	0.000000	0.000000	0.000000	0.000000	30.57747415000000	-96.35117417809522	200.00000000000000	1
99	0	3	16	0.000000	0.000000	0.000000	0.000000	30.57778474857143	-96.35105245095239	200.00000000000000	1
100	0	3	16	0.000000	0.000000	0.000000	0.000000	30.57809073571429	-96.35139534666668	200.00000000000000	1
101	0	3	16	0.000000	0.000000	0.000000	0.000000	30.57796312857143	-96.35164847809526	200.00000000000000	1
102	0	3	16	0.000000	0.000000	0.000000	0.000000	30.57791725428572	-96.35163394952380	200.00000000000000	1
103	0	3	16	0.000000	0.000000	0.000000	0.000000	30.57758312857143	-96.35136448333331	200.00000000000000	1
104	0	3	16	0.000000	0.000000	0.000000	0.000000	30.57757788000000	-96.35124181761903	200.00000000000000	1
105	0	3	16	0.000000	0.000000	0.000000	0.000000	30.57778494571428	-96.35116066619049	200.00000000000000	1
106	0	3	16	0.000000	0.000000	0.000000	0.000000	30.57798893714286	-96.35138926333335	200.00000000000000	1
107	0	3	16	0.000000	0.000000	0.000000	0.000000	30.57790386571429	-96.35155801761907	200.00000000000000	1
108	0	3	16	0.000000	0.000000	0.000000	0.000000	30.57787328285714	-96.35154833190475	200.00000000000000	1
109	0	3	16	0.000000	0.000000	0.000000	0.000000	30.57768423428572	-96.35137078999998	200.00000000000000	1
110	0	3	16	0.000000	0.000000	0.000000	0.000000	30.57768161000000	-96.35130945714283	200.00000000000000	1
111	0	3	16	0.000000	0.000000	0.000000	0.000000	30.57778514285714	-96.35126888142860	200.00000000000000	1
112	0	3	16	0.000000	0.000000	0.000000	0.000000	30.57788713857143	-96.35138318000001	200.00000000000000	1
113	0	3	16	0.000000	0.000000	0.000000	0.000000	30.57784460285714	-96.35146755714288	200.00000000000000	1
114	0	3	16	0.000000	0.000000	0.000000	0.000000	30.57782931142857	-96.35146271428570	200.00000000000000	1
115	0	3	16	0.000000	0.000000	0.000000	0.000000	30.57778534000000	-96.35137709666664	200.00000000000000	1
116	0	3	16	0.000000	0.000000	0.000000	0.000000	30.57849793000000	-96.35141968000001	200.00000000000000	1
117	0	3	16	0.000000	0.000000	0.000000	0.000000	30.57778396000000	-96.35061958999999	200.00000000000000	1
118	0	3	16	0.000000	0.000000	0.000000	0.000000	30.57773484000000	-96.35034698000000	200.00000000000000	1
119	0	3	16	0.000000	0.000000	0.000000	0.000000	30.57792682000000	-96.35011932000000	200.00000000000000	1
120	0	3	16	0.000000	0.000000	0.000000	0.000000	30.57820313000000	-96.35028516000000	200.00000000000000	1
121	0	3	16	0.000000	0.000000	0.000000	0.000000	30.57843098800000	-96.35129660371429	200.00000000000000	1
122	0	3	16	0.000000	0.000000	0.000000	0.000000	30.57781901371429	-96.35061081228571	200.00000000000000	1
123	0	3	16	0.000000	0.000000	0.000000	0.000000	30.57777691085714	-96.35037714657143	200.00000000000000	1
124	0	3	16	0.000000	0.000000	0.000000	0.000000	30.57794146514286	-96.35018200942858	200.00000000000000	1
125	0	3	16	0.000000	0.000000	0.000000	0.000000	30.57817830228571	-96.35032415799999	200.00000000000000	1
126	0	3	16	0.000000	0.000000	0.000000	0.000000	30.57836404600000	-96.35117352742857	200.00000000000000	1
127	0	3	16	0.000000	0.000000	0.000000	0.000000	30.57785406742857	-96.35060203457142	200.00000000000000	1
128	0	3	16	0.000000	0.000000	0.000000	0.000000	30.57781898171428	-96.35040731314287	200.00000000000000	1
129	0	3	16	0.000000	0.000000	0.000000	0.000000	30.57795611028572	-96.35024469885715	200.00000000000000	1
130	0	3	16	0.000000	0.000000	0.000000	0.000000	30.57815347457143	-96.35036315599999	200.00000000000000	1
131	0	3	16	0.000000	0.000000	0.000000	0.000000	30.57829710400000	-96.35105045114285	200.00000000000000	1
132	0	3	16	0.000000	0.000000	0.000000	0.000000	30.57788912114286	-96.35059325685714	200.00000000000000	1
133	0	3	16	0.000000	0.000000	0.000000	0.000000	30.57786105257142	-96.35043747971430	200.00000000000000	1
134	0	3	16	0.000000	0.000000	0.000000	0.000000	30.57797075542857	-96.35030738828573	200.00000000000000	1
135	0	3	16	0.000000	0.000000	0.000000	0.000000	30.57812864685715	-96.35040215399998	200.00000000000000	1
136	0	3	16	0.000000	0.000000	0.000000	0.000000	30.57823016200000	-96.35092737485714	200.00000000000000	1
137	0	3	16	0.000000	0.000000	0.000000	0.000000	30.57792417485714	-96.35058447914285	200.00000000000000	1
138	0	3	16	0.000000	0.000000	0.000000	0.000000	30.57790312342857	-96.35046764628574	200.00000000000000	1
139	0	3	16	0.000000	0.000000	0.000000	0.000000	30.57798540057143	-96.35037007771430	200.00000000000000	1
140	0	3	16	0.000000	0.000000	0.000000	0.000000	30.57810381914286	-96.35044115199997	200.00000000000000	1
141	0	3	16	0.000000	0.000000	0.000000	0.000000	30.57816322000000	-96.35080429857142	200.00000000000000	1
142	0	3	16	0.000000	0.000000	0.000000	0.000000	30.57795922857143	-96.35057570142857	200.00000000000000	1
143	0	3	16	0.000000	0.000000	0.000000	0.000000	30.57794519428571	-96.35049781285717	200.00000000000000	1
144	0	3	16	0.000000	0.000000	0.000000	0.000000	30.57800004571429	-96.35043276714288	200.00000000000000	1
145	0	3	16	0.000000	0.000000	0.000000	0.000000	30.57807899142858	-96.35048014999997	200.00000000000000	1
146	0	3	16	0.000000	0.000000	0.000000	0.000000	30.57809627800000	-96.35068122228570	200.00000000000000	1
147	0	3	16	0.000000	0.000000	0.000000	0.000000	30.57799428228571	-96.35056692371428	200.00000000000000	1
148	0	3	16	0.000000	0.000000	0.000000	0.000000	30.57798726514285	-96.35052797942861	200.00000000000000	1
149	0	3	16	0.000000	0.000000	0.000000	0.000000	30.57801469085715	-96.35049545657145	200.00000000000000	1
150	0	3	16	0.000000	0.000000	0.000000	0.000000	30.57805416371429	-96.35051914799996	200.00000000000000	1
151	0	3	16	0.000000	0.000000	0.000000	0.000000	30.57802933600000	-96.35055814599998	200.00000000000000	1
152	0	3	16	0.000000	0.000000	0.000000	0.000000	30.57773484000000	-96.35034698000000	200.00000000000000	1
153	0	3	16	0.000000	0.000000	0.000000	0.000000	30.57663252000000	-96.35105170999999	200.00000000000000	1
154	0	3	16	0.000000	0.000000	0.000000	0.000000	30.57697895000000	-96.35053342000000	200.00000000000000	1
155	0	3	16	0.000000	0.000000	0.000000	0.000000	30.57792682000000	-96.35011932000000	200.00000000000000	1
156	0	3	16	0.000000	0.000000	0.000000	0.000000	30.57767533178572	-96.35037067678572	200.00000000000000	1
157	0	3	16	0.000000	0.000000	0.000000	0.000000	30.57673048607143	-96.35097473107142	200.00000000000000	1
158	0	3	16	0.000000	0.000000	0.000000	0.000000	30.57702742607143	-96.35053048250001	200.00000000000000	1
159	0	3	16	0.000000	0.000000	0.000000	0.000000	30.57783988607143	-96.35017553964286	200.00000000000000	1
160	0	3	16	0.000000	0.000000	0.000000	0.000000	30.57761582357143	-96.35039437357143	200.00000000000000	1
161	0	3	16	0.000000	0.000000	0.000000	0.000000	30.57682845214286	-96.35089775214284	200.00000000000000	1
162	0	3	16	0.000000	0.000000	0.000000	0.000000	30.57707590214286	-96.35052754500001	200.00000000000000	1
163	0	3	16	0.000000	0.000000	0.000000	0.000000	30.57775295214286	-96.35023175928572	200.00000000000000	1
164	0	3	16	0.000000	0.000000	0.000000	0.000000	30.57755631535715	-96.35041807035715	200.00000000000000	1
165	0	3	16	0.000000	0.000000	0.000000	0.000000	30.57692641821429	-96.35082077321427	200.00000000000000	1
166	0	3	16	0.000000	0.000000	0.000000	0.000000	30.57712437821428	-96.35052460750001	200.00000000000000	1
167	0	3	16	0.000000	0.000000	0.000000	0.000000	30.57766601821428	-96.35028797892858	200.00000000000000	1
168	0	3	16	0.000000	0.000000	0.000000	0.000000	30.57749680714286	-96.35044176714287	200.00000000000000	1
169	0	3	16	0.000000	0.000000	0.000000	0.000000	30.57702438428572	-96.35074379428569	200.00000000000000	1
170	0	3	16	0.000000	0.000000	0.000000	0.000000	30.57717285428571	-96.35052167000001	200.00000000000000	1
171	0	3	16	0.000000	0.000000	0.000000	0.000000	30.57757908428571	-96.35034419857143	200.00000000000000	1
172	0	3	16	0.000000	0.000000	0.000000	0.000000	30.57743729892858	-96.35046546392859	200.00000000000000	1
173	0	3	16	0.000000	0.000000	0.000000	0.000000	30.57712235035715	-96.35066681535712	200.00000000000000	1
174	0	3	16	0.000000	0.000000	0.000000	0.000000	30.57722133035714	-96.35051873250001	200.00000000000000	1
175	0	3	16	0.000000	0.000000	0.000000	0.000000	30.57749215035714	-96.35040041821429	200.00000000000000	1
176	0	3	16	0.000000	0.000000	0.000000	0.000000	30.57737779071429	-96.35048916071430	200.00000000000000	1
177	0	3	16	0.000000	0.000000	0.000000	0.000000	30.57722031642858	-96.35058983642854	200.00000000000000	1
178	0	3	16	0.000000	0.000000	0.000000	0.000000	30.57726980642856	-96.35051579500001	200.00000000000000	1
179	0	3	16	0.000000	0.000000	0.000000	0.000000	30.57740521642857	-96.35045663785715	200.00000000000000	1
180	0	3	16	0.000000	0.000000	0.000000	0.000000	30.57731828250001	-96.35051285750002	200.00000000000000	1
