QGC WPL 110
0	0	0	16	0.000000	0.000000	0.000000	0.000000	30.57695733000000	-96.35199889000000	200.00000000000000	1
1	0	3	16	0.000000	0.000000	0.000000	0.000000	30.57681941000000	-96.35150835000000	200.00000000000000	1
2	0	3	16	0.000000	0.000000	0.000000	0.000000	30.57706967000000	-96.35152720000001	200.00000000000000	1
3	0	3	16	0.000000	0.000000	0.000000	0.000000	30.57695611190476	-96.35195306952382	200.00000000000000	1
4	0	3	16	0.000000	0.000000	0.000000	0.000000	30.57683789476190	-96.35153260666667	200.00000000000000	1
5	0	3	16	0.000000	0.000000	0.000000	0.000000	30.57705240333333	-96.35154876380953	200.00000000000000	1
6	0	3	16	0.000000	0.000000	0.000000	0.000000	30.57695489380952	-96.35190724904763	200.00000000000000	1
7	0	3	16	0.000000	0.000000	0.000000	0.000000	30.57685637952381	-96.35155686333333	200.00000000000000	1
8	0	3	16	0.000000	0.000000	0.000000	0.000000	30.57703513666667	-96.35157032761906	200.00000000000000	1
9	0	3	16	0.000000	0.000000	0.000000	0.000000	30.57695367571428	-96.35186142857144	200.00000000000000	1
10	0	3	16	0.000000	0.000000	0.000000	0.000000	30.57687486428572	-96.35158111999999	200.00000000000000	1
11	0	3	16	0.000000	0.000000	0.000000	0.000000	30.57701787000000	-96.35159189142858	200.00000000000000	1
12	0	3	16	0.000000	0.000000	0.000000	0.000000	30.57695245761904	-96.35181560809525	200.00000000000000	1
13	0	3	16	0.000000	0.000000	0.000000	0.000000	30.57689334904762	-96.35160537666665	200.00000000000000	1
14	0	3	16	0.000000	0.000000	0.000000	0.000000	30.57700060333333	-96.35161345523811	200.00000000000000	1
15	0	3	16	0.000000	0.000000	0.000000	0.000000	30.57695123952380	-96.35176978761906	200.00000000000000	1
16	0	3	16	0.000000	0.000000	0.000000	0.000000	30.57691183380953	-96.35162963333332	200.00000000000000	1
17	0	3	16	0.000000	0.000000	0.000000	0.000000	30.57698333666666	-96.35163501904763	200.00000000000000	1
18	0	3	16	0.000000	0.000000	0.000000	0.000000	30.57695002142857	-96.35172396714287	200.00000000000000	1
19	0	3	16	0.000000	0.000000	0.000000	0.000000	30.57693031857143	-96.35165388999998	200.00000000000000	1
20	0	3	16	0.000000	0.000000	0.000000	0.000000	30.57696607000000	-96.35165658285716	200.00000000000000	1
21	0	3	16	0.000000	0.000000	0.000000	0.000000	30.57694880333333	-96.35167814666669	200.00000000000000	1
22	0	3	16	0.000000	0.000000	0.000000	0.000000	30.57706967000000	-96.35152720000001	200.00000000000000	1
23	0	3	16	0.000000	0.000000	0.000000	0.000000	30.57681941000000	-96.35150835000000	200.00000000000000	1
24	0	3	16	0.000000	0.000000	0.000000	0.000000	30.57653642000000	-96.35105661000000	200.00000000000000	1
25	0	3	16	0.000000	0.000000	0.000000	0.000000	30.57703236000000	-96.35150389333334	200.00000000000000	1
26	0	3	16	0.000000	0.000000	0.000000	0.000000	30.57681785142857	-96.35148773619048	200.00000000000000	1
27	0	3	16	0.000000	0.000000	0.000000	0.000000	30.57657528857143	-96.35110053047619	200.00000000000000	1
28	0	3	16	0.000000	0.000000	0.000000	0.000000	30.57699505000000	-96.35148058666668	200.00000000000000	1
29	0	3	16	0.000000	0.000000	0.000000	0.000000	30.57681629285714	-96.35146712238095	200.00000000000000	1
30	0	3	16	0.000000	0.000000	0.000000	0.000000	30.57661415714286	-96.35114445095238	200.00000000000000	1
31	0	3	16	0.000000	0.000000	0.000000	0.000000	30.57695774000000	-96.35145728000002	200.00000000000000	1
32	0	3	16	0.000000	0.000000	0.000000	0.000000	30.57681473428571	-96.35144650857143	200.00000000000000	1
33	0	3	16	0.000000	0.000000	0.000000	0.000000	30.57665302571429	-96.35118837142856	200.00000000000000	1
34	0	3	16	0.000000	0.000000	0.000000	0.000000	30.57692043000000	-96.35143397333336	200.00000000000000	1
35	0	3	16	0.000000	0.000000	0.000000	0.000000	30.57681317571428	-96.35142589476190	200.00000000000000	1
36	0	3	16	0.000000	0.000000	0.000000	0.000000	30.57669189428572	-96.35123229190475	200.00000000000000	1
37	0	3	16	0.000000	0.000000	0.000000	0.000000	30.57688312000000	-96.35141066666669	200.00000000000000	1
38	0	3	16	0.000000	0.000000	0.000000	0.000000	30.57681161714285	-96.35140528095238	200.00000000000000	1
39	0	3	16	0.000000	0.000000	0.000000	0.000000	30.57673076285715	-96.35127621238094	200.00000000000000	1
40	0	3	16	0.000000	0.000000	0.000000	0.000000	30.57684581000000	-96.35138736000003	200.00000000000000	1
41	0	3	16	0.000000	0.000000	0.000000	0.000000	30.57681005857142	-96.35138466714285	200.00000000000000	1
42	0	3	16	0.000000	0.000000	0.000000	0.000000	30.57676963142858	-96.35132013285713	200.00000000000000	1
43	0	3	16	0.000000	0.000000	0.000000	0.000000	30.57680850000000	-96.35136405333337	200.00000000000000	1
44	0	3	16	0.000000	0.000000	0.000000	0.000000	30.57706967000000	-96.35152720000001	200.00000000000000	1
45	0	3	16	0.000000	0.000000	0.000000	0.000000	30.57735607000000	-96.35141118000000	200.00000000000000	1
46	0	3	16	0.000000	0.000000	0.000000	0.000000	30.57819941000000	-96.35133638000001	200.00000000000000	1
47	0	3	16	0.000000	0.000000	0.000000	0.000000	30.57839074000000	-96.35162543000000	200.00000000000000	1
48	0	3	16	0.000000	0.000000	0.000000	0.000000	30.57809134000000	-96.35178166000000	200.00000000000000	1
49	0	3	16	0.000000	0.000000	0.000000	0.000000	30.57695733000000	-96.35199889000000	200.00000000000000	1
50	0	3	16	0.000000	0.000000	0.000000	0.000000	30.57715649238095	-96.35153952238096	200.00000000000000	1
51	0	3	16	0.000000	0.000000	0.000000	0.000000	30.57740197809524	-96.35144007666666	200.00000000000000	1
52	0	3	16	0.000000	0.000000	0.000000	0.000000	30.57812484095238	-96.35137596238096	200.00000000000000	1
53	0	3	16	0.000000	0.000000	0.000000	0.000000	30.57828883809524	-96.35162371952380	200.00000000000000	1
54	0	3	16	0.000000	0.000000	0.000000	0.000000	30.57803220952381	-96.35175763095238	200.00000000000000	1
55	0	3	16	0.000000	0.000000	0.000000	0.000000	30.57706020095238	-96.35194382809524	200.00000000000000	1
56	0	3	16	0.000000	0.000000	0.000000	0.000000	30.57724331476191	-96.35155184476191	200.00000000000000	1
57	0	3	16	0.000000	0.000000	0.000000	0.000000	30.57744788619048	-96.35146897333333	200.00000000000000	1
58	0	3	16	0.000000	0.000000	0.000000	0.000000	30.57805027190476	-96.35141554476191	200.00000000000000	1
59	0	3	16	0.000000	0.000000	0.000000	0.000000	30.57818693619047	-96.35162200904760	200.00000000000000	1
60	0	3	16	0.000000	0.000000	0.000000	0.000000	30.57797307904762	-96.35173360190475	200.00000000000000	1
61	0	3	16	0.000000	0.000000	0.000000	0.000000	30.57716307190476	-96.35188876619048	200.00000000000000	1
62	0	3	16	0.000000	0.000000	0.000000	0.000000	30.57733013714286	-96.35156416714287	200.00000000000000	1
63	0	3	16	0.000000	0.000000	0.000000	0.000000	30.57749379428572	-96.35149786999999	200.00000000000000	1
64	0	3	16	0.000000	0.000000	0.000000	0.000000	30.57797570285714	-96.35145512714286	200.00000000000000	1
65	0	3	16	0.000000	0.000000	0.000000	0.000000	30.57808503428571	-96.35162029857140	200.00000000000000	1
66	0	3	16	0.000000	0.000000	0.000000	0.000000	30.57791394857142	-96.35170957285713	200.00000000000000	1
67	0	3	16	0.000000	0.000000	0.000000	0.000000	30.57726594285715	-96.35183370428572	200.00000000000000	1
68	0	3	16	0.000000	0.000000	0.000000	0.000000	30.57741695952382	-96.35157648952382	200.00000000000000	1
69	0	3	16	0.000000	0.000000	0.000000	0.000000	30.57753970238095	-96.35152676666665	200.00000000000000	1
70	0	3	16	0.000000	0.000000	0.000000	0.000000	30.57790113380952	-96.35149470952381	200.00000000000000	1
71	0	3	16	0.000000	0.000000	0.000000	0.000000	30.57798313238095	-96.35161858809521	200.00000000000000	1
72	0	3	16	0.000000	0.000000	0.000000	0.000000	30.57785481809523	-96.35168554380951	200.00000000000000	1
73	0	3	16	0.000000	0.000000	0.000000	0.000000	30.57736881380953	-96.35177864238096	200.00000000000000	1
74	0	3	16	0.000000	0.000000	0.000000	0.000000	30.57750378190477	-96.35158881190478	200.00000000000000	1
75	0	3	16	0.000000	0.000000	0.000000	0.000000	30.57758561047619	-96.35155566333331	200.00000000000000	1
76	0	3	16	0.000000	0.000000	0.000000	0.000000	30.57782656476190	-96.35153429190476	200.00000000000000	1
77	0	3	16	0.000000	0.000000	0.000000	0.000000	30.57788123047618	-96.35161687761901	200.00000000000000	1
78	0	3	16	0.000000	0.000000	0.000000	0.000000	30.57779568761904	-96.35166151476189	200.00000000000000	1
79	0	3	16	0.000000	0.000000	0.000000	0.000000	30.57747168476191	-96.35172358047620	200.00000000000000	1
80	0	3	16	0.000000	0.000000	0.000000	0.000000	30.57759060428572	-96.35160113428573	200.00000000000000	1
81	0	3	16	0.000000	0.000000	0.000000	0.000000	30.57763151857143	-96.35158455999998	200.00000000000000	1
82	0	3	16	0.000000	0.000000	0.000000	0.000000	30.57775199571428	-96.35157387428571	200.00000000000000	1
83	0	3	16	0.000000	0.000000	0.000000	0.000000	30.57777932857142	-96.35161516714281	200.00000000000000	1
84	0	3	16	0.000000	0.000000	0.000000	0.000000	30.57773655714285	-96.35163748571426	200.00000000000000	1
85	0	3	16	0.000000	0.000000	0.000000	0.000000	30.57757455571429	-96.35166851857144	200.00000000000000	1
86	0	3	16	0.000000	0.000000	0.000000	0.000000	30.57767742666668	-96.35161345666668	200.00000000000000	1
87	0	3	16	0.000000	0.000000	0.000000	0.000000	30.57706967000000	-96.35152720000001	200.00000000000000	1
88	0	3	16	0.000000	0.000000	0.000000	0.000000	30.57675126000000	-96.35121992000001	200.00000000000000	1
89	0	3	16	0.000000	0.000000	0.000000	0.000000	30.57680847000000	-96.35088035000000	200.00000000000000	1
90	0	3	16	0.000000	0.000000	0.000000	0.000000	30.57704206952381	-96.35148176523811	200.00000000000000	1
91	0	3	16	0.000000	0.000000	0.000000	0.000000	30.57676914666667	-96.35121838238096	200.00000000000000	1
92	0	3	16	0.000000	0.000000	0.000000	0.000000	30.57681818380952	-96.35092732238095	200.00000000000000	1
93	0	3	16	0.000000	0.000000	0.000000	0.000000	30.57701446904762	-96.35143633047620	200.00000000000000	1
94	0	3	16	0.000000	0.000000	0.000000	0.000000	30.57678703333333	-96.35121684476192	200.00000000000000	1
95	0	3	16	0.000000	0.000000	0.000000	0.000000	30.57682789761904	-96.35097429476191	200.00000000000000	1
96	0	3	16	0.000000	0.000000	0.000000	0.000000	30.57698686857143	-96.35139089571430	200.00000000000000	1
97	0	3	16	0.000000	0.000000	0.000000	0.000000	30.57680492000000	-96.35121530714288	200.00000000000000	1
98	0	3	16	0.000000	0.000000	0.000000	0.000000	30.57683761142857	-96.35102126714287	200.00000000000000	1
99	0	3	16	0.000000	0.000000	0.000000	0.000000	30.57695926809524	-96.35134546095240	200.00000000000000	1
100	0	3	16	0.000000	0.000000	0.000000	0.000000	30.57682280666666	-96.35121376952384	200.00000000000000	1
101	0	3	16	0.000000	0.000000	0.000000	0.000000	30.57684732523809	-96.35106823952383	200.00000000000000	1
102	0	3	16	0.000000	0.000000	0.000000	0.000000	30.57693166761905	-96.35130002619050	200.00000000000000	1
103	0	3	16	0.000000	0.000000	0.000000	0.000000	30.57684069333333	-96.35121223190480	200.00000000000000	1
104	0	3	16	0.000000	0.000000	0.000000	0.000000	30.57685703904761	-96.35111521190478	200.00000000000000	1
105	0	3	16	0.000000	0.000000	0.000000	0.000000	30.57690406714286	-96.35125459142860	200.00000000000000	1
106	0	3	16	0.000000	0.000000	0.000000	0.000000	30.57685857999999	-96.35121069428575	200.00000000000000	1
107	0	3	16	0.000000	0.000000	0.000000	0.000000	30.57686675285713	-96.35116218428574	200.00000000000000	1
108	0	3	16	0.000000	0.000000	0.000000	0.000000	30.57687646666666	-96.35120915666670	200.00000000000000	1
109	0	3	16	0.000000	0.000000	0.000000	0.000000	30.57680847000000	-96.35088035000000	200.00000000000000	1
110	0	3	16	0.000000	0.000000	0.000000	0.000000	30.57657127000000	-96.35024112000001	200.00000000000000	1
111	0	3	16	0.000000	0.000000	0.000000	0.000000	30.57736752000000	-96.35123414000000	200.00000000000000	1
112	0	3	16	0.000000	0.000000	0.000000	0.000000	30.57735607000000	-96.35141118000000	200.00000000000000	1
113	0	3	16	0.000000	0.000000	0.000000	0.000000	30.57706967000000	-96.35152720000001	200.00000000000000	1
114	0	3	16	0.000000	0.000000	0.000000	0.000000	30.57684077428571	-96.35090584257142	200.00000000000000	1
115	0	3	16	0.000000	0.000000	0.000000	0.000000	30.57663746000000	-96.35035793114287	200.00000000000000	1
116	0	3	16	0.000000	0.000000	0.000000	0.000000	30.57731996000000	-96.35120909114286	200.00000000000000	1
117	0	3	16	0.000000	0.000000	0.000000	0.000000	30.57731014571429	-96.35136083971429	200.00000000000000	1
118	0	3	16	0.000000	0.000000	0.000000	0.000000	30.57706466000000	-96.35146028542857	200.00000000000000	1
119	0	3	16	0.000000	0.000000	0.000000	0.000000	30.57687307857143	-96.35093133514285	200.00000000000000	1
120	0	3	16	0.000000	0.000000	0.000000	0.000000	30.57670365000000	-96.35047474228573	200.00000000000000	1
121	0	3	16	0.000000	0.000000	0.000000	0.000000	30.57727240000000	-96.35118404228572	200.00000000000000	1
122	0	3	16	0.000000	0.000000	0.000000	0.000000	30.57726422142857	-96.35131049942858	200.00000000000000	1
123	0	3	16	0.000000	0.000000	0.000000	0.000000	30.57705965000000	-96.35139337085714	200.00000000000000	1
124	0	3	16	0.000000	0.000000	0.000000	0.000000	30.57690538285714	-96.35095682771427	200.00000000000000	1
125	0	3	16	0.000000	0.000000	0.000000	0.000000	30.57676983999999	-96.35059155342859	200.00000000000000	1
126	0	3	16	0.000000	0.000000	0.000000	0.000000	30.57722484000000	-96.35115899342858	200.00000000000000	1
127	0	3	16	0.000000	0.000000	0.000000	0.000000	30.57721829714286	-96.35126015914287	200.00000000000000	1
128	0	3	16	0.000000	0.000000	0.000000	0.000000	30.57705464000000	-96.35132645628570	200.00000000000000	1
129	0	3	16	0.000000	0.000000	0.000000	0.000000	30.57693768714286	-96.35098232028569	200.00000000000000	1
130	0	3	16	0.000000	0.000000	0.000000	0.000000	30.57683602999999	-96.35070836457145	200.00000000000000	1
131	0	3	16	0.000000	0.000000	0.000000	0.000000	30.57717728000000	-96.35113394457144	200.00000000000000	1
132	0	3	16	0.000000	0.000000	0.000000	0.000000	30.57717237285714	-96.35120981885716	200.00000000000000	1
133	0	3	16	0.000000	0.000000	0.000000	0.000000	30.57704963000000	-96.35125954171427	200.00000000000000	1
134	0	3	16	0.000000	0.000000	0.000000	0.000000	30.57696999142857	-96.35100781285712	200.00000000000000	1
135	0	3	16	0.000000	0.000000	0.000000	0.000000	30.57690221999999	-96.35082517571431	200.00000000000000	1
136	0	3	16	0.000000	0.000000	0.000000	0.000000	30.57712972000001	-96.35110889571430	200.00000000000000	1
137	0	3	16	0.000000	0.000000	0.000000	0.000000	30.57712644857143	-96.35115947857145	200.00000000000000	1
138	0	3	16	0.000000	0.000000	0.000000	0.000000	30.57704462000001	-96.35119262714284	200.00000000000000	1
139	0	3	16	0.000000	0.000000	0.000000	0.000000	30.57700229571428	-96.35103330542854	200.00000000000000	1
140	0	3	16	0.000000	0.000000	0.000000	0.000000	30.57696840999999	-96.35094198685717	200.00000000000000	1
141	0	3	16	0.000000	0.000000	0.000000	0.000000	30.57708216000001	-96.35108384685716	200.00000000000000	1
142	0	3	16	0.000000	0.000000	0.000000	0.000000	30.57708052428571	-96.35110913828574	200.00000000000000	1
143	0	3	16	0.000000	0.000000	0.000000	0.000000	30.57703961000001	-96.35112571257140	200.00000000000000	1
144	0	3	16	0.000000	0.000000	0.000000	0.000000	30.57703460000000	-96.35105879799997	200.00000000000000	1
145	0	3	16	0.000000	0.000000	0.000000	0.000000	30.57736752000000	-96.35123414000000	200.00000000000000	1
146	0	3	16	0.000000	0.000000	0.000000	0.000000	30.57657127000000	-96.35024112000001	200.00000000000000	1
147	0	3	16	0.000000	0.000000	0.000000	0.000000	30.57764254000000	-96.35024998999999	200.00000000000000	1
148	0	3	16	0.000000	0.000000	0.000000	0.000000	30.57827544000000	-96.35027635000000	200.00000000000000	1
149	0	3	16	0.000000	0.000000	0.000000	0.000000	30.57784950000000	-96.35113298000000	200.00000000000000	1
150	0	3	16	0.000000	0.000000	0.000000	0.000000	30.57739233914286	-96.35114739371429	200.00000000000000	1
151	0	3	16	0.000000	0.000000	0.000000	0.000000	30.57670983914286	-96.35029623371429	200.00000000000000	1
152	0	3	16	0.000000	0.000000	0.000000	0.000000	30.57762807057143	-96.35030383657143	200.00000000000000	1
153	0	3	16	0.000000	0.000000	0.000000	0.000000	30.57817055628571	-96.35032643085714	200.00000000000000	1
154	0	3	16	0.000000	0.000000	0.000000	0.000000	30.57780546485714	-96.35106068514285	200.00000000000000	1
155	0	3	16	0.000000	0.000000	0.000000	0.000000	30.57741715828572	-96.35106064742857	200.00000000000000	1
156	0	3	16	0.000000	0.000000	0.000000	0.000000	30.57684840828572	-96.35035134742857	200.00000000000000	1
157	0	3	16	0.000000	0.000000	0.000000	0.000000	30.57761360114286	-96.35035768314286	200.00000000000000	1
158	0	3	16	0.000000	0.000000	0.000000	0.000000	30.57806567257143	-96.35037651171427	200.00000000000000	1
159	0	3	16	0.000000	0.000000	0.000000	0.000000	30.57776142971429	-96.35098839028571	200.00000000000000	1
160	0	3	16	0.000000	0.000000	0.000000	0.000000	30.57744197742857	-96.35097390114285	200.00000000000000	1
161	0	3	16	0.000000	0.000000	0.000000	0.000000	30.57698697742858	-96.35040646114285	200.00000000000000	1
162	0	3	16	0.000000	0.000000	0.000000	0.000000	30.57759913171429	-96.35041152971429	200.00000000000000	1
163	0	3	16	0.000000	0.000000	0.000000	0.000000	30.57796078885714	-96.35042659257141	200.00000000000000	1
164	0	3	16	0.000000	0.000000	0.000000	0.000000	30.57771739457143	-96.35091609542856	200.00000000000000	1
165	0	3	16	0.000000	0.000000	0.000000	0.000000	30.57746679657143	-96.35088715485713	200.00000000000000	1
166	0	3	16	0.000000	0.000000	0.000000	0.000000	30.57712554657143	-96.35046157485714	200.00000000000000	1
167	0	3	16	0.000000	0.000000	0.000000	0.000000	30.57758466228572	-96.35046537628573	200.00000000000000	1
168	0	3	16	0.000000	0.000000	0.000000	0.000000	30.57785590514285	-96.35047667342855	200.00000000000000	1
169	0	3	16	0.000000	0.000000	0.000000	0.000000	30.57767335942857	-96.35084380057141	200.00000000000000	1
170	0	3	16	0.000000	0.000000	0.000000	0.000000	30.57749161571429	-96.35080040857142	200.00000000000000	1
171	0	3	16	0.000000	0.000000	0.000000	0.000000	30.57726411571429	-96.35051668857142	200.00000000000000	1
172	0	3	16	0.000000	0.000000	0.000000	0.000000	30.57757019285715	-96.35051922285716	200.00000000000000	1
173	0	3	16	0.000000	0.000000	0.000000	0.000000	30.57775102142857	-96.35052675428568	200.00000000000000	1
174	0	3	16	0.000000	0.000000	0.000000	0.000000	30.57762932428572	-96.35077150571426	200.00000000000000	1
175	0	3	16	0.000000	0.000000	0.000000	0.000000	30.57751643485715	-96.35071366228570	200.00000000000000	1
176	0	3	16	0.000000	0.000000	0.000000	0.000000	30.57740268485715	-96.35057180228570	200.00000000000000	1
177	0	3	16	0.000000	0.000000	0.000000	0.000000	30.57755572342857	-96.35057306942859	200.00000000000000	1
178	0	3	16	0.000000	0.000000	0.000000	0.000000	30.57764613771428	-96.35057683514282	200.00000000000000	1
179	0	3	16	0.000000	0.000000	0.000000	0.000000	30.57758528914286	-96.35069921085712	200.00000000000000	1
180	0	3	16	0.000000	0.000000	0.000000	0.000000	30.57754125400001	-96.35062691599998	200.00000000000000	1
