QGC WPL 110
0	0	0	16	0.000000	0.000000	0.000000	0.000000	30.57749183000000	-96.35152033000000	200.00000000000000	1
1	0	3	16	0.000000	0.000000	0.000000	0.000000	30.57777671000000	-96.35155378000000	200.00000000000000	1
2	0	3	16	0.000000	0.000000	0.000000	0.000000	30.57788270000000	-96.35179324000001	200.00000000000000	1
3	0	3	16	0.000000	0.000000	0.000000	0.000000	30.57763580000000	-96.35198570999999	200.00000000000000	1
4	0	3	16	0.000000	0.000000	0.000000	0.000000	30.57752110571429	-96.35154789214286	200.00000000000000	1
5	0	3	16	0.000000	0.000000	0.000000	0.000000	30.57776528857143	-96.35157656357143	200.00000000000000	1
6	0	3	16	0.000000	0.000000	0.000000	0.000000	30.57785613714286	-96.35178181500001	200.00000000000000	1
7	0	3	16	0.000000	0.000000	0.000000	0.000000	30.57764450857143	-96.35194678928571	200.00000000000000	1
8	0	3	16	0.000000	0.000000	0.000000	0.000000	30.57755038142857	-96.35157545428572	200.00000000000000	1
9	0	3	16	0.000000	0.000000	0.000000	0.000000	30.57775386714286	-96.35159934714285	200.00000000000000	1
10	0	3	16	0.000000	0.000000	0.000000	0.000000	30.57782957428571	-96.35177039000001	200.00000000000000	1
11	0	3	16	0.000000	0.000000	0.000000	0.000000	30.57765321714286	-96.35190786857142	200.00000000000000	1
12	0	3	16	0.000000	0.000000	0.000000	0.000000	30.57757965714286	-96.35160301642858	200.00000000000000	1
13	0	3	16	0.000000	0.000000	0.000000	0.000000	30.57774244571429	-96.35162213071428	200.00000000000000	1
14	0	3	16	0.000000	0.000000	0.000000	0.000000	30.57780301142857	-96.35175896500002	200.00000000000000	1
15	0	3	16	0.000000	0.000000	0.000000	0.000000	30.57766192571428	-96.35186894785713	200.00000000000000	1
16	0	3	16	0.000000	0.000000	0.000000	0.000000	30.57760893285715	-96.35163057857145	200.00000000000000	1
17	0	3	16	0.000000	0.000000	0.000000	0.000000	30.57773102428571	-96.35164491428570	200.00000000000000	1
18	0	3	16	0.000000	0.000000	0.000000	0.000000	30.57777644857142	-96.35174754000002	200.00000000000000	1
19	0	3	16	0.000000	0.000000	0.000000	0.000000	30.57767063428571	-96.35183002714284	200.00000000000000	1
20	0	3	16	0.000000	0.000000	0.000000	0.000000	30.57763820857143	-96.35165814071431	200.00000000000000	1
21	0	3	16	0.000000	0.000000	0.000000	0.000000	30.57771960285714	-96.35166769785712	200.00000000000000	1
22	0	3	16	0.000000	0.000000	0.000000	0.000000	30.57774988571428	-96.35173611500002	200.00000000000000	1
23	0	3	16	0.000000	0.000000	0.000000	0.000000	30.57767934285714	-96.35179110642855	200.00000000000000	1
24	0	3	16	0.000000	0.000000	0.000000	0.000000	30.57766748428572	-96.35168570285717	200.00000000000000	1
25	0	3	16	0.000000	0.000000	0.000000	0.000000	30.57770818142857	-96.35169048142855	200.00000000000000	1
26	0	3	16	0.000000	0.000000	0.000000	0.000000	30.57772332285714	-96.35172469000003	200.00000000000000	1
27	0	3	16	0.000000	0.000000	0.000000	0.000000	30.57768805142857	-96.35175218571426	200.00000000000000	1
28	0	3	16	0.000000	0.000000	0.000000	0.000000	30.57769676000001	-96.35171326500003	200.00000000000000	1
29	0	3	16	0.000000	0.000000	0.000000	0.000000	30.57777671000000	-96.35155378000000	200.00000000000000	1
30	0	3	16	0.000000	0.000000	0.000000	0.000000	30.57749183000000	-96.35152033000000	200.00000000000000	1
31	0	3	16	0.000000	0.000000	0.000000	0.000000	30.57798848000000	-96.35122032000000	200.00000000000000	1
32	0	3	16	0.000000	0.000000	0.000000	0.000000	30.57777322857143	-96.35153630809525	200.00000000000000	1
33	0	3	16	0.000000	0.000000	0.000000	0.000000	30.57752904571429	-96.35150763666667	200.00000000000000	1
34	0	3	16	0.000000	0.000000	0.000000	0.000000	30.57795474571428	-96.35125048523810	200.00000000000000	1
35	0	3	16	0.000000	0.000000	0.000000	0.000000	30.57776974714286	-96.35151883619049	200.00000000000000	1
36	0	3	16	0.000000	0.000000	0.000000	0.000000	30.57756626142857	-96.35149494333334	200.00000000000000	1
37	0	3	16	0.000000	0.000000	0.000000	0.000000	30.57792101142857	-96.35128065047620	200.00000000000000	1
38	0	3	16	0.000000	0.000000	0.000000	0.000000	30.57776626571428	-96.35150136428574	200.00000000000000	1
39	0	3	16	0.000000	0.000000	0.000000	0.000000	30.57760347714286	-96.35148225000000	200.00000000000000	1
40	0	3	16	0.000000	0.000000	0.000000	0.000000	30.57788727714285	-96.35131081571430	200.00000000000000	1
41	0	3	16	0.000000	0.000000	0.000000	0.000000	30.57776278428571	-96.35148389238098	200.00000000000000	1
42	0	3	16	0.000000	0.000000	0.000000	0.000000	30.57764069285714	-96.35146955666667	200.00000000000000	1
43	0	3	16	0.000000	0.000000	0.000000	0.000000	30.57785354285714	-96.35134098095240	200.00000000000000	1
44	0	3	16	0.000000	0.000000	0.000000	0.000000	30.57775930285714	-96.35146642047623	200.00000000000000	1
45	0	3	16	0.000000	0.000000	0.000000	0.000000	30.57767790857143	-96.35145686333334	200.00000000000000	1
46	0	3	16	0.000000	0.000000	0.000000	0.000000	30.57781980857142	-96.35137114619050	200.00000000000000	1
47	0	3	16	0.000000	0.000000	0.000000	0.000000	30.57775582142857	-96.35144894857147	200.00000000000000	1
48	0	3	16	0.000000	0.000000	0.000000	0.000000	30.57771512428572	-96.35144417000001	200.00000000000000	1
49	0	3	16	0.000000	0.000000	0.000000	0.000000	30.57778607428571	-96.35140131142860	200.00000000000000	1
50	0	3	16	0.000000	0.000000	0.000000	0.000000	30.57775234000000	-96.35143147666672	200.00000000000000	1
51	0	3	16	0.000000	0.000000	0.000000	0.000000	30.57749183000000	-96.35152033000000	200.00000000000000	1
52	0	3	16	0.000000	0.000000	0.000000	0.000000	30.57763580000000	-96.35198570999999	200.00000000000000	1
53	0	3	16	0.000000	0.000000	0.000000	0.000000	30.57710042000000	-96.35163553000000	200.00000000000000	1
54	0	3	16	0.000000	0.000000	0.000000	0.000000	30.57687046000000	-96.35124234000000	200.00000000000000	1
55	0	3	16	0.000000	0.000000	0.000000	0.000000	30.57672033000000	-96.35090918000000	200.00000000000000	1
56	0	3	16	0.000000	0.000000	0.000000	0.000000	30.57686291000000	-96.35090416000000	200.00000000000000	1
57	0	3	16	0.000000	0.000000	0.000000	0.000000	30.57743780071429	-96.35149831261904	200.00000000000000	1
58	0	3	16	0.000000	0.000000	0.000000	0.000000	30.57756120357143	-96.35189720976190	200.00000000000000	1
59	0	3	16	0.000000	0.000000	0.000000	0.000000	30.57710230642857	-96.35159705547619	200.00000000000000	1
60	0	3	16	0.000000	0.000000	0.000000	0.000000	30.57690519785714	-96.35126003547619	200.00000000000000	1
61	0	3	16	0.000000	0.000000	0.000000	0.000000	30.57677651500000	-96.35097446976191	200.00000000000000	1
62	0	3	16	0.000000	0.000000	0.000000	0.000000	30.57689872642857	-96.35097016690476	200.00000000000000	1
63	0	3	16	0.000000	0.000000	0.000000	0.000000	30.57738377142857	-96.35147629523809	200.00000000000000	1
64	0	3	16	0.000000	0.000000	0.000000	0.000000	30.57748660714286	-96.35180870952381	200.00000000000000	1
65	0	3	16	0.000000	0.000000	0.000000	0.000000	30.57710419285714	-96.35155858095239	200.00000000000000	1
66	0	3	16	0.000000	0.000000	0.000000	0.000000	30.57693993571428	-96.35127773095238	200.00000000000000	1
67	0	3	16	0.000000	0.000000	0.000000	0.000000	30.57683270000000	-96.35103975952381	200.00000000000000	1
68	0	3	16	0.000000	0.000000	0.000000	0.000000	30.57693454285714	-96.35103617380952	200.00000000000000	1
69	0	3	16	0.000000	0.000000	0.000000	0.000000	30.57732974214286	-96.35145427785713	200.00000000000000	1
70	0	3	16	0.000000	0.000000	0.000000	0.000000	30.57741201071428	-96.35172020928572	200.00000000000000	1
71	0	3	16	0.000000	0.000000	0.000000	0.000000	30.57710607928571	-96.35152010642858	200.00000000000000	1
72	0	3	16	0.000000	0.000000	0.000000	0.000000	30.57697467357142	-96.35129542642856	200.00000000000000	1
73	0	3	16	0.000000	0.000000	0.000000	0.000000	30.57688888500000	-96.35110504928572	200.00000000000000	1
74	0	3	16	0.000000	0.000000	0.000000	0.000000	30.57697035928571	-96.35110218071428	200.00000000000000	1
75	0	3	16	0.000000	0.000000	0.000000	0.000000	30.57727571285714	-96.35143226047617	200.00000000000000	1
76	0	3	16	0.000000	0.000000	0.000000	0.000000	30.57733741428571	-96.35163170904762	200.00000000000000	1
77	0	3	16	0.000000	0.000000	0.000000	0.000000	30.57710796571428	-96.35148163190478	200.00000000000000	1
78	0	3	16	0.000000	0.000000	0.000000	0.000000	30.57700941142857	-96.35131312190475	200.00000000000000	1
79	0	3	16	0.000000	0.000000	0.000000	0.000000	30.57694506999999	-96.35117033904763	200.00000000000000	1
80	0	3	16	0.000000	0.000000	0.000000	0.000000	30.57700617571428	-96.35116818761904	200.00000000000000	1
81	0	3	16	0.000000	0.000000	0.000000	0.000000	30.57722168357143	-96.35141024309522	200.00000000000000	1
82	0	3	16	0.000000	0.000000	0.000000	0.000000	30.57726281785714	-96.35154320880953	200.00000000000000	1
83	0	3	16	0.000000	0.000000	0.000000	0.000000	30.57710985214285	-96.35144315738097	200.00000000000000	1
84	0	3	16	0.000000	0.000000	0.000000	0.000000	30.57704414928571	-96.35133081738094	200.00000000000000	1
85	0	3	16	0.000000	0.000000	0.000000	0.000000	30.57700125499999	-96.35123562880953	200.00000000000000	1
86	0	3	16	0.000000	0.000000	0.000000	0.000000	30.57704199214286	-96.35123419452380	200.00000000000000	1
87	0	3	16	0.000000	0.000000	0.000000	0.000000	30.57716765428572	-96.35138822571426	200.00000000000000	1
88	0	3	16	0.000000	0.000000	0.000000	0.000000	30.57718822142857	-96.35145470857144	200.00000000000000	1
89	0	3	16	0.000000	0.000000	0.000000	0.000000	30.57711173857142	-96.35140468285717	200.00000000000000	1
90	0	3	16	0.000000	0.000000	0.000000	0.000000	30.57707888714285	-96.35134851285713	200.00000000000000	1
91	0	3	16	0.000000	0.000000	0.000000	0.000000	30.57705743999999	-96.35130091857144	200.00000000000000	1
92	0	3	16	0.000000	0.000000	0.000000	0.000000	30.57707780857143	-96.35130020142856	200.00000000000000	1
93	0	3	16	0.000000	0.000000	0.000000	0.000000	30.57711362500000	-96.35136620833330	200.00000000000000	1
94	0	3	16	0.000000	0.000000	0.000000	0.000000	30.57686291000000	-96.35090416000000	200.00000000000000	1
95	0	3	16	0.000000	0.000000	0.000000	0.000000	30.57672033000000	-96.35090918000000	200.00000000000000	1
96	0	3	16	0.000000	0.000000	0.000000	0.000000	30.57683394000000	-96.35064899000000	200.00000000000000	1
97	0	3	16	0.000000	0.000000	0.000000	0.000000	30.57742843000000	-96.35033824999999	200.00000000000000	1
98	0	3	16	0.000000	0.000000	0.000000	0.000000	30.57746293000000	-96.35042265000000	200.00000000000000	1
99	0	3	16	0.000000	0.000000	0.000000	0.000000	30.57689130971428	-96.35086708657143	200.00000000000000	1
100	0	3	16	0.000000	0.000000	0.000000	0.000000	30.57676909828572	-96.35087138942858	200.00000000000000	1
101	0	3	16	0.000000	0.000000	0.000000	0.000000	30.57686647828572	-96.35064836942857	200.00000000000000	1
102	0	3	16	0.000000	0.000000	0.000000	0.000000	30.57737604114286	-96.35038202085714	200.00000000000000	1
103	0	3	16	0.000000	0.000000	0.000000	0.000000	30.57740561257143	-96.35045436371428	200.00000000000000	1
104	0	3	16	0.000000	0.000000	0.000000	0.000000	30.57691970942857	-96.35083001314285	200.00000000000000	1
105	0	3	16	0.000000	0.000000	0.000000	0.000000	30.57681786657143	-96.35083359885715	200.00000000000000	1
106	0	3	16	0.000000	0.000000	0.000000	0.000000	30.57689901657143	-96.35064774885714	200.00000000000000	1
107	0	3	16	0.000000	0.000000	0.000000	0.000000	30.57732365228572	-96.35042579171429	200.00000000000000	1
108	0	3	16	0.000000	0.000000	0.000000	0.000000	30.57734829514286	-96.35048607742856	200.00000000000000	1
109	0	3	16	0.000000	0.000000	0.000000	0.000000	30.57694810914285	-96.35079293971428	200.00000000000000	1
110	0	3	16	0.000000	0.000000	0.000000	0.000000	30.57686663485715	-96.35079580828572	200.00000000000000	1
111	0	3	16	0.000000	0.000000	0.000000	0.000000	30.57693155485715	-96.35064712828571	200.00000000000000	1
112	0	3	16	0.000000	0.000000	0.000000	0.000000	30.57727126342857	-96.35046956257143	200.00000000000000	1
113	0	3	16	0.000000	0.000000	0.000000	0.000000	30.57729097771429	-96.35051779114283	200.00000000000000	1
114	0	3	16	0.000000	0.000000	0.000000	0.000000	30.57697650885714	-96.35075586628571	200.00000000000000	1
115	0	3	16	0.000000	0.000000	0.000000	0.000000	30.57691540314286	-96.35075801771430	200.00000000000000	1
116	0	3	16	0.000000	0.000000	0.000000	0.000000	30.57696409314286	-96.35064650771429	200.00000000000000	1
117	0	3	16	0.000000	0.000000	0.000000	0.000000	30.57721887457143	-96.35051333342858	200.00000000000000	1
118	0	3	16	0.000000	0.000000	0.000000	0.000000	30.57723366028572	-96.35054950485711	200.00000000000000	1
119	0	3	16	0.000000	0.000000	0.000000	0.000000	30.57700490857142	-96.35071879285714	200.00000000000000	1
120	0	3	16	0.000000	0.000000	0.000000	0.000000	30.57696417142858	-96.35072022714287	200.00000000000000	1
121	0	3	16	0.000000	0.000000	0.000000	0.000000	30.57699663142858	-96.35064588714286	200.00000000000000	1
122	0	3	16	0.000000	0.000000	0.000000	0.000000	30.57716648571429	-96.35055710428573	200.00000000000000	1
123	0	3	16	0.000000	0.000000	0.000000	0.000000	30.57717634285715	-96.35058121857139	200.00000000000000	1
124	0	3	16	0.000000	0.000000	0.000000	0.000000	30.57703330828571	-96.35068171942856	200.00000000000000	1
125	0	3	16	0.000000	0.000000	0.000000	0.000000	30.57701293971429	-96.35068243657145	200.00000000000000	1
126	0	3	16	0.000000	0.000000	0.000000	0.000000	30.57702916971429	-96.35064526657143	200.00000000000000	1
127	0	3	16	0.000000	0.000000	0.000000	0.000000	30.57711409685715	-96.35060087514287	200.00000000000000	1
128	0	3	16	0.000000	0.000000	0.000000	0.000000	30.57711902542858	-96.35061293228567	200.00000000000000	1
129	0	3	16	0.000000	0.000000	0.000000	0.000000	30.57706170800000	-96.35064464599999	200.00000000000000	1
130	0	3	16	0.000000	0.000000	0.000000	0.000000	30.57746293000000	-96.35042265000000	200.00000000000000	1
131	0	3	16	0.000000	0.000000	0.000000	0.000000	30.57742843000000	-96.35033824999999	200.00000000000000	1
132	0	3	16	0.000000	0.000000	0.000000	0.000000	30.57818434000000	-96.35089017000000	200.00000000000000	1
133	0	3	16	0.000000	0.000000	0.000000	0.000000	30.57783880000000	-96.35067911000000	200.00000000000000	1
134	0	3	16	0.000000	0.000000	0.000000	0.000000	30.57750088642857	-96.35044549214285	200.00000000000000	1
135	0	3	16	0.000000	0.000000	0.000000	0.000000	30.57747131500000	-96.35037314928570	200.00000000000000	1
136	0	3	16	0.000000	0.000000	0.000000	0.000000	30.57811923785714	-96.35084622357142	200.00000000000000	1
137	0	3	16	0.000000	0.000000	0.000000	0.000000	30.57782306071428	-96.35066531500000	200.00000000000000	1
138	0	3	16	0.000000	0.000000	0.000000	0.000000	30.57753884285714	-96.35046833428571	200.00000000000000	1
139	0	3	16	0.000000	0.000000	0.000000	0.000000	30.57751420000000	-96.35040804857141	200.00000000000000	1
140	0	3	16	0.000000	0.000000	0.000000	0.000000	30.57805413571428	-96.35080227714285	200.00000000000000	1
141	0	3	16	0.000000	0.000000	0.000000	0.000000	30.57780732142857	-96.35065152000000	200.00000000000000	1
142	0	3	16	0.000000	0.000000	0.000000	0.000000	30.57757679928571	-96.35049117642856	200.00000000000000	1
143	0	3	16	0.000000	0.000000	0.000000	0.000000	30.57755708500000	-96.35044294785712	200.00000000000000	1
144	0	3	16	0.000000	0.000000	0.000000	0.000000	30.57798903357142	-96.35075833071427	200.00000000000000	1
145	0	3	16	0.000000	0.000000	0.000000	0.000000	30.57779158214285	-96.35063772500000	200.00000000000000	1
146	0	3	16	0.000000	0.000000	0.000000	0.000000	30.57761475571428	-96.35051401857142	200.00000000000000	1
147	0	3	16	0.000000	0.000000	0.000000	0.000000	30.57759997000000	-96.35047784714283	200.00000000000000	1
148	0	3	16	0.000000	0.000000	0.000000	0.000000	30.57792393142856	-96.35071438428569	200.00000000000000	1
149	0	3	16	0.000000	0.000000	0.000000	0.000000	30.57777584285714	-96.35062393000000	200.00000000000000	1
150	0	3	16	0.000000	0.000000	0.000000	0.000000	30.57765271214285	-96.35053686071427	200.00000000000000	1
151	0	3	16	0.000000	0.000000	0.000000	0.000000	30.57764285500000	-96.35051274642854	200.00000000000000	1
152	0	3	16	0.000000	0.000000	0.000000	0.000000	30.57785882928571	-96.35067043785712	200.00000000000000	1
153	0	3	16	0.000000	0.000000	0.000000	0.000000	30.57776010357142	-96.35061013500000	200.00000000000000	1
154	0	3	16	0.000000	0.000000	0.000000	0.000000	30.57769066857142	-96.35055970285713	200.00000000000000	1
155	0	3	16	0.000000	0.000000	0.000000	0.000000	30.57768574000000	-96.35054764571424	200.00000000000000	1
156	0	3	16	0.000000	0.000000	0.000000	0.000000	30.57779372714285	-96.35062649142854	200.00000000000000	1
157	0	3	16	0.000000	0.000000	0.000000	0.000000	30.57774436428571	-96.35059634000000	200.00000000000000	1
158	0	3	16	0.000000	0.000000	0.000000	0.000000	30.57772862500000	-96.35058254499998	200.00000000000000	1
159	0	3	16	0.000000	0.000000	0.000000	0.000000	30.57783880000000	-96.35067911000000	200.00000000000000	1
160	0	3	16	0.000000	0.000000	0.000000	0.000000	30.57754310000000	-96.35093064000000	200.00000000000000	1
161	0	3	16	0.000000	0.000000	0.000000	0.000000	30.57746293000000	-96.35042265000000	200.00000000000000	1
162	0	3	16	0.000000	0.000000	0.000000	0.000000	30.57780682047619	-96.35067887523809	200.00000000000000	1
163	0	3	16	0.000000	0.000000	0.000000	0.000000	30.57755336333333	-96.35089447238096	200.00000000000000	1
164	0	3	16	0.000000	0.000000	0.000000	0.000000	30.57748464619047	-96.35045905238096	200.00000000000000	1
165	0	3	16	0.000000	0.000000	0.000000	0.000000	30.57777484095238	-96.35067864047618	200.00000000000000	1
166	0	3	16	0.000000	0.000000	0.000000	0.000000	30.57756362666667	-96.35085830476191	200.00000000000000	1
167	0	3	16	0.000000	0.000000	0.000000	0.000000	30.57750636238095	-96.35049545476191	200.00000000000000	1
168	0	3	16	0.000000	0.000000	0.000000	0.000000	30.57774286142856	-96.35067840571426	200.00000000000000	1
169	0	3	16	0.000000	0.000000	0.000000	0.000000	30.57757389000000	-96.35082213714287	200.00000000000000	1
170	0	3	16	0.000000	0.000000	0.000000	0.000000	30.57752807857142	-96.35053185714287	200.00000000000000	1
171	0	3	16	0.000000	0.000000	0.000000	0.000000	30.57771088190475	-96.35067817095235	200.00000000000000	1
172	0	3	16	0.000000	0.000000	0.000000	0.000000	30.57758415333333	-96.35078596952383	200.00000000000000	1
173	0	3	16	0.000000	0.000000	0.000000	0.000000	30.57754979476190	-96.35056825952383	200.00000000000000	1
174	0	3	16	0.000000	0.000000	0.000000	0.000000	30.57767890238094	-96.35067793619044	200.00000000000000	1
175	0	3	16	0.000000	0.000000	0.000000	0.000000	30.57759441666667	-96.35074980190478	200.00000000000000	1
176	0	3	16	0.000000	0.000000	0.000000	0.000000	30.57757151095237	-96.35060466190478	200.00000000000000	1
177	0	3	16	0.000000	0.000000	0.000000	0.000000	30.57764692285713	-96.35067770142852	200.00000000000000	1
178	0	3	16	0.000000	0.000000	0.000000	0.000000	30.57760468000000	-96.35071363428574	200.00000000000000	1
179	0	3	16	0.000000	0.000000	0.000000	0.000000	30.57759322714285	-96.35064106428574	200.00000000000000	1
180	0	3	16	0.000000	0.000000	0.000000	0.000000	30.57761494333332	-96.35067746666661	200.00000000000000	1
