QGC WPL 110
0	0	0	16	0.000000	0.000000	0.000000	0.000000	30.57833418000000	-96.35086588999999	200.00000000000000	1
1	0	3	16	0.000000	0.000000	0.000000	0.000000	30.57835298000000	-96.35121476000000	200.00000000000000	1
2	0	3	16	0.000000	0.000000	0.000000	0.000000	30.57756256000000	-96.35205714999999	200.00000000000000	1
3	0	3	16	0.000000	0.000000	0.000000	0.000000	30.57771892000000	-96.35131959000000	200.00000000000000	1
4	0	3	16	0.000000	0.000000	0.000000	0.000000	30.57828532000000	-96.35093709821427	200.00000000000000	1
5	0	3	16	0.000000	0.000000	0.000000	0.000000	30.57830143428571	-96.35123612964286	200.00000000000000	1
6	0	3	16	0.000000	0.000000	0.000000	0.000000	30.57762393142857	-96.35195817821428	200.00000000000000	1
7	0	3	16	0.000000	0.000000	0.000000	0.000000	30.57775795428571	-96.35132598392858	200.00000000000000	1
8	0	3	16	0.000000	0.000000	0.000000	0.000000	30.57823646000000	-96.35100830642855	200.00000000000000	1
9	0	3	16	0.000000	0.000000	0.000000	0.000000	30.57824988857143	-96.35125749928571	200.00000000000000	1
10	0	3	16	0.000000	0.000000	0.000000	0.000000	30.57768530285714	-96.35185920642856	200.00000000000000	1
11	0	3	16	0.000000	0.000000	0.000000	0.000000	30.57779698857142	-96.35133237785715	200.00000000000000	1
12	0	3	16	0.000000	0.000000	0.000000	0.000000	30.57818760000000	-96.35107951464283	200.00000000000000	1
13	0	3	16	0.000000	0.000000	0.000000	0.000000	30.57819834285714	-96.35127886892856	200.00000000000000	1
14	0	3	16	0.000000	0.000000	0.000000	0.000000	30.57774667428572	-96.35176023464284	200.00000000000000	1
15	0	3	16	0.000000	0.000000	0.000000	0.000000	30.57783602285714	-96.35133877178572	200.00000000000000	1
16	0	3	16	0.000000	0.000000	0.000000	0.000000	30.57813874000000	-96.35115072285711	200.00000000000000	1
17	0	3	16	0.000000	0.000000	0.000000	0.000000	30.57814679714286	-96.35130023857141	200.00000000000000	1
18	0	3	16	0.000000	0.000000	0.000000	0.000000	30.57780804571429	-96.35166126285712	200.00000000000000	1
19	0	3	16	0.000000	0.000000	0.000000	0.000000	30.57787505714285	-96.35134516571429	200.00000000000000	1
20	0	3	16	0.000000	0.000000	0.000000	0.000000	30.57808988000000	-96.35122193107139	200.00000000000000	1
21	0	3	16	0.000000	0.000000	0.000000	0.000000	30.57809525142857	-96.35132160821426	200.00000000000000	1
22	0	3	16	0.000000	0.000000	0.000000	0.000000	30.57786941714286	-96.35156229107140	200.00000000000000	1
23	0	3	16	0.000000	0.000000	0.000000	0.000000	30.57791409142856	-96.35135155964286	200.00000000000000	1
24	0	3	16	0.000000	0.000000	0.000000	0.000000	30.57804102000000	-96.35129313928567	200.00000000000000	1
25	0	3	16	0.000000	0.000000	0.000000	0.000000	30.57804370571429	-96.35134297785712	200.00000000000000	1
26	0	3	16	0.000000	0.000000	0.000000	0.000000	30.57793078857143	-96.35146331928568	200.00000000000000	1
27	0	3	16	0.000000	0.000000	0.000000	0.000000	30.57795312571428	-96.35135795357144	200.00000000000000	1
28	0	3	16	0.000000	0.000000	0.000000	0.000000	30.57799216000000	-96.35136434749995	200.00000000000000	1
29	0	3	16	0.000000	0.000000	0.000000	0.000000	30.57771892000000	-96.35131959000000	200.00000000000000	1
30	0	3	16	0.000000	0.000000	0.000000	0.000000	30.57838190000000	-96.35024555000000	200.00000000000000	1
31	0	3	16	0.000000	0.000000	0.000000	0.000000	30.57833418000000	-96.35086588999999	200.00000000000000	1
32	0	3	16	0.000000	0.000000	0.000000	0.000000	30.57777978857143	-96.35124684047619	200.00000000000000	1
33	0	3	16	0.000000	0.000000	0.000000	0.000000	30.57834805714286	-96.35032623476189	200.00000000000000	1
34	0	3	16	0.000000	0.000000	0.000000	0.000000	30.57830715428571	-96.35085795476189	200.00000000000000	1
35	0	3	16	0.000000	0.000000	0.000000	0.000000	30.57784065714285	-96.35117409095238	200.00000000000000	1
36	0	3	16	0.000000	0.000000	0.000000	0.000000	30.57831421428572	-96.35040691952379	200.00000000000000	1
37	0	3	16	0.000000	0.000000	0.000000	0.000000	30.57828012857143	-96.35085001952379	200.00000000000000	1
38	0	3	16	0.000000	0.000000	0.000000	0.000000	30.57790152571428	-96.35110134142857	200.00000000000000	1
39	0	3	16	0.000000	0.000000	0.000000	0.000000	30.57828037142857	-96.35048760428569	200.00000000000000	1
40	0	3	16	0.000000	0.000000	0.000000	0.000000	30.57825310285714	-96.35084208428569	200.00000000000000	1
41	0	3	16	0.000000	0.000000	0.000000	0.000000	30.57796239428571	-96.35102859190476	200.00000000000000	1
42	0	3	16	0.000000	0.000000	0.000000	0.000000	30.57824652857143	-96.35056828904759	200.00000000000000	1
43	0	3	16	0.000000	0.000000	0.000000	0.000000	30.57822607714286	-96.35083414904759	200.00000000000000	1
44	0	3	16	0.000000	0.000000	0.000000	0.000000	30.57802326285714	-96.35095584238096	200.00000000000000	1
45	0	3	16	0.000000	0.000000	0.000000	0.000000	30.57821268571429	-96.35064897380948	200.00000000000000	1
46	0	3	16	0.000000	0.000000	0.000000	0.000000	30.57819905142857	-96.35082621380948	200.00000000000000	1
47	0	3	16	0.000000	0.000000	0.000000	0.000000	30.57808413142856	-96.35088309285715	200.00000000000000	1
48	0	3	16	0.000000	0.000000	0.000000	0.000000	30.57817884285715	-96.35072965857138	200.00000000000000	1
49	0	3	16	0.000000	0.000000	0.000000	0.000000	30.57817202571429	-96.35081827857138	200.00000000000000	1
50	0	3	16	0.000000	0.000000	0.000000	0.000000	30.57814499999999	-96.35081034333334	200.00000000000000	1
51	0	3	16	0.000000	0.000000	0.000000	0.000000	30.57838190000000	-96.35024555000000	200.00000000000000	1
52	0	3	16	0.000000	0.000000	0.000000	0.000000	30.57771892000000	-96.35131959000000	200.00000000000000	1
53	0	3	16	0.000000	0.000000	0.000000	0.000000	30.57733240000000	-96.35164309000000	200.00000000000000	1
54	0	3	16	0.000000	0.000000	0.000000	0.000000	30.57789922000000	-96.35057749000001	200.00000000000000	1
55	0	3	16	0.000000	0.000000	0.000000	0.000000	30.57830350142857	-96.35034567571428	200.00000000000000	1
56	0	3	16	0.000000	0.000000	0.000000	0.000000	30.57773523285714	-96.35126628142858	200.00000000000000	1
57	0	3	16	0.000000	0.000000	0.000000	0.000000	30.57740393000000	-96.35154356714285	200.00000000000000	1
58	0	3	16	0.000000	0.000000	0.000000	0.000000	30.57788977571429	-96.35063019571429	200.00000000000000	1
59	0	3	16	0.000000	0.000000	0.000000	0.000000	30.57822510285714	-96.35044580142856	200.00000000000000	1
60	0	3	16	0.000000	0.000000	0.000000	0.000000	30.57775154571428	-96.35121297285716	200.00000000000000	1
61	0	3	16	0.000000	0.000000	0.000000	0.000000	30.57747546000000	-96.35144404428571	200.00000000000000	1
62	0	3	16	0.000000	0.000000	0.000000	0.000000	30.57788033142857	-96.35068290142857	200.00000000000000	1
63	0	3	16	0.000000	0.000000	0.000000	0.000000	30.57814670428571	-96.35054592714285	200.00000000000000	1
64	0	3	16	0.000000	0.000000	0.000000	0.000000	30.57776785857142	-96.35115966428573	200.00000000000000	1
65	0	3	16	0.000000	0.000000	0.000000	0.000000	30.57754699000000	-96.35134452142857	200.00000000000000	1
66	0	3	16	0.000000	0.000000	0.000000	0.000000	30.57787088714286	-96.35073560714285	200.00000000000000	1
67	0	3	16	0.000000	0.000000	0.000000	0.000000	30.57806830571429	-96.35064605285713	200.00000000000000	1
68	0	3	16	0.000000	0.000000	0.000000	0.000000	30.57778417142856	-96.35110635571431	200.00000000000000	1
69	0	3	16	0.000000	0.000000	0.000000	0.000000	30.57761852000000	-96.35124499857143	200.00000000000000	1
70	0	3	16	0.000000	0.000000	0.000000	0.000000	30.57786144285715	-96.35078831285713	200.00000000000000	1
71	0	3	16	0.000000	0.000000	0.000000	0.000000	30.57798990714286	-96.35074617857141	200.00000000000000	1
72	0	3	16	0.000000	0.000000	0.000000	0.000000	30.57780048428571	-96.35105304714288	200.00000000000000	1
73	0	3	16	0.000000	0.000000	0.000000	0.000000	30.57769005000000	-96.35114547571429	200.00000000000000	1
74	0	3	16	0.000000	0.000000	0.000000	0.000000	30.57785199857144	-96.35084101857142	200.00000000000000	1
75	0	3	16	0.000000	0.000000	0.000000	0.000000	30.57791150857143	-96.35084630428570	200.00000000000000	1
76	0	3	16	0.000000	0.000000	0.000000	0.000000	30.57781679714285	-96.35099973857146	200.00000000000000	1
77	0	3	16	0.000000	0.000000	0.000000	0.000000	30.57776158000000	-96.35104595285715	200.00000000000000	1
78	0	3	16	0.000000	0.000000	0.000000	0.000000	30.57784255428572	-96.35089372428570	200.00000000000000	1
79	0	3	16	0.000000	0.000000	0.000000	0.000000	30.57783311000000	-96.35094642999998	200.00000000000000	1
80	0	3	16	0.000000	0.000000	0.000000	0.000000	30.57789922000000	-96.35057749000001	200.00000000000000	1
81	0	3	16	0.000000	0.000000	0.000000	0.000000	30.57789639000000	-96.35054296000000	200.00000000000000	1
82	0	3	16	0.000000	0.000000	0.000000	0.000000	30.57838190000000	-96.35024555000000	200.00000000000000	1
83	0	3	16	0.000000	0.000000	0.000000	0.000000	30.57792207000000	-96.35056003904762	200.00000000000000	1
84	0	3	16	0.000000	0.000000	0.000000	0.000000	30.57791964428571	-96.35053044190477	200.00000000000000	1
85	0	3	16	0.000000	0.000000	0.000000	0.000000	30.57833579571428	-96.35027551904761	200.00000000000000	1
86	0	3	16	0.000000	0.000000	0.000000	0.000000	30.57794492000000	-96.35054258809524	200.00000000000000	1
87	0	3	16	0.000000	0.000000	0.000000	0.000000	30.57794289857143	-96.35051792380953	200.00000000000000	1
88	0	3	16	0.000000	0.000000	0.000000	0.000000	30.57828969142857	-96.35030548809523	200.00000000000000	1
89	0	3	16	0.000000	0.000000	0.000000	0.000000	30.57796777000000	-96.35052513714285	200.00000000000000	1
90	0	3	16	0.000000	0.000000	0.000000	0.000000	30.57796615285714	-96.35050540571430	200.00000000000000	1
91	0	3	16	0.000000	0.000000	0.000000	0.000000	30.57824358714285	-96.35033545714285	200.00000000000000	1
92	0	3	16	0.000000	0.000000	0.000000	0.000000	30.57799062000000	-96.35050768619047	200.00000000000000	1
93	0	3	16	0.000000	0.000000	0.000000	0.000000	30.57798940714286	-96.35049288761907	200.00000000000000	1
94	0	3	16	0.000000	0.000000	0.000000	0.000000	30.57819748285714	-96.35036542619046	200.00000000000000	1
95	0	3	16	0.000000	0.000000	0.000000	0.000000	30.57801347000000	-96.35049023523808	200.00000000000000	1
96	0	3	16	0.000000	0.000000	0.000000	0.000000	30.57801266142857	-96.35048036952384	200.00000000000000	1
97	0	3	16	0.000000	0.000000	0.000000	0.000000	30.57815137857142	-96.35039539523808	200.00000000000000	1
98	0	3	16	0.000000	0.000000	0.000000	0.000000	30.57803632000000	-96.35047278428570	200.00000000000000	1
99	0	3	16	0.000000	0.000000	0.000000	0.000000	30.57803591571429	-96.35046785142860	200.00000000000000	1
100	0	3	16	0.000000	0.000000	0.000000	0.000000	30.57810527428571	-96.35042536428570	200.00000000000000	1
101	0	3	16	0.000000	0.000000	0.000000	0.000000	30.57805917000000	-96.35045533333331	200.00000000000000	1
102	0	3	16	0.000000	0.000000	0.000000	0.000000	30.57789922000000	-96.35057749000001	200.00000000000000	1
103	0	3	16	0.000000	0.000000	0.000000	0.000000	30.57733240000000	-96.35164309000000	200.00000000000000	1
104	0	3	16	0.000000	0.000000	0.000000	0.000000	30.57684610000000	-96.35074683000001	200.00000000000000	1
105	0	3	16	0.000000	0.000000	0.000000	0.000000	30.57749004000000	-96.35051907000000	200.00000000000000	1
106	0	3	16	0.000000	0.000000	0.000000	0.000000	30.57782675142857	-96.35061950857143	200.00000000000000	1
107	0	3	16	0.000000	0.000000	0.000000	0.000000	30.57734090571428	-96.35153287999999	200.00000000000000	1
108	0	3	16	0.000000	0.000000	0.000000	0.000000	30.57692407714286	-96.35076465714286	200.00000000000000	1
109	0	3	16	0.000000	0.000000	0.000000	0.000000	30.57747602571429	-96.35056943428572	200.00000000000000	1
110	0	3	16	0.000000	0.000000	0.000000	0.000000	30.57775428285714	-96.35066152714285	200.00000000000000	1
111	0	3	16	0.000000	0.000000	0.000000	0.000000	30.57734941142857	-96.35142266999999	200.00000000000000	1
112	0	3	16	0.000000	0.000000	0.000000	0.000000	30.57700205428572	-96.35078248428572	200.00000000000000	1
113	0	3	16	0.000000	0.000000	0.000000	0.000000	30.57746201142857	-96.35061979857143	200.00000000000000	1
114	0	3	16	0.000000	0.000000	0.000000	0.000000	30.57768181428571	-96.35070354571427	200.00000000000000	1
115	0	3	16	0.000000	0.000000	0.000000	0.000000	30.57735791714285	-96.35131245999999	200.00000000000000	1
116	0	3	16	0.000000	0.000000	0.000000	0.000000	30.57708003142858	-96.35080031142857	200.00000000000000	1
117	0	3	16	0.000000	0.000000	0.000000	0.000000	30.57744799714286	-96.35067016285714	200.00000000000000	1
118	0	3	16	0.000000	0.000000	0.000000	0.000000	30.57760934571429	-96.35074556428569	200.00000000000000	1
119	0	3	16	0.000000	0.000000	0.000000	0.000000	30.57736642285714	-96.35120224999999	200.00000000000000	1
120	0	3	16	0.000000	0.000000	0.000000	0.000000	30.57715800857143	-96.35081813857143	200.00000000000000	1
121	0	3	16	0.000000	0.000000	0.000000	0.000000	30.57743398285714	-96.35072052714285	200.00000000000000	1
122	0	3	16	0.000000	0.000000	0.000000	0.000000	30.57753687714286	-96.35078758285711	200.00000000000000	1
123	0	3	16	0.000000	0.000000	0.000000	0.000000	30.57737492857142	-96.35109203999998	200.00000000000000	1
124	0	3	16	0.000000	0.000000	0.000000	0.000000	30.57723598571429	-96.35083596571428	200.00000000000000	1
125	0	3	16	0.000000	0.000000	0.000000	0.000000	30.57741996857143	-96.35077089142857	200.00000000000000	1
126	0	3	16	0.000000	0.000000	0.000000	0.000000	30.57746440857143	-96.35082960142853	200.00000000000000	1
127	0	3	16	0.000000	0.000000	0.000000	0.000000	30.57738343428570	-96.35098182999998	200.00000000000000	1
128	0	3	16	0.000000	0.000000	0.000000	0.000000	30.57731396285715	-96.35085379285714	200.00000000000000	1
129	0	3	16	0.000000	0.000000	0.000000	0.000000	30.57740595428572	-96.35082125571428	200.00000000000000	1
130	0	3	16	0.000000	0.000000	0.000000	0.000000	30.57739194000000	-96.35087161999995	200.00000000000000	1
131	0	3	16	0.000000	0.000000	0.000000	0.000000	30.57749004000000	-96.35051907000000	200.00000000000000	1
132	0	3	16	0.000000	0.000000	0.000000	0.000000	30.57684610000000	-96.35074683000001	200.00000000000000	1
133	0	3	16	0.000000	0.000000	0.000000	0.000000	30.57669745000000	-96.35019363000001	200.00000000000000	1
134	0	3	16	0.000000	0.000000	0.000000	0.000000	30.57742163380953	-96.35051441857144	200.00000000000000	1
135	0	3	16	0.000000	0.000000	0.000000	0.000000	30.57686968523809	-96.35070964142858	200.00000000000000	1
136	0	3	16	0.000000	0.000000	0.000000	0.000000	30.57674227095238	-96.35023547000000	200.00000000000000	1
137	0	3	16	0.000000	0.000000	0.000000	0.000000	30.57735322761905	-96.35050976714287	200.00000000000000	1
138	0	3	16	0.000000	0.000000	0.000000	0.000000	30.57689327047619	-96.35067245285715	200.00000000000000	1
139	0	3	16	0.000000	0.000000	0.000000	0.000000	30.57678709190476	-96.35027731000000	200.00000000000000	1
140	0	3	16	0.000000	0.000000	0.000000	0.000000	30.57728482142857	-96.35050511571430	200.00000000000000	1
141	0	3	16	0.000000	0.000000	0.000000	0.000000	30.57691685571428	-96.35063526428573	200.00000000000000	1
142	0	3	16	0.000000	0.000000	0.000000	0.000000	30.57683191285714	-96.35031914999999	200.00000000000000	1
143	0	3	16	0.000000	0.000000	0.000000	0.000000	30.57721641523810	-96.35050046428573	200.00000000000000	1
144	0	3	16	0.000000	0.000000	0.000000	0.000000	30.57694044095237	-96.35059807571430	200.00000000000000	1
145	0	3	16	0.000000	0.000000	0.000000	0.000000	30.57687673380952	-96.35036098999998	200.00000000000000	1
146	0	3	16	0.000000	0.000000	0.000000	0.000000	30.57714800904762	-96.35049581285716	200.00000000000000	1
147	0	3	16	0.000000	0.000000	0.000000	0.000000	30.57696402619047	-96.35056088714288	200.00000000000000	1
148	0	3	16	0.000000	0.000000	0.000000	0.000000	30.57692155476190	-96.35040282999998	200.00000000000000	1
149	0	3	16	0.000000	0.000000	0.000000	0.000000	30.57707960285715	-96.35049116142859	200.00000000000000	1
150	0	3	16	0.000000	0.000000	0.000000	0.000000	30.57698761142856	-96.35052369857145	200.00000000000000	1
151	0	3	16	0.000000	0.000000	0.000000	0.000000	30.57696637571427	-96.35044466999997	200.00000000000000	1
152	0	3	16	0.000000	0.000000	0.000000	0.000000	30.57701119666667	-96.35048651000002	200.00000000000000	1
153	0	3	16	0.000000	0.000000	0.000000	0.000000	30.57684610000000	-96.35074683000001	200.00000000000000	1
154	0	3	16	0.000000	0.000000	0.000000	0.000000	30.57702832000000	-96.35183477000000	200.00000000000000	1
155	0	3	16	0.000000	0.000000	0.000000	0.000000	30.57666845000000	-96.35198896000000	200.00000000000000	1
156	0	3	16	0.000000	0.000000	0.000000	0.000000	30.57662108000000	-96.35142574000000	200.00000000000000	1
157	0	3	16	0.000000	0.000000	0.000000	0.000000	30.57669745000000	-96.35019363000001	200.00000000000000	1
158	0	3	16	0.000000	0.000000	0.000000	0.000000	30.57683555428572	-96.35081699514286	200.00000000000000	1
159	0	3	16	0.000000	0.000000	0.000000	0.000000	30.57699174285714	-96.35174951514286	200.00000000000000	1
160	0	3	16	0.000000	0.000000	0.000000	0.000000	30.57668328285714	-96.35188167800000	200.00000000000000	1
161	0	3	16	0.000000	0.000000	0.000000	0.000000	30.57664268000000	-96.35139891800000	200.00000000000000	1
162	0	3	16	0.000000	0.000000	0.000000	0.000000	30.57670814000000	-96.35034282371429	200.00000000000000	1
163	0	3	16	0.000000	0.000000	0.000000	0.000000	30.57682500857143	-96.35088716028572	200.00000000000000	1
164	0	3	16	0.000000	0.000000	0.000000	0.000000	30.57695516571428	-96.35166426028572	200.00000000000000	1
165	0	3	16	0.000000	0.000000	0.000000	0.000000	30.57669811571429	-96.35177439600000	200.00000000000000	1
166	0	3	16	0.000000	0.000000	0.000000	0.000000	30.57666428000000	-96.35137209600001	200.00000000000000	1
167	0	3	16	0.000000	0.000000	0.000000	0.000000	30.57671883000000	-96.35049201742856	200.00000000000000	1
168	0	3	16	0.000000	0.000000	0.000000	0.000000	30.57681446285714	-96.35095732542858	200.00000000000000	1
169	0	3	16	0.000000	0.000000	0.000000	0.000000	30.57691858857143	-96.35157900542858	200.00000000000000	1
170	0	3	16	0.000000	0.000000	0.000000	0.000000	30.57671294857143	-96.35166711399999	200.00000000000000	1
171	0	3	16	0.000000	0.000000	0.000000	0.000000	30.57668588000000	-96.35134527400001	200.00000000000000	1
172	0	3	16	0.000000	0.000000	0.000000	0.000000	30.57672952000000	-96.35064121114284	200.00000000000000	1
173	0	3	16	0.000000	0.000000	0.000000	0.000000	30.57680391714286	-96.35102749057144	200.00000000000000	1
174	0	3	16	0.000000	0.000000	0.000000	0.000000	30.57688201142857	-96.35149375057144	200.00000000000000	1
175	0	3	16	0.000000	0.000000	0.000000	0.000000	30.57672778142857	-96.35155983199999	200.00000000000000	1
176	0	3	16	0.000000	0.000000	0.000000	0.000000	30.57670748000000	-96.35131845200002	200.00000000000000	1
177	0	3	16	0.000000	0.000000	0.000000	0.000000	30.57674021000000	-96.35079040485712	200.00000000000000	1
178	0	3	16	0.000000	0.000000	0.000000	0.000000	30.57679337142857	-96.35109765571430	200.00000000000000	1
179	0	3	16	0.000000	0.000000	0.000000	0.000000	30.57684543428571	-96.35140849571430	200.00000000000000	1
180	0	3	16	0.000000	0.000000	0.000000	0.000000	30.57674261428572	-96.35145254999999	200.00000000000000	1
181	0	3	16	0.000000	0.000000	0.000000	0.000000	30.57672908000000	-96.35129163000002	200.00000000000000	1
182	0	3	16	0.000000	0.000000	0.000000	0.000000	30.57675090000000	-96.35093959857140	200.00000000000000	1
183	0	3	16	0.000000	0.000000	0.000000	0.000000	30.57678282571429	-96.35116782085716	200.00000000000000	1
184	0	3	16	0.000000	0.000000	0.000000	0.000000	30.57680885714285	-96.35132324085716	200.00000000000000	1
185	0	3	16	0.000000	0.000000	0.000000	0.000000	30.57675744714286	-96.35134526799999	200.00000000000000	1
186	0	3	16	0.000000	0.000000	0.000000	0.000000	30.57675068000000	-96.35126480800002	200.00000000000000	1
187	0	3	16	0.000000	0.000000	0.000000	0.000000	30.57676159000000	-96.35108879228568	200.00000000000000	1
188	0	3	16	0.000000	0.000000	0.000000	0.000000	30.57677228000000	-96.35123798600002	200.00000000000000	1
189	0	3	16	0.000000	0.000000	0.000000	0.000000	30.57662108000000	-96.35142574000000	200.00000000000000	1
190	0	3	16	0.000000	0.000000	0.000000	0.000000	30.57666845000000	-96.35198896000000	200.00000000000000	1
191	0	3	16	0.000000	0.000000	0.000000	0.000000	30.57657008000000	-96.35151626000000	200.00000000000000	1
192	0	3	16	0.000000	0.000000	0.000000	0.000000	30.57662090714286	-96.35145687047618	200.00000000000000	1
193	0	3	16	0.000000	0.000000	0.000000	0.000000	30.57666151000000	-96.35193963047620	200.00000000000000	1
194	0	3	16	0.000000	0.000000	0.000000	0.000000	30.57657719285714	-96.35153445904761	200.00000000000000	1
195	0	3	16	0.000000	0.000000	0.000000	0.000000	30.57662073428572	-96.35148800095237	200.00000000000000	1
196	0	3	16	0.000000	0.000000	0.000000	0.000000	30.57665457000000	-96.35189030095239	200.00000000000000	1
197	0	3	16	0.000000	0.000000	0.000000	0.000000	30.57658430571429	-96.35155265809523	200.00000000000000	1
198	0	3	16	0.000000	0.000000	0.000000	0.000000	30.57662056142857	-96.35151913142856	200.00000000000000	1
199	0	3	16	0.000000	0.000000	0.000000	0.000000	30.57664763000000	-96.35184097142859	200.00000000000000	1
200	0	3	16	0.000000	0.000000	0.000000	0.000000	30.57659141857143	-96.35157085714285	200.00000000000000	1
201	0	3	16	0.000000	0.000000	0.000000	0.000000	30.57662038857143	-96.35155026190475	200.00000000000000	1
202	0	3	16	0.000000	0.000000	0.000000	0.000000	30.57664069000000	-96.35179164190478	200.00000000000000	1
203	0	3	16	0.000000	0.000000	0.000000	0.000000	30.57659853142858	-96.35158905619046	200.00000000000000	1
204	0	3	16	0.000000	0.000000	0.000000	0.000000	30.57662021571429	-96.35158139238094	200.00000000000000	1
205	0	3	16	0.000000	0.000000	0.000000	0.000000	30.57663375000001	-96.35174231238098	200.00000000000000	1
206	0	3	16	0.000000	0.000000	0.000000	0.000000	30.57660564428572	-96.35160725523808	200.00000000000000	1
207	0	3	16	0.000000	0.000000	0.000000	0.000000	30.57662004285715	-96.35161252285712	200.00000000000000	1
208	0	3	16	0.000000	0.000000	0.000000	0.000000	30.57662681000001	-96.35169298285717	200.00000000000000	1
209	0	3	16	0.000000	0.000000	0.000000	0.000000	30.57661275714286	-96.35162545428570	200.00000000000000	1
210	0	3	16	0.000000	0.000000	0.000000	0.000000	30.57661987000001	-96.35164365333331	200.00000000000000	1
