QGC WPL 110
0	0	0	16	0.000000	0.000000	0.000000	0.000000	30.57835105000000	-96.35151782000000	200.00000000000000	1
1	0	3	16	0.000000	0.000000	0.000000	0.000000	30.57787350000000	-96.35209383999999	200.00000000000000	1
2	0	3	16	0.000000	0.000000	0.000000	0.000000	30.57783500000000	-96.35197320000000	200.00000000000000	1
3	0	3	16	0.000000	0.000000	0.000000	0.000000	30.57830373571429	-96.35156693428571	200.00000000000000	1
4	0	3	16	0.000000	0.000000	0.000000	0.000000	30.57789440714286	-96.35206066571428	200.00000000000000	1
5	0	3	16	0.000000	0.000000	0.000000	0.000000	30.57786140714286	-96.35195726000001	200.00000000000000	1
6	0	3	16	0.000000	0.000000	0.000000	0.000000	30.57825642142857	-96.35161604857143	200.00000000000000	1
7	0	3	16	0.000000	0.000000	0.000000	0.000000	30.57791531428571	-96.35202749142856	200.00000000000000	1
8	0	3	16	0.000000	0.000000	0.000000	0.000000	30.57788781428572	-96.35194132000001	200.00000000000000	1
9	0	3	16	0.000000	0.000000	0.000000	0.000000	30.57820910714286	-96.35166516285715	200.00000000000000	1
10	0	3	16	0.000000	0.000000	0.000000	0.000000	30.57793622142857	-96.35199431714284	200.00000000000000	1
11	0	3	16	0.000000	0.000000	0.000000	0.000000	30.57791422142857	-96.35192538000001	200.00000000000000	1
12	0	3	16	0.000000	0.000000	0.000000	0.000000	30.57816179285715	-96.35171427714286	200.00000000000000	1
13	0	3	16	0.000000	0.000000	0.000000	0.000000	30.57795712857143	-96.35196114285712	200.00000000000000	1
14	0	3	16	0.000000	0.000000	0.000000	0.000000	30.57794062857143	-96.35190944000001	200.00000000000000	1
15	0	3	16	0.000000	0.000000	0.000000	0.000000	30.57811447857144	-96.35176339142858	200.00000000000000	1
16	0	3	16	0.000000	0.000000	0.000000	0.000000	30.57797803571429	-96.35192796857140	200.00000000000000	1
17	0	3	16	0.000000	0.000000	0.000000	0.000000	30.57796703571429	-96.35189350000002	200.00000000000000	1
18	0	3	16	0.000000	0.000000	0.000000	0.000000	30.57806716428572	-96.35181250571429	200.00000000000000	1
19	0	3	16	0.000000	0.000000	0.000000	0.000000	30.57799894285715	-96.35189479428568	200.00000000000000	1
20	0	3	16	0.000000	0.000000	0.000000	0.000000	30.57799344285715	-96.35187756000002	200.00000000000000	1
21	0	3	16	0.000000	0.000000	0.000000	0.000000	30.57801985000001	-96.35186162000001	200.00000000000000	1
22	0	3	16	0.000000	0.000000	0.000000	0.000000	30.57783500000000	-96.35197320000000	200.00000000000000	1
23	0	3	16	0.000000	0.000000	0.000000	0.000000	30.57765566000000	-96.35208400000000	200.00000000000000	1
24	0	3	16	0.000000	0.000000	0.000000	0.000000	30.57741972000000	-96.35159442000000	200.00000000000000	1
25	0	3	16	0.000000	0.000000	0.000000	0.000000	30.57772513000000	-96.35067726000000	200.00000000000000	1
26	0	3	16	0.000000	0.000000	0.000000	0.000000	30.57835105000000	-96.35151782000000	200.00000000000000	1
27	0	3	16	0.000000	0.000000	0.000000	0.000000	30.57782961600000	-96.35191550571429	200.00000000000000	1
28	0	3	16	0.000000	0.000000	0.000000	0.000000	30.57767589600000	-96.35201047714285	200.00000000000000	1
29	0	3	16	0.000000	0.000000	0.000000	0.000000	30.57747366171429	-96.35159083714285	200.00000000000000	1
30	0	3	16	0.000000	0.000000	0.000000	0.000000	30.57773544171429	-96.35080470000000	200.00000000000000	1
31	0	3	16	0.000000	0.000000	0.000000	0.000000	30.57827194457143	-96.35152518000000	200.00000000000000	1
32	0	3	16	0.000000	0.000000	0.000000	0.000000	30.57782423200000	-96.35185781142857	200.00000000000000	1
33	0	3	16	0.000000	0.000000	0.000000	0.000000	30.57769613200000	-96.35193695428570	200.00000000000000	1
34	0	3	16	0.000000	0.000000	0.000000	0.000000	30.57752760342857	-96.35158725428570	200.00000000000000	1
35	0	3	16	0.000000	0.000000	0.000000	0.000000	30.57774575342857	-96.35093214000000	200.00000000000000	1
36	0	3	16	0.000000	0.000000	0.000000	0.000000	30.57819283914285	-96.35153253999999	200.00000000000000	1
37	0	3	16	0.000000	0.000000	0.000000	0.000000	30.57781884800000	-96.35180011714286	200.00000000000000	1
38	0	3	16	0.000000	0.000000	0.000000	0.000000	30.57771636800000	-96.35186343142855	200.00000000000000	1
39	0	3	16	0.000000	0.000000	0.000000	0.000000	30.57758154514286	-96.35158367142856	200.00000000000000	1
40	0	3	16	0.000000	0.000000	0.000000	0.000000	30.57775606514285	-96.35105958000000	200.00000000000000	1
41	0	3	16	0.000000	0.000000	0.000000	0.000000	30.57811373371428	-96.35153989999999	200.00000000000000	1
42	0	3	16	0.000000	0.000000	0.000000	0.000000	30.57781346399999	-96.35174242285714	200.00000000000000	1
43	0	3	16	0.000000	0.000000	0.000000	0.000000	30.57773660400001	-96.35178990857140	200.00000000000000	1
44	0	3	16	0.000000	0.000000	0.000000	0.000000	30.57763548685714	-96.35158008857141	200.00000000000000	1
45	0	3	16	0.000000	0.000000	0.000000	0.000000	30.57776637685714	-96.35118702000000	200.00000000000000	1
46	0	3	16	0.000000	0.000000	0.000000	0.000000	30.57803462828571	-96.35154725999999	200.00000000000000	1
47	0	3	16	0.000000	0.000000	0.000000	0.000000	30.57780807999999	-96.35168472857143	200.00000000000000	1
48	0	3	16	0.000000	0.000000	0.000000	0.000000	30.57775684000001	-96.35171638571425	200.00000000000000	1
49	0	3	16	0.000000	0.000000	0.000000	0.000000	30.57768942857142	-96.35157650571426	200.00000000000000	1
50	0	3	16	0.000000	0.000000	0.000000	0.000000	30.57777668857142	-96.35131446000000	200.00000000000000	1
51	0	3	16	0.000000	0.000000	0.000000	0.000000	30.57795552285714	-96.35155461999999	200.00000000000000	1
52	0	3	16	0.000000	0.000000	0.000000	0.000000	30.57780269599999	-96.35162703428571	200.00000000000000	1
53	0	3	16	0.000000	0.000000	0.000000	0.000000	30.57777707600001	-96.35164286285710	200.00000000000000	1
54	0	3	16	0.000000	0.000000	0.000000	0.000000	30.57774337028571	-96.35157292285712	200.00000000000000	1
55	0	3	16	0.000000	0.000000	0.000000	0.000000	30.57778700028571	-96.35144190000000	200.00000000000000	1
56	0	3	16	0.000000	0.000000	0.000000	0.000000	30.57787641742857	-96.35156197999999	200.00000000000000	1
57	0	3	16	0.000000	0.000000	0.000000	0.000000	30.57779731199999	-96.35156934000000	200.00000000000000	1
58	0	3	16	0.000000	0.000000	0.000000	0.000000	30.57741972000000	-96.35159442000000	200.00000000000000	1
59	0	3	16	0.000000	0.000000	0.000000	0.000000	30.57765566000000	-96.35208400000000	200.00000000000000	1
60	0	3	16	0.000000	0.000000	0.000000	0.000000	30.57670346000000	-96.35195985000000	200.00000000000000	1
61	0	3	16	0.000000	0.000000	0.000000	0.000000	30.57739684761905	-96.35163513476191	200.00000000000000	1
62	0	3	16	0.000000	0.000000	0.000000	0.000000	30.57759908190476	-96.35205477476191	200.00000000000000	1
63	0	3	16	0.000000	0.000000	0.000000	0.000000	30.57678291047619	-96.35194836047619	200.00000000000000	1
64	0	3	16	0.000000	0.000000	0.000000	0.000000	30.57737397523810	-96.35167584952382	200.00000000000000	1
65	0	3	16	0.000000	0.000000	0.000000	0.000000	30.57754250380953	-96.35202554952382	200.00000000000000	1
66	0	3	16	0.000000	0.000000	0.000000	0.000000	30.57686236095238	-96.35193687095237	200.00000000000000	1
67	0	3	16	0.000000	0.000000	0.000000	0.000000	30.57735110285714	-96.35171656428572	200.00000000000000	1
68	0	3	16	0.000000	0.000000	0.000000	0.000000	30.57748592571429	-96.35199632428572	200.00000000000000	1
69	0	3	16	0.000000	0.000000	0.000000	0.000000	30.57694181142857	-96.35192538142856	200.00000000000000	1
70	0	3	16	0.000000	0.000000	0.000000	0.000000	30.57732823047619	-96.35175727904763	200.00000000000000	1
71	0	3	16	0.000000	0.000000	0.000000	0.000000	30.57742934761906	-96.35196709904763	200.00000000000000	1
72	0	3	16	0.000000	0.000000	0.000000	0.000000	30.57702126190476	-96.35191389190474	200.00000000000000	1
73	0	3	16	0.000000	0.000000	0.000000	0.000000	30.57730535809524	-96.35179799380954	200.00000000000000	1
74	0	3	16	0.000000	0.000000	0.000000	0.000000	30.57737276952382	-96.35193787380953	200.00000000000000	1
75	0	3	16	0.000000	0.000000	0.000000	0.000000	30.57710071238095	-96.35190240238093	200.00000000000000	1
76	0	3	16	0.000000	0.000000	0.000000	0.000000	30.57728248571429	-96.35183870857145	200.00000000000000	1
77	0	3	16	0.000000	0.000000	0.000000	0.000000	30.57731619142858	-96.35190864857144	200.00000000000000	1
78	0	3	16	0.000000	0.000000	0.000000	0.000000	30.57718016285714	-96.35189091285712	200.00000000000000	1
79	0	3	16	0.000000	0.000000	0.000000	0.000000	30.57725961333333	-96.35187942333336	200.00000000000000	1
80	0	3	16	0.000000	0.000000	0.000000	0.000000	30.57741972000000	-96.35159442000000	200.00000000000000	1
81	0	3	16	0.000000	0.000000	0.000000	0.000000	30.57670346000000	-96.35195985000000	200.00000000000000	1
82	0	3	16	0.000000	0.000000	0.000000	0.000000	30.57700728000000	-96.35069959000000	200.00000000000000	1
83	0	3	16	0.000000	0.000000	0.000000	0.000000	30.57709405000000	-96.35040696000000	200.00000000000000	1
84	0	3	16	0.000000	0.000000	0.000000	0.000000	30.57746221000000	-96.35061318000000	200.00000000000000	1
85	0	3	16	0.000000	0.000000	0.000000	0.000000	30.57737938057143	-96.35151733142857	200.00000000000000	1
86	0	3	16	0.000000	0.000000	0.000000	0.000000	30.57676544342857	-96.35183055714286	200.00000000000000	1
87	0	3	16	0.000000	0.000000	0.000000	0.000000	30.57702586057143	-96.35075033428572	200.00000000000000	1
88	0	3	16	0.000000	0.000000	0.000000	0.000000	30.57710023485714	-96.35049950857143	200.00000000000000	1
89	0	3	16	0.000000	0.000000	0.000000	0.000000	30.57741580057143	-96.35067626857142	200.00000000000000	1
90	0	3	16	0.000000	0.000000	0.000000	0.000000	30.57733904114286	-96.35144024285714	200.00000000000000	1
91	0	3	16	0.000000	0.000000	0.000000	0.000000	30.57682742685715	-96.35170126428572	200.00000000000000	1
92	0	3	16	0.000000	0.000000	0.000000	0.000000	30.57704444114286	-96.35080107857144	200.00000000000000	1
93	0	3	16	0.000000	0.000000	0.000000	0.000000	30.57710641971428	-96.35059205714286	200.00000000000000	1
94	0	3	16	0.000000	0.000000	0.000000	0.000000	30.57736939114286	-96.35073935714284	200.00000000000000	1
95	0	3	16	0.000000	0.000000	0.000000	0.000000	30.57729870171428	-96.35136315428571	200.00000000000000	1
96	0	3	16	0.000000	0.000000	0.000000	0.000000	30.57688941028572	-96.35157197142858	200.00000000000000	1
97	0	3	16	0.000000	0.000000	0.000000	0.000000	30.57706302171428	-96.35085182285715	200.00000000000000	1
98	0	3	16	0.000000	0.000000	0.000000	0.000000	30.57711260457143	-96.35068460571429	200.00000000000000	1
99	0	3	16	0.000000	0.000000	0.000000	0.000000	30.57732298171429	-96.35080244571427	200.00000000000000	1
100	0	3	16	0.000000	0.000000	0.000000	0.000000	30.57725836228571	-96.35128606571428	200.00000000000000	1
101	0	3	16	0.000000	0.000000	0.000000	0.000000	30.57695139371429	-96.35144267857144	200.00000000000000	1
102	0	3	16	0.000000	0.000000	0.000000	0.000000	30.57708160228571	-96.35090256714287	200.00000000000000	1
103	0	3	16	0.000000	0.000000	0.000000	0.000000	30.57711878942857	-96.35077715428572	200.00000000000000	1
104	0	3	16	0.000000	0.000000	0.000000	0.000000	30.57727657228572	-96.35086553428569	200.00000000000000	1
105	0	3	16	0.000000	0.000000	0.000000	0.000000	30.57721802285714	-96.35120897714285	200.00000000000000	1
106	0	3	16	0.000000	0.000000	0.000000	0.000000	30.57701337714287	-96.35131338571431	200.00000000000000	1
107	0	3	16	0.000000	0.000000	0.000000	0.000000	30.57710018285714	-96.35095331142858	200.00000000000000	1
108	0	3	16	0.000000	0.000000	0.000000	0.000000	30.57712497428571	-96.35086970285715	200.00000000000000	1
109	0	3	16	0.000000	0.000000	0.000000	0.000000	30.57723016285715	-96.35092862285711	200.00000000000000	1
110	0	3	16	0.000000	0.000000	0.000000	0.000000	30.57717768342857	-96.35113188857142	200.00000000000000	1
111	0	3	16	0.000000	0.000000	0.000000	0.000000	30.57707536057144	-96.35118409285717	200.00000000000000	1
112	0	3	16	0.000000	0.000000	0.000000	0.000000	30.57711876342857	-96.35100405571430	200.00000000000000	1
113	0	3	16	0.000000	0.000000	0.000000	0.000000	30.57713115914285	-96.35096225142858	200.00000000000000	1
114	0	3	16	0.000000	0.000000	0.000000	0.000000	30.57718375342858	-96.35099171142853	200.00000000000000	1
115	0	3	16	0.000000	0.000000	0.000000	0.000000	30.57713734399999	-96.35105479999999	200.00000000000000	1
116	0	3	16	0.000000	0.000000	0.000000	0.000000	30.57746221000000	-96.35061318000000	200.00000000000000	1
117	0	3	16	0.000000	0.000000	0.000000	0.000000	30.57709405000000	-96.35040696000000	200.00000000000000	1
118	0	3	16	0.000000	0.000000	0.000000	0.000000	30.57754147000000	-96.35016544000000	200.00000000000000	1
119	0	3	16	0.000000	0.000000	0.000000	0.000000	30.57744845285714	-96.35058203904761	200.00000000000000	1
120	0	3	16	0.000000	0.000000	0.000000	0.000000	30.57713288714286	-96.35040527904762	200.00000000000000	1
121	0	3	16	0.000000	0.000000	0.000000	0.000000	30.57751639000000	-96.35019826190477	200.00000000000000	1
122	0	3	16	0.000000	0.000000	0.000000	0.000000	30.57743469571429	-96.35055089809522	200.00000000000000	1
123	0	3	16	0.000000	0.000000	0.000000	0.000000	30.57717172428571	-96.35040359809524	200.00000000000000	1
124	0	3	16	0.000000	0.000000	0.000000	0.000000	30.57749131000000	-96.35023108380953	200.00000000000000	1
125	0	3	16	0.000000	0.000000	0.000000	0.000000	30.57742093857143	-96.35051975714283	200.00000000000000	1
126	0	3	16	0.000000	0.000000	0.000000	0.000000	30.57721056142857	-96.35040191714286	200.00000000000000	1
127	0	3	16	0.000000	0.000000	0.000000	0.000000	30.57746623000000	-96.35026390571430	200.00000000000000	1
128	0	3	16	0.000000	0.000000	0.000000	0.000000	30.57740718142858	-96.35048861619045	200.00000000000000	1
129	0	3	16	0.000000	0.000000	0.000000	0.000000	30.57724939857142	-96.35040023619048	200.00000000000000	1
130	0	3	16	0.000000	0.000000	0.000000	0.000000	30.57744115000000	-96.35029672761907	200.00000000000000	1
131	0	3	16	0.000000	0.000000	0.000000	0.000000	30.57739342428572	-96.35045747523806	200.00000000000000	1
132	0	3	16	0.000000	0.000000	0.000000	0.000000	30.57728823571428	-96.35039855523810	200.00000000000000	1
133	0	3	16	0.000000	0.000000	0.000000	0.000000	30.57741607000000	-96.35032954952383	200.00000000000000	1
134	0	3	16	0.000000	0.000000	0.000000	0.000000	30.57737966714286	-96.35042633428567	200.00000000000000	1
135	0	3	16	0.000000	0.000000	0.000000	0.000000	30.57732707285714	-96.35039687428572	200.00000000000000	1
136	0	3	16	0.000000	0.000000	0.000000	0.000000	30.57739099000000	-96.35036237142860	200.00000000000000	1
137	0	3	16	0.000000	0.000000	0.000000	0.000000	30.57736591000001	-96.35039519333328	200.00000000000000	1
138	0	3	16	0.000000	0.000000	0.000000	0.000000	30.57709405000000	-96.35040696000000	200.00000000000000	1
139	0	3	16	0.000000	0.000000	0.000000	0.000000	30.57699809000000	-96.35042101000001	200.00000000000000	1
140	0	3	16	0.000000	0.000000	0.000000	0.000000	30.57718544000000	-96.35018769000000	200.00000000000000	1
141	0	3	16	0.000000	0.000000	0.000000	0.000000	30.57754147000000	-96.35016544000000	200.00000000000000	1
142	0	3	16	0.000000	0.000000	0.000000	0.000000	30.57710986607143	-96.35039100500001	200.00000000000000	1
143	0	3	16	0.000000	0.000000	0.000000	0.000000	30.57702761464286	-96.35040304785714	200.00000000000000	1
144	0	3	16	0.000000	0.000000	0.000000	0.000000	30.57718820035714	-96.35020305928572	200.00000000000000	1
145	0	3	16	0.000000	0.000000	0.000000	0.000000	30.57749336892857	-96.35018398785714	200.00000000000000	1
146	0	3	16	0.000000	0.000000	0.000000	0.000000	30.57712568214286	-96.35037505000001	200.00000000000000	1
147	0	3	16	0.000000	0.000000	0.000000	0.000000	30.57705713928572	-96.35038508571428	200.00000000000000	1
148	0	3	16	0.000000	0.000000	0.000000	0.000000	30.57719096071428	-96.35021842857144	200.00000000000000	1
149	0	3	16	0.000000	0.000000	0.000000	0.000000	30.57744526785714	-96.35020253571427	200.00000000000000	1
150	0	3	16	0.000000	0.000000	0.000000	0.000000	30.57714149821429	-96.35035909500002	200.00000000000000	1
151	0	3	16	0.000000	0.000000	0.000000	0.000000	30.57708666392858	-96.35036712357142	200.00000000000000	1
152	0	3	16	0.000000	0.000000	0.000000	0.000000	30.57719372107142	-96.35023379785716	200.00000000000000	1
153	0	3	16	0.000000	0.000000	0.000000	0.000000	30.57739716678572	-96.35022108357141	200.00000000000000	1
154	0	3	16	0.000000	0.000000	0.000000	0.000000	30.57715731428571	-96.35034314000002	200.00000000000000	1
155	0	3	16	0.000000	0.000000	0.000000	0.000000	30.57711618857143	-96.35034916142855	200.00000000000000	1
156	0	3	16	0.000000	0.000000	0.000000	0.000000	30.57719648142857	-96.35024916714288	200.00000000000000	1
157	0	3	16	0.000000	0.000000	0.000000	0.000000	30.57734906571429	-96.35023963142855	200.00000000000000	1
158	0	3	16	0.000000	0.000000	0.000000	0.000000	30.57717313035714	-96.35032718500003	200.00000000000000	1
159	0	3	16	0.000000	0.000000	0.000000	0.000000	30.57714571321429	-96.35033119928569	200.00000000000000	1
160	0	3	16	0.000000	0.000000	0.000000	0.000000	30.57719924178571	-96.35026453642860	200.00000000000000	1
161	0	3	16	0.000000	0.000000	0.000000	0.000000	30.57730096464286	-96.35025817928569	200.00000000000000	1
162	0	3	16	0.000000	0.000000	0.000000	0.000000	30.57718894642857	-96.35031123000003	200.00000000000000	1
163	0	3	16	0.000000	0.000000	0.000000	0.000000	30.57717523785715	-96.35031323714283	200.00000000000000	1
164	0	3	16	0.000000	0.000000	0.000000	0.000000	30.57720200214285	-96.35027990571432	200.00000000000000	1
165	0	3	16	0.000000	0.000000	0.000000	0.000000	30.57725286357143	-96.35027672714283	200.00000000000000	1
166	0	3	16	0.000000	0.000000	0.000000	0.000000	30.57720476250000	-96.35029527500004	200.00000000000000	1
167	0	3	16	0.000000	0.000000	0.000000	0.000000	30.57709405000000	-96.35040696000000	200.00000000000000	1
168	0	3	16	0.000000	0.000000	0.000000	0.000000	30.57685591000000	-96.35071732000000	200.00000000000000	1
169	0	3	16	0.000000	0.000000	0.000000	0.000000	30.57699809000000	-96.35042101000001	200.00000000000000	1
170	0	3	16	0.000000	0.000000	0.000000	0.000000	30.57707814047619	-96.35042240809524	200.00000000000000	1
171	0	3	16	0.000000	0.000000	0.000000	0.000000	30.57687402047619	-96.35068843095239	200.00000000000000	1
172	0	3	16	0.000000	0.000000	0.000000	0.000000	30.57699588904762	-96.35043445095239	200.00000000000000	1
173	0	3	16	0.000000	0.000000	0.000000	0.000000	30.57706223095238	-96.35043785619048	200.00000000000000	1
174	0	3	16	0.000000	0.000000	0.000000	0.000000	30.57689213095238	-96.35065954190478	200.00000000000000	1
175	0	3	16	0.000000	0.000000	0.000000	0.000000	30.57699368809524	-96.35044789190478	200.00000000000000	1
176	0	3	16	0.000000	0.000000	0.000000	0.000000	30.57704632142857	-96.35045330428572	200.00000000000000	1
177	0	3	16	0.000000	0.000000	0.000000	0.000000	30.57691024142857	-96.35063065285716	200.00000000000000	1
178	0	3	16	0.000000	0.000000	0.000000	0.000000	30.57699148714286	-96.35046133285717	200.00000000000000	1
179	0	3	16	0.000000	0.000000	0.000000	0.000000	30.57703041190476	-96.35046875238096	200.00000000000000	1
180	0	3	16	0.000000	0.000000	0.000000	0.000000	30.57692835190476	-96.35060176380955	200.00000000000000	1
181	0	3	16	0.000000	0.000000	0.000000	0.000000	30.57698928619048	-96.35047477380955	200.00000000000000	1
182	0	3	16	0.000000	0.000000	0.000000	0.000000	30.57701450238095	-96.35048420047620	200.00000000000000	1
183	0	3	16	0.000000	0.000000	0.000000	0.000000	30.57694646238095	-96.35057287476194	200.00000000000000	1
184	0	3	16	0.000000	0.000000	0.000000	0.000000	30.57698708523810	-96.35048821476194	200.00000000000000	1
185	0	3	16	0.000000	0.000000	0.000000	0.000000	30.57699859285714	-96.35049964857144	200.00000000000000	1
186	0	3	16	0.000000	0.000000	0.000000	0.000000	30.57696457285714	-96.35054398571432	200.00000000000000	1
187	0	3	16	0.000000	0.000000	0.000000	0.000000	30.57698488428572	-96.35050165571433	200.00000000000000	1
188	0	3	16	0.000000	0.000000	0.000000	0.000000	30.57698268333333	-96.35051509666668	200.00000000000000	1
189	0	3	16	0.000000	0.000000	0.000000	0.000000	30.57699809000000	-96.35042101000001	200.00000000000000	1
190	0	3	16	0.000000	0.000000	0.000000	0.000000	30.57685591000000	-96.35071732000000	200.00000000000000	1
191	0	3	16	0.000000	0.000000	0.000000	0.000000	30.57651084000000	-96.35121095000000	200.00000000000000	1
192	0	3	16	0.000000	0.000000	0.000000	0.000000	30.57696811714286	-96.35047273619048	200.00000000000000	1
193	0	3	16	0.000000	0.000000	0.000000	0.000000	30.57684624857143	-96.35072671619048	200.00000000000000	1
194	0	3	16	0.000000	0.000000	0.000000	0.000000	30.57655047428571	-96.35114982761904	200.00000000000000	1
195	0	3	16	0.000000	0.000000	0.000000	0.000000	30.57693814428572	-96.35052446238096	200.00000000000000	1
196	0	3	16	0.000000	0.000000	0.000000	0.000000	30.57683658714286	-96.35073611238096	200.00000000000000	1
197	0	3	16	0.000000	0.000000	0.000000	0.000000	30.57659010857143	-96.35108870523808	200.00000000000000	1
198	0	3	16	0.000000	0.000000	0.000000	0.000000	30.57690817142857	-96.35057618857144	200.00000000000000	1
199	0	3	16	0.000000	0.000000	0.000000	0.000000	30.57682692571429	-96.35074550857144	200.00000000000000	1
200	0	3	16	0.000000	0.000000	0.000000	0.000000	30.57662974285714	-96.35102758285713	200.00000000000000	1
201	0	3	16	0.000000	0.000000	0.000000	0.000000	30.57687819857143	-96.35062791476192	200.00000000000000	1
202	0	3	16	0.000000	0.000000	0.000000	0.000000	30.57681726428572	-96.35075490476191	200.00000000000000	1
203	0	3	16	0.000000	0.000000	0.000000	0.000000	30.57666937714285	-96.35096646047617	200.00000000000000	1
204	0	3	16	0.000000	0.000000	0.000000	0.000000	30.57684822571429	-96.35067964095239	200.00000000000000	1
205	0	3	16	0.000000	0.000000	0.000000	0.000000	30.57680760285714	-96.35076430095239	200.00000000000000	1
206	0	3	16	0.000000	0.000000	0.000000	0.000000	30.57670901142857	-96.35090533809522	200.00000000000000	1
207	0	3	16	0.000000	0.000000	0.000000	0.000000	30.57681825285715	-96.35073136714287	200.00000000000000	1
208	0	3	16	0.000000	0.000000	0.000000	0.000000	30.57679794142857	-96.35077369714287	200.00000000000000	1
209	0	3	16	0.000000	0.000000	0.000000	0.000000	30.57674864571428	-96.35084421571426	200.00000000000000	1
210	0	3	16	0.000000	0.000000	0.000000	0.000000	30.57678828000001	-96.35078309333335	200.00000000000000	1
