QGC WPL 110
0	0	0	16	0.000000	0.000000	0.000000	0.000000	30.57705373000000	-96.35206070000000	200.00000000000000	1
1	0	3	16	0.000000	0.000000	0.000000	0.000000	30.57661669000000	-96.35156598000000	200.00000000000000	1
2	0	3	16	0.000000	0.000000	0.000000	0.000000	30.57694709000000	-96.35173509000001	200.00000000000000	1
3	0	3	16	0.000000	0.000000	0.000000	0.000000	30.57702784047619	-96.35202163666666	200.00000000000000	1
4	0	3	16	0.000000	0.000000	0.000000	0.000000	30.57665323476191	-96.35159759095238	200.00000000000000	1
5	0	3	16	0.000000	0.000000	0.000000	0.000000	30.57693643476190	-96.35174254238096	200.00000000000000	1
6	0	3	16	0.000000	0.000000	0.000000	0.000000	30.57700195095238	-96.35198257333333	200.00000000000000	1
7	0	3	16	0.000000	0.000000	0.000000	0.000000	30.57668977952381	-96.35162920190476	200.00000000000000	1
8	0	3	16	0.000000	0.000000	0.000000	0.000000	30.57692577952381	-96.35174999476192	200.00000000000000	1
9	0	3	16	0.000000	0.000000	0.000000	0.000000	30.57697606142857	-96.35194351000000	200.00000000000000	1
10	0	3	16	0.000000	0.000000	0.000000	0.000000	30.57672632428572	-96.35166081285713	200.00000000000000	1
11	0	3	16	0.000000	0.000000	0.000000	0.000000	30.57691512428571	-96.35175744714287	200.00000000000000	1
12	0	3	16	0.000000	0.000000	0.000000	0.000000	30.57695017190477	-96.35190444666667	200.00000000000000	1
13	0	3	16	0.000000	0.000000	0.000000	0.000000	30.57676286904762	-96.35169242380951	200.00000000000000	1
14	0	3	16	0.000000	0.000000	0.000000	0.000000	30.57690446904762	-96.35176489952383	200.00000000000000	1
15	0	3	16	0.000000	0.000000	0.000000	0.000000	30.57692428238096	-96.35186538333333	200.00000000000000	1
16	0	3	16	0.000000	0.000000	0.000000	0.000000	30.57679941380952	-96.35172403476189	200.00000000000000	1
17	0	3	16	0.000000	0.000000	0.000000	0.000000	30.57689381380952	-96.35177235190478	200.00000000000000	1
18	0	3	16	0.000000	0.000000	0.000000	0.000000	30.57689839285715	-96.35182632000000	200.00000000000000	1
19	0	3	16	0.000000	0.000000	0.000000	0.000000	30.57683595857143	-96.35175564571426	200.00000000000000	1
20	0	3	16	0.000000	0.000000	0.000000	0.000000	30.57688315857142	-96.35177980428574	200.00000000000000	1
21	0	3	16	0.000000	0.000000	0.000000	0.000000	30.57687250333334	-96.35178725666667	200.00000000000000	1
22	0	3	16	0.000000	0.000000	0.000000	0.000000	30.57694709000000	-96.35173509000001	200.00000000000000	1
23	0	3	16	0.000000	0.000000	0.000000	0.000000	30.57717559000000	-96.35164086000000	200.00000000000000	1
24	0	3	16	0.000000	0.000000	0.000000	0.000000	30.57755972000000	-96.35201898000000	200.00000000000000	1
25	0	3	16	0.000000	0.000000	0.000000	0.000000	30.57705373000000	-96.35206070000000	200.00000000000000	1
26	0	3	16	0.000000	0.000000	0.000000	0.000000	30.57698093892857	-96.35175349250001	200.00000000000000	1
27	0	3	16	0.000000	0.000000	0.000000	0.000000	30.57717679607143	-96.35167272392857	200.00000000000000	1
28	0	3	16	0.000000	0.000000	0.000000	0.000000	30.57750605035714	-96.35199682678571	200.00000000000000	1
29	0	3	16	0.000000	0.000000	0.000000	0.000000	30.57707234464286	-96.35203258678571	200.00000000000000	1
30	0	3	16	0.000000	0.000000	0.000000	0.000000	30.57701478785714	-96.35177189500001	200.00000000000000	1
31	0	3	16	0.000000	0.000000	0.000000	0.000000	30.57717800214285	-96.35170458785714	200.00000000000000	1
32	0	3	16	0.000000	0.000000	0.000000	0.000000	30.57745238071429	-96.35197467357142	200.00000000000000	1
33	0	3	16	0.000000	0.000000	0.000000	0.000000	30.57709095928572	-96.35200447357143	200.00000000000000	1
34	0	3	16	0.000000	0.000000	0.000000	0.000000	30.57704863678571	-96.35179029750002	200.00000000000000	1
35	0	3	16	0.000000	0.000000	0.000000	0.000000	30.57717920821428	-96.35173645178571	200.00000000000000	1
36	0	3	16	0.000000	0.000000	0.000000	0.000000	30.57739871107143	-96.35195252035713	200.00000000000000	1
37	0	3	16	0.000000	0.000000	0.000000	0.000000	30.57710957392857	-96.35197636035714	200.00000000000000	1
38	0	3	16	0.000000	0.000000	0.000000	0.000000	30.57708248571428	-96.35180870000002	200.00000000000000	1
39	0	3	16	0.000000	0.000000	0.000000	0.000000	30.57718041428571	-96.35176831571428	200.00000000000000	1
40	0	3	16	0.000000	0.000000	0.000000	0.000000	30.57734504142858	-96.35193036714284	200.00000000000000	1
41	0	3	16	0.000000	0.000000	0.000000	0.000000	30.57712818857143	-96.35194824714286	200.00000000000000	1
42	0	3	16	0.000000	0.000000	0.000000	0.000000	30.57711633464285	-96.35182710250002	200.00000000000000	1
43	0	3	16	0.000000	0.000000	0.000000	0.000000	30.57718162035714	-96.35180017964285	200.00000000000000	1
44	0	3	16	0.000000	0.000000	0.000000	0.000000	30.57729137178572	-96.35190821392855	200.00000000000000	1
45	0	3	16	0.000000	0.000000	0.000000	0.000000	30.57714680321429	-96.35192013392857	200.00000000000000	1
46	0	3	16	0.000000	0.000000	0.000000	0.000000	30.57715018357142	-96.35184550500003	200.00000000000000	1
47	0	3	16	0.000000	0.000000	0.000000	0.000000	30.57718282642857	-96.35183204357142	200.00000000000000	1
48	0	3	16	0.000000	0.000000	0.000000	0.000000	30.57723770214286	-96.35188606071426	200.00000000000000	1
49	0	3	16	0.000000	0.000000	0.000000	0.000000	30.57716541785715	-96.35189202071429	200.00000000000000	1
50	0	3	16	0.000000	0.000000	0.000000	0.000000	30.57718403249999	-96.35186390750003	200.00000000000000	1
51	0	3	16	0.000000	0.000000	0.000000	0.000000	30.57717559000000	-96.35164086000000	200.00000000000000	1
52	0	3	16	0.000000	0.000000	0.000000	0.000000	30.57694709000000	-96.35173509000001	200.00000000000000	1
53	0	3	16	0.000000	0.000000	0.000000	0.000000	30.57651986000000	-96.35129114000000	200.00000000000000	1
54	0	3	16	0.000000	0.000000	0.000000	0.000000	30.57713348380952	-96.35162869380953	200.00000000000000	1
55	0	3	16	0.000000	0.000000	0.000000	0.000000	30.57693762666667	-96.35170946238095	200.00000000000000	1
56	0	3	16	0.000000	0.000000	0.000000	0.000000	30.57657142952381	-96.35132893380953	200.00000000000000	1
57	0	3	16	0.000000	0.000000	0.000000	0.000000	30.57709137761904	-96.35161652761906	200.00000000000000	1
58	0	3	16	0.000000	0.000000	0.000000	0.000000	30.57692816333333	-96.35168383476190	200.00000000000000	1
59	0	3	16	0.000000	0.000000	0.000000	0.000000	30.57662299904762	-96.35136672761905	200.00000000000000	1
60	0	3	16	0.000000	0.000000	0.000000	0.000000	30.57704927142857	-96.35160436142858	200.00000000000000	1
61	0	3	16	0.000000	0.000000	0.000000	0.000000	30.57691870000000	-96.35165820714285	200.00000000000000	1
62	0	3	16	0.000000	0.000000	0.000000	0.000000	30.57667456857143	-96.35140452142858	200.00000000000000	1
63	0	3	16	0.000000	0.000000	0.000000	0.000000	30.57700716523809	-96.35159219523811	200.00000000000000	1
64	0	3	16	0.000000	0.000000	0.000000	0.000000	30.57690923666666	-96.35163257952379	200.00000000000000	1
65	0	3	16	0.000000	0.000000	0.000000	0.000000	30.57672613809524	-96.35144231523810	200.00000000000000	1
66	0	3	16	0.000000	0.000000	0.000000	0.000000	30.57696505904761	-96.35158002904764	200.00000000000000	1
67	0	3	16	0.000000	0.000000	0.000000	0.000000	30.57689977333333	-96.35160695190474	200.00000000000000	1
68	0	3	16	0.000000	0.000000	0.000000	0.000000	30.57677770761904	-96.35148010904763	200.00000000000000	1
69	0	3	16	0.000000	0.000000	0.000000	0.000000	30.57692295285714	-96.35156786285717	200.00000000000000	1
70	0	3	16	0.000000	0.000000	0.000000	0.000000	30.57689030999999	-96.35158132428569	200.00000000000000	1
71	0	3	16	0.000000	0.000000	0.000000	0.000000	30.57682927714285	-96.35151790285715	200.00000000000000	1
72	0	3	16	0.000000	0.000000	0.000000	0.000000	30.57688084666666	-96.35155569666669	200.00000000000000	1
73	0	3	16	0.000000	0.000000	0.000000	0.000000	30.57717559000000	-96.35164086000000	200.00000000000000	1
74	0	3	16	0.000000	0.000000	0.000000	0.000000	30.57651986000000	-96.35129114000000	200.00000000000000	1
75	0	3	16	0.000000	0.000000	0.000000	0.000000	30.57738266000000	-96.35139307000000	200.00000000000000	1
76	0	3	16	0.000000	0.000000	0.000000	0.000000	30.57754065000000	-96.35142457000001	200.00000000000000	1
77	0	3	16	0.000000	0.000000	0.000000	0.000000	30.57764657000000	-96.35146342000000	200.00000000000000	1
78	0	3	16	0.000000	0.000000	0.000000	0.000000	30.57830567000000	-96.35171042000000	200.00000000000000	1
79	0	3	16	0.000000	0.000000	0.000000	0.000000	30.57721172000000	-96.35161891523811	200.00000000000000	1
80	0	3	16	0.000000	0.000000	0.000000	0.000000	30.57664966571429	-96.35131915523810	200.00000000000000	1
81	0	3	16	0.000000	0.000000	0.000000	0.000000	30.57738920857143	-96.35140652380953	200.00000000000000	1
82	0	3	16	0.000000	0.000000	0.000000	0.000000	30.57752462857143	-96.35143352380953	200.00000000000000	1
83	0	3	16	0.000000	0.000000	0.000000	0.000000	30.57761541714286	-96.35146682380953	200.00000000000000	1
84	0	3	16	0.000000	0.000000	0.000000	0.000000	30.57818036000000	-96.35167853809524	200.00000000000000	1
85	0	3	16	0.000000	0.000000	0.000000	0.000000	30.57724785000000	-96.35159697047621	200.00000000000000	1
86	0	3	16	0.000000	0.000000	0.000000	0.000000	30.57677947142857	-96.35134717047620	200.00000000000000	1
87	0	3	16	0.000000	0.000000	0.000000	0.000000	30.57739575714286	-96.35141997761906	200.00000000000000	1
88	0	3	16	0.000000	0.000000	0.000000	0.000000	30.57750860714286	-96.35144247761906	200.00000000000000	1
89	0	3	16	0.000000	0.000000	0.000000	0.000000	30.57758426428571	-96.35147022761906	200.00000000000000	1
90	0	3	16	0.000000	0.000000	0.000000	0.000000	30.57805505000000	-96.35164665619048	200.00000000000000	1
91	0	3	16	0.000000	0.000000	0.000000	0.000000	30.57728397999999	-96.35157502571431	200.00000000000000	1
92	0	3	16	0.000000	0.000000	0.000000	0.000000	30.57690927714285	-96.35137518571430	200.00000000000000	1
93	0	3	16	0.000000	0.000000	0.000000	0.000000	30.57740230571428	-96.35143343142859	200.00000000000000	1
94	0	3	16	0.000000	0.000000	0.000000	0.000000	30.57749258571429	-96.35145143142859	200.00000000000000	1
95	0	3	16	0.000000	0.000000	0.000000	0.000000	30.57755311142857	-96.35147363142859	200.00000000000000	1
96	0	3	16	0.000000	0.000000	0.000000	0.000000	30.57792973999999	-96.35161477428572	200.00000000000000	1
97	0	3	16	0.000000	0.000000	0.000000	0.000000	30.57732010999999	-96.35155308095241	200.00000000000000	1
98	0	3	16	0.000000	0.000000	0.000000	0.000000	30.57703908285714	-96.35140320095240	200.00000000000000	1
99	0	3	16	0.000000	0.000000	0.000000	0.000000	30.57740885428571	-96.35144688523812	200.00000000000000	1
100	0	3	16	0.000000	0.000000	0.000000	0.000000	30.57747656428571	-96.35146038523811	200.00000000000000	1
101	0	3	16	0.000000	0.000000	0.000000	0.000000	30.57752195857142	-96.35147703523812	200.00000000000000	1
102	0	3	16	0.000000	0.000000	0.000000	0.000000	30.57780442999999	-96.35158289238096	200.00000000000000	1
103	0	3	16	0.000000	0.000000	0.000000	0.000000	30.57735623999999	-96.35153113619052	200.00000000000000	1
104	0	3	16	0.000000	0.000000	0.000000	0.000000	30.57716888857142	-96.35143121619051	200.00000000000000	1
105	0	3	16	0.000000	0.000000	0.000000	0.000000	30.57741540285714	-96.35146033904765	200.00000000000000	1
106	0	3	16	0.000000	0.000000	0.000000	0.000000	30.57746054285714	-96.35146933904764	200.00000000000000	1
107	0	3	16	0.000000	0.000000	0.000000	0.000000	30.57749080571428	-96.35148043904765	200.00000000000000	1
108	0	3	16	0.000000	0.000000	0.000000	0.000000	30.57767911999999	-96.35155101047620	200.00000000000000	1
109	0	3	16	0.000000	0.000000	0.000000	0.000000	30.57739236999999	-96.35150919142862	200.00000000000000	1
110	0	3	16	0.000000	0.000000	0.000000	0.000000	30.57729869428571	-96.35145923142861	200.00000000000000	1
111	0	3	16	0.000000	0.000000	0.000000	0.000000	30.57742195142857	-96.35147379285718	200.00000000000000	1
112	0	3	16	0.000000	0.000000	0.000000	0.000000	30.57744452142857	-96.35147829285717	200.00000000000000	1
113	0	3	16	0.000000	0.000000	0.000000	0.000000	30.57745965285714	-96.35148384285718	200.00000000000000	1
114	0	3	16	0.000000	0.000000	0.000000	0.000000	30.57755380999999	-96.35151912857144	200.00000000000000	1
115	0	3	16	0.000000	0.000000	0.000000	0.000000	30.57742849999999	-96.35148724666672	200.00000000000000	1
116	0	3	16	0.000000	0.000000	0.000000	0.000000	30.57764657000000	-96.35146342000000	200.00000000000000	1
117	0	3	16	0.000000	0.000000	0.000000	0.000000	30.57755116000000	-96.35101572000001	200.00000000000000	1
118	0	3	16	0.000000	0.000000	0.000000	0.000000	30.57830567000000	-96.35171042000000	200.00000000000000	1
119	0	3	16	0.000000	0.000000	0.000000	0.000000	30.57767341238095	-96.35145386285714	200.00000000000000	1
120	0	3	16	0.000000	0.000000	0.000000	0.000000	30.57759163238095	-96.35107012000000	200.00000000000000	1
121	0	3	16	0.000000	0.000000	0.000000	0.000000	30.57823835523809	-96.35166557714285	200.00000000000000	1
122	0	3	16	0.000000	0.000000	0.000000	0.000000	30.57770025476190	-96.35144430571428	200.00000000000000	1
123	0	3	16	0.000000	0.000000	0.000000	0.000000	30.57763210476190	-96.35112452000000	200.00000000000000	1
124	0	3	16	0.000000	0.000000	0.000000	0.000000	30.57817104047619	-96.35162073428570	200.00000000000000	1
125	0	3	16	0.000000	0.000000	0.000000	0.000000	30.57772709714285	-96.35143474857142	200.00000000000000	1
126	0	3	16	0.000000	0.000000	0.000000	0.000000	30.57767257714286	-96.35117892000000	200.00000000000000	1
127	0	3	16	0.000000	0.000000	0.000000	0.000000	30.57810372571428	-96.35157589142855	200.00000000000000	1
128	0	3	16	0.000000	0.000000	0.000000	0.000000	30.57775393952380	-96.35142519142856	200.00000000000000	1
129	0	3	16	0.000000	0.000000	0.000000	0.000000	30.57771304952381	-96.35123331999999	200.00000000000000	1
130	0	3	16	0.000000	0.000000	0.000000	0.000000	30.57803641095237	-96.35153104857140	200.00000000000000	1
131	0	3	16	0.000000	0.000000	0.000000	0.000000	30.57778078190475	-96.35141563428570	200.00000000000000	1
132	0	3	16	0.000000	0.000000	0.000000	0.000000	30.57775352190476	-96.35128771999999	200.00000000000000	1
133	0	3	16	0.000000	0.000000	0.000000	0.000000	30.57796909619046	-96.35148620571425	200.00000000000000	1
134	0	3	16	0.000000	0.000000	0.000000	0.000000	30.57780762428570	-96.35140607714284	200.00000000000000	1
135	0	3	16	0.000000	0.000000	0.000000	0.000000	30.57779399428571	-96.35134211999998	200.00000000000000	1
136	0	3	16	0.000000	0.000000	0.000000	0.000000	30.57790178142856	-96.35144136285710	200.00000000000000	1
137	0	3	16	0.000000	0.000000	0.000000	0.000000	30.57783446666665	-96.35139651999998	200.00000000000000	1
138	0	3	16	0.000000	0.000000	0.000000	0.000000	30.57755116000000	-96.35101572000001	200.00000000000000	1
139	0	3	16	0.000000	0.000000	0.000000	0.000000	30.57737071000000	-96.35052605000000	200.00000000000000	1
140	0	3	16	0.000000	0.000000	0.000000	0.000000	30.57759660000000	-96.35029009000000	200.00000000000000	1
141	0	3	16	0.000000	0.000000	0.000000	0.000000	30.57830567000000	-96.35171042000000	200.00000000000000	1
142	0	3	16	0.000000	0.000000	0.000000	0.000000	30.57757328500000	-96.35099712714286	200.00000000000000	1
143	0	3	16	0.000000	0.000000	0.000000	0.000000	30.57741861357143	-96.35057741000000	200.00000000000000	1
144	0	3	16	0.000000	0.000000	0.000000	0.000000	30.57761223357143	-96.35037515857142	200.00000000000000	1
145	0	3	16	0.000000	0.000000	0.000000	0.000000	30.57822000785714	-96.35159258428571	200.00000000000000	1
146	0	3	16	0.000000	0.000000	0.000000	0.000000	30.57759541000000	-96.35097853428572	200.00000000000000	1
147	0	3	16	0.000000	0.000000	0.000000	0.000000	30.57746651714286	-96.35062877000000	200.00000000000000	1
148	0	3	16	0.000000	0.000000	0.000000	0.000000	30.57762786714286	-96.35046022714285	200.00000000000000	1
149	0	3	16	0.000000	0.000000	0.000000	0.000000	30.57813434571428	-96.35147474857142	200.00000000000000	1
150	0	3	16	0.000000	0.000000	0.000000	0.000000	30.57761753500000	-96.35095994142857	200.00000000000000	1
151	0	3	16	0.000000	0.000000	0.000000	0.000000	30.57751442071428	-96.35068013000000	200.00000000000000	1
152	0	3	16	0.000000	0.000000	0.000000	0.000000	30.57764350071429	-96.35054529571427	200.00000000000000	1
153	0	3	16	0.000000	0.000000	0.000000	0.000000	30.57804868357142	-96.35135691285713	200.00000000000000	1
154	0	3	16	0.000000	0.000000	0.000000	0.000000	30.57763966000000	-96.35094134857142	200.00000000000000	1
155	0	3	16	0.000000	0.000000	0.000000	0.000000	30.57756232428571	-96.35073149000000	200.00000000000000	1
156	0	3	16	0.000000	0.000000	0.000000	0.000000	30.57765913428572	-96.35063036428569	200.00000000000000	1
157	0	3	16	0.000000	0.000000	0.000000	0.000000	30.57796302142857	-96.35123907714284	200.00000000000000	1
158	0	3	16	0.000000	0.000000	0.000000	0.000000	30.57766178500000	-96.35092275571428	200.00000000000000	1
159	0	3	16	0.000000	0.000000	0.000000	0.000000	30.57761022785714	-96.35078285000000	200.00000000000000	1
160	0	3	16	0.000000	0.000000	0.000000	0.000000	30.57767476785715	-96.35071543285711	200.00000000000000	1
161	0	3	16	0.000000	0.000000	0.000000	0.000000	30.57787735928571	-96.35112124142854	200.00000000000000	1
162	0	3	16	0.000000	0.000000	0.000000	0.000000	30.57768391000000	-96.35090416285713	200.00000000000000	1
163	0	3	16	0.000000	0.000000	0.000000	0.000000	30.57765813142857	-96.35083421000000	200.00000000000000	1
164	0	3	16	0.000000	0.000000	0.000000	0.000000	30.57769040142858	-96.35080050142854	200.00000000000000	1
165	0	3	16	0.000000	0.000000	0.000000	0.000000	30.57779169714285	-96.35100340571425	200.00000000000000	1
166	0	3	16	0.000000	0.000000	0.000000	0.000000	30.57770603500001	-96.35088556999999	200.00000000000000	1
167	0	3	16	0.000000	0.000000	0.000000	0.000000	30.57737071000000	-96.35052605000000	200.00000000000000	1
168	0	3	16	0.000000	0.000000	0.000000	0.000000	30.57688606000000	-96.35083718999999	200.00000000000000	1
169	0	3	16	0.000000	0.000000	0.000000	0.000000	30.57688467000000	-96.35041887000000	200.00000000000000	1
170	0	3	16	0.000000	0.000000	0.000000	0.000000	30.57759660000000	-96.35029009000000	200.00000000000000	1
171	0	3	16	0.000000	0.000000	0.000000	0.000000	30.57734411000000	-96.35052490714286	200.00000000000000	1
172	0	3	16	0.000000	0.000000	0.000000	0.000000	30.57692869571429	-96.35079159857142	200.00000000000000	1
173	0	3	16	0.000000	0.000000	0.000000	0.000000	30.57692750428571	-96.35043303857142	200.00000000000000	1
174	0	3	16	0.000000	0.000000	0.000000	0.000000	30.57753773000000	-96.35032265571428	200.00000000000000	1
175	0	3	16	0.000000	0.000000	0.000000	0.000000	30.57731751000000	-96.35052376428571	200.00000000000000	1
176	0	3	16	0.000000	0.000000	0.000000	0.000000	30.57697133142857	-96.35074600714285	200.00000000000000	1
177	0	3	16	0.000000	0.000000	0.000000	0.000000	30.57697033857143	-96.35044720714285	200.00000000000000	1
178	0	3	16	0.000000	0.000000	0.000000	0.000000	30.57747886000000	-96.35035522142856	200.00000000000000	1
179	0	3	16	0.000000	0.000000	0.000000	0.000000	30.57729091000001	-96.35052262142857	200.00000000000000	1
180	0	3	16	0.000000	0.000000	0.000000	0.000000	30.57701396714286	-96.35070041571427	200.00000000000000	1
181	0	3	16	0.000000	0.000000	0.000000	0.000000	30.57701317285714	-96.35046137571427	200.00000000000000	1
182	0	3	16	0.000000	0.000000	0.000000	0.000000	30.57741999000000	-96.35038778714284	200.00000000000000	1
183	0	3	16	0.000000	0.000000	0.000000	0.000000	30.57726431000001	-96.35052147857142	200.00000000000000	1
184	0	3	16	0.000000	0.000000	0.000000	0.000000	30.57705660285715	-96.35065482428570	200.00000000000000	1
185	0	3	16	0.000000	0.000000	0.000000	0.000000	30.57705600714286	-96.35047554428570	200.00000000000000	1
186	0	3	16	0.000000	0.000000	0.000000	0.000000	30.57736112000000	-96.35042035285711	200.00000000000000	1
187	0	3	16	0.000000	0.000000	0.000000	0.000000	30.57723771000001	-96.35052033571428	200.00000000000000	1
188	0	3	16	0.000000	0.000000	0.000000	0.000000	30.57709923857144	-96.35060923285712	200.00000000000000	1
189	0	3	16	0.000000	0.000000	0.000000	0.000000	30.57709884142857	-96.35048971285713	200.00000000000000	1
190	0	3	16	0.000000	0.000000	0.000000	0.000000	30.57730225000000	-96.35045291857139	200.00000000000000	1
191	0	3	16	0.000000	0.000000	0.000000	0.000000	30.57721111000001	-96.35051919285713	200.00000000000000	1
192	0	3	16	0.000000	0.000000	0.000000	0.000000	30.57714187428572	-96.35056364142855	200.00000000000000	1
193	0	3	16	0.000000	0.000000	0.000000	0.000000	30.57714167571429	-96.35050388142855	200.00000000000000	1
194	0	3	16	0.000000	0.000000	0.000000	0.000000	30.57724338000000	-96.35048548428567	200.00000000000000	1
195	0	3	16	0.000000	0.000000	0.000000	0.000000	30.57718451000001	-96.35051804999999	200.00000000000000	1
