QGC WPL 110
0	0	0	16	0.000000	0.000000	0.000000	0.000000	30.57778978000000	-96.35186813000000	200.00000000000000	1
1	0	3	16	0.000000	0.000000	0.000000	0.000000	30.57840052000000	-96.35207124999999	200.00000000000000	1
2	0	3	16	0.000000	0.000000	0.000000	0.000000	30.57717533000000	-96.35177600999999	200.00000000000000	1
3	0	3	16	0.000000	0.000000	0.000000	0.000000	30.57778960333333	-96.35187341571428	200.00000000000000	1
4	0	3	16	0.000000	0.000000	0.000000	0.000000	30.57831309476190	-96.35204751857142	200.00000000000000	1
5	0	3	16	0.000000	0.000000	0.000000	0.000000	30.57726293190476	-96.35179445571428	200.00000000000000	1
6	0	3	16	0.000000	0.000000	0.000000	0.000000	30.57778942666667	-96.35187870142856	200.00000000000000	1
7	0	3	16	0.000000	0.000000	0.000000	0.000000	30.57822566952381	-96.35202378714285	200.00000000000000	1
8	0	3	16	0.000000	0.000000	0.000000	0.000000	30.57735053380953	-96.35181290142857	200.00000000000000	1
9	0	3	16	0.000000	0.000000	0.000000	0.000000	30.57778925000000	-96.35188398714284	200.00000000000000	1
10	0	3	16	0.000000	0.000000	0.000000	0.000000	30.57813824428571	-96.35200005571429	200.00000000000000	1
11	0	3	16	0.000000	0.000000	0.000000	0.000000	30.57743813571429	-96.35183134714286	200.00000000000000	1
12	0	3	16	0.000000	0.000000	0.000000	0.000000	30.57778907333333	-96.35188927285712	200.00000000000000	1
13	0	3	16	0.000000	0.000000	0.000000	0.000000	30.57805081904761	-96.35197632428572	200.00000000000000	1
14	0	3	16	0.000000	0.000000	0.000000	0.000000	30.57752573761905	-96.35184979285715	200.00000000000000	1
15	0	3	16	0.000000	0.000000	0.000000	0.000000	30.57778889666666	-96.35189455857140	200.00000000000000	1
16	0	3	16	0.000000	0.000000	0.000000	0.000000	30.57796339380952	-96.35195259285715	200.00000000000000	1
17	0	3	16	0.000000	0.000000	0.000000	0.000000	30.57761333952381	-96.35186823857144	200.00000000000000	1
18	0	3	16	0.000000	0.000000	0.000000	0.000000	30.57778872000000	-96.35189984428568	200.00000000000000	1
19	0	3	16	0.000000	0.000000	0.000000	0.000000	30.57787596857142	-96.35192886142858	200.00000000000000	1
20	0	3	16	0.000000	0.000000	0.000000	0.000000	30.57770094142858	-96.35188668428573	200.00000000000000	1
21	0	3	16	0.000000	0.000000	0.000000	0.000000	30.57778854333333	-96.35190512999996	200.00000000000000	1
22	0	3	16	0.000000	0.000000	0.000000	0.000000	30.57778978000000	-96.35186813000000	200.00000000000000	1
23	0	3	16	0.000000	0.000000	0.000000	0.000000	30.57717533000000	-96.35177600999999	200.00000000000000	1
24	0	3	16	0.000000	0.000000	0.000000	0.000000	30.57668241000000	-96.35129481000000	200.00000000000000	1
25	0	3	16	0.000000	0.000000	0.000000	0.000000	30.57767596000000	-96.35156412000001	200.00000000000000	1
26	0	3	16	0.000000	0.000000	0.000000	0.000000	30.57772422142857	-96.35183350678571	200.00000000000000	1
27	0	3	16	0.000000	0.000000	0.000000	0.000000	30.57719755000000	-96.35175454678571	200.00000000000000	1
28	0	3	16	0.000000	0.000000	0.000000	0.000000	30.57677504714286	-96.35134208964286	200.00000000000000	1
29	0	3	16	0.000000	0.000000	0.000000	0.000000	30.57762666142857	-96.35157292678572	200.00000000000000	1
30	0	3	16	0.000000	0.000000	0.000000	0.000000	30.57765866285714	-96.35179888357142	200.00000000000000	1
31	0	3	16	0.000000	0.000000	0.000000	0.000000	30.57721977000000	-96.35173308357143	200.00000000000000	1
32	0	3	16	0.000000	0.000000	0.000000	0.000000	30.57686768428571	-96.35138936928571	200.00000000000000	1
33	0	3	16	0.000000	0.000000	0.000000	0.000000	30.57757736285714	-96.35158173357144	200.00000000000000	1
34	0	3	16	0.000000	0.000000	0.000000	0.000000	30.57759310428571	-96.35176426035713	200.00000000000000	1
35	0	3	16	0.000000	0.000000	0.000000	0.000000	30.57724199000000	-96.35171162035715	200.00000000000000	1
36	0	3	16	0.000000	0.000000	0.000000	0.000000	30.57696032142857	-96.35143664892857	200.00000000000000	1
37	0	3	16	0.000000	0.000000	0.000000	0.000000	30.57752806428571	-96.35159054035715	200.00000000000000	1
38	0	3	16	0.000000	0.000000	0.000000	0.000000	30.57752754571429	-96.35172963714284	200.00000000000000	1
39	0	3	16	0.000000	0.000000	0.000000	0.000000	30.57726421000001	-96.35169015714287	200.00000000000000	1
40	0	3	16	0.000000	0.000000	0.000000	0.000000	30.57705295857143	-96.35148392857143	200.00000000000000	1
41	0	3	16	0.000000	0.000000	0.000000	0.000000	30.57747876571428	-96.35159934714287	200.00000000000000	1
42	0	3	16	0.000000	0.000000	0.000000	0.000000	30.57746198714286	-96.35169501392855	200.00000000000000	1
43	0	3	16	0.000000	0.000000	0.000000	0.000000	30.57728643000001	-96.35166869392859	200.00000000000000	1
44	0	3	16	0.000000	0.000000	0.000000	0.000000	30.57714559571428	-96.35153120821428	200.00000000000000	1
45	0	3	16	0.000000	0.000000	0.000000	0.000000	30.57742946714285	-96.35160815392858	200.00000000000000	1
46	0	3	16	0.000000	0.000000	0.000000	0.000000	30.57739642857143	-96.35166039071426	200.00000000000000	1
47	0	3	16	0.000000	0.000000	0.000000	0.000000	30.57730865000001	-96.35164723071431	200.00000000000000	1
48	0	3	16	0.000000	0.000000	0.000000	0.000000	30.57723823285714	-96.35157848785714	200.00000000000000	1
49	0	3	16	0.000000	0.000000	0.000000	0.000000	30.57738016857142	-96.35161696071430	200.00000000000000	1
50	0	3	16	0.000000	0.000000	0.000000	0.000000	30.57733087000000	-96.35162576749997	200.00000000000000	1
51	0	3	16	0.000000	0.000000	0.000000	0.000000	30.57767596000000	-96.35156412000001	200.00000000000000	1
52	0	3	16	0.000000	0.000000	0.000000	0.000000	30.57668241000000	-96.35129481000000	200.00000000000000	1
53	0	3	16	0.000000	0.000000	0.000000	0.000000	30.57741089000000	-96.35122627000000	200.00000000000000	1
54	0	3	16	0.000000	0.000000	0.000000	0.000000	30.57828430000000	-96.35163746000001	200.00000000000000	1
55	0	3	16	0.000000	0.000000	0.000000	0.000000	30.57765273571428	-96.35154505500000	200.00000000000000	1
56	0	3	16	0.000000	0.000000	0.000000	0.000000	30.57680112142857	-96.35131421785714	200.00000000000000	1
57	0	3	16	0.000000	0.000000	0.000000	0.000000	30.57742553285714	-96.35125546928572	200.00000000000000	1
58	0	3	16	0.000000	0.000000	0.000000	0.000000	30.57817417000000	-96.35160791785715	200.00000000000000	1
59	0	3	16	0.000000	0.000000	0.000000	0.000000	30.57762951142857	-96.35152599000000	200.00000000000000	1
60	0	3	16	0.000000	0.000000	0.000000	0.000000	30.57691983285714	-96.35133362571428	200.00000000000000	1
61	0	3	16	0.000000	0.000000	0.000000	0.000000	30.57744017571428	-96.35128466857144	200.00000000000000	1
62	0	3	16	0.000000	0.000000	0.000000	0.000000	30.57806404000000	-96.35157837571430	200.00000000000000	1
63	0	3	16	0.000000	0.000000	0.000000	0.000000	30.57760628714285	-96.35150692500000	200.00000000000000	1
64	0	3	16	0.000000	0.000000	0.000000	0.000000	30.57703854428571	-96.35135303357141	200.00000000000000	1
65	0	3	16	0.000000	0.000000	0.000000	0.000000	30.57745481857143	-96.35131386785716	200.00000000000000	1
66	0	3	16	0.000000	0.000000	0.000000	0.000000	30.57795391000000	-96.35154883357144	200.00000000000000	1
67	0	3	16	0.000000	0.000000	0.000000	0.000000	30.57758306285714	-96.35148785999999	200.00000000000000	1
68	0	3	16	0.000000	0.000000	0.000000	0.000000	30.57715725571428	-96.35137244142855	200.00000000000000	1
69	0	3	16	0.000000	0.000000	0.000000	0.000000	30.57746946142857	-96.35134306714288	200.00000000000000	1
70	0	3	16	0.000000	0.000000	0.000000	0.000000	30.57784378000000	-96.35151929142859	200.00000000000000	1
71	0	3	16	0.000000	0.000000	0.000000	0.000000	30.57755983857142	-96.35146879499999	200.00000000000000	1
72	0	3	16	0.000000	0.000000	0.000000	0.000000	30.57727596714285	-96.35139184928569	200.00000000000000	1
73	0	3	16	0.000000	0.000000	0.000000	0.000000	30.57748410428571	-96.35137226642860	200.00000000000000	1
74	0	3	16	0.000000	0.000000	0.000000	0.000000	30.57773365000000	-96.35148974928573	200.00000000000000	1
75	0	3	16	0.000000	0.000000	0.000000	0.000000	30.57753661428571	-96.35144972999998	200.00000000000000	1
76	0	3	16	0.000000	0.000000	0.000000	0.000000	30.57739467857142	-96.35141125714283	200.00000000000000	1
77	0	3	16	0.000000	0.000000	0.000000	0.000000	30.57749874714285	-96.35140146571432	200.00000000000000	1
78	0	3	16	0.000000	0.000000	0.000000	0.000000	30.57762352000000	-96.35146020714288	200.00000000000000	1
79	0	3	16	0.000000	0.000000	0.000000	0.000000	30.57751338999999	-96.35143066499998	200.00000000000000	1
80	0	3	16	0.000000	0.000000	0.000000	0.000000	30.57767596000000	-96.35156412000001	200.00000000000000	1
81	0	3	16	0.000000	0.000000	0.000000	0.000000	30.57828430000000	-96.35163746000001	200.00000000000000	1
82	0	3	16	0.000000	0.000000	0.000000	0.000000	30.57833270000000	-96.35186544000000	200.00000000000000	1
83	0	3	16	0.000000	0.000000	0.000000	0.000000	30.57773620190476	-96.35158196095239	200.00000000000000	1
84	0	3	16	0.000000	0.000000	0.000000	0.000000	30.57825763619048	-96.35164482380954	200.00000000000000	1
85	0	3	16	0.000000	0.000000	0.000000	0.000000	30.57829912190476	-96.35184023523810	200.00000000000000	1
86	0	3	16	0.000000	0.000000	0.000000	0.000000	30.57779644380953	-96.35159980190477	200.00000000000000	1
87	0	3	16	0.000000	0.000000	0.000000	0.000000	30.57823097238095	-96.35165218761907	200.00000000000000	1
88	0	3	16	0.000000	0.000000	0.000000	0.000000	30.57826554380953	-96.35181503047620	200.00000000000000	1
89	0	3	16	0.000000	0.000000	0.000000	0.000000	30.57785668571429	-96.35161764285715	200.00000000000000	1
90	0	3	16	0.000000	0.000000	0.000000	0.000000	30.57820430857143	-96.35165955142860	200.00000000000000	1
91	0	3	16	0.000000	0.000000	0.000000	0.000000	30.57823196571429	-96.35178982571431	200.00000000000000	1
92	0	3	16	0.000000	0.000000	0.000000	0.000000	30.57791692761905	-96.35163548380953	200.00000000000000	1
93	0	3	16	0.000000	0.000000	0.000000	0.000000	30.57817764476190	-96.35166691523813	200.00000000000000	1
94	0	3	16	0.000000	0.000000	0.000000	0.000000	30.57819838761905	-96.35176462095241	200.00000000000000	1
95	0	3	16	0.000000	0.000000	0.000000	0.000000	30.57797716952381	-96.35165332476191	200.00000000000000	1
96	0	3	16	0.000000	0.000000	0.000000	0.000000	30.57815098095238	-96.35167427904766	200.00000000000000	1
97	0	3	16	0.000000	0.000000	0.000000	0.000000	30.57816480952381	-96.35173941619051	200.00000000000000	1
98	0	3	16	0.000000	0.000000	0.000000	0.000000	30.57803741142857	-96.35167116571429	200.00000000000000	1
99	0	3	16	0.000000	0.000000	0.000000	0.000000	30.57812431714285	-96.35168164285719	200.00000000000000	1
100	0	3	16	0.000000	0.000000	0.000000	0.000000	30.57813123142857	-96.35171421142861	200.00000000000000	1
101	0	3	16	0.000000	0.000000	0.000000	0.000000	30.57809765333334	-96.35168900666667	200.00000000000000	1
102	0	3	16	0.000000	0.000000	0.000000	0.000000	30.57828430000000	-96.35163746000001	200.00000000000000	1
103	0	3	16	0.000000	0.000000	0.000000	0.000000	30.57840134000000	-96.35124408999999	200.00000000000000	1
104	0	3	16	0.000000	0.000000	0.000000	0.000000	30.57833270000000	-96.35186544000000	200.00000000000000	1
105	0	3	16	0.000000	0.000000	0.000000	0.000000	30.57829217809524	-96.35162958428572	200.00000000000000	1
106	0	3	16	0.000000	0.000000	0.000000	0.000000	30.57839249809524	-96.35129241000000	200.00000000000000	1
107	0	3	16	0.000000	0.000000	0.000000	0.000000	30.57833366380952	-96.35182499571428	200.00000000000000	1
108	0	3	16	0.000000	0.000000	0.000000	0.000000	30.57830005619048	-96.35162170857143	200.00000000000000	1
109	0	3	16	0.000000	0.000000	0.000000	0.000000	30.57838365619047	-96.35134073000000	200.00000000000000	1
110	0	3	16	0.000000	0.000000	0.000000	0.000000	30.57833462761905	-96.35178455142857	200.00000000000000	1
111	0	3	16	0.000000	0.000000	0.000000	0.000000	30.57830793428572	-96.35161383285714	200.00000000000000	1
112	0	3	16	0.000000	0.000000	0.000000	0.000000	30.57837481428571	-96.35138905000001	200.00000000000000	1
113	0	3	16	0.000000	0.000000	0.000000	0.000000	30.57833559142857	-96.35174410714285	200.00000000000000	1
114	0	3	16	0.000000	0.000000	0.000000	0.000000	30.57831581238096	-96.35160595714285	200.00000000000000	1
115	0	3	16	0.000000	0.000000	0.000000	0.000000	30.57836597238095	-96.35143737000001	200.00000000000000	1
116	0	3	16	0.000000	0.000000	0.000000	0.000000	30.57833655523809	-96.35170366285713	200.00000000000000	1
117	0	3	16	0.000000	0.000000	0.000000	0.000000	30.57832369047620	-96.35159808142856	200.00000000000000	1
118	0	3	16	0.000000	0.000000	0.000000	0.000000	30.57835713047619	-96.35148569000002	200.00000000000000	1
119	0	3	16	0.000000	0.000000	0.000000	0.000000	30.57833751904761	-96.35166321857142	200.00000000000000	1
120	0	3	16	0.000000	0.000000	0.000000	0.000000	30.57833156857144	-96.35159020571427	200.00000000000000	1
121	0	3	16	0.000000	0.000000	0.000000	0.000000	30.57834828857143	-96.35153401000002	200.00000000000000	1
122	0	3	16	0.000000	0.000000	0.000000	0.000000	30.57833848285714	-96.35162277428570	200.00000000000000	1
123	0	3	16	0.000000	0.000000	0.000000	0.000000	30.57833944666667	-96.35158232999999	200.00000000000000	1
124	0	3	16	0.000000	0.000000	0.000000	0.000000	30.57828430000000	-96.35163746000001	200.00000000000000	1
125	0	3	16	0.000000	0.000000	0.000000	0.000000	30.57822444000000	-96.35155684999999	200.00000000000000	1
126	0	3	16	0.000000	0.000000	0.000000	0.000000	30.57753891000000	-96.35047876000000	200.00000000000000	1
127	0	3	16	0.000000	0.000000	0.000000	0.000000	30.57840134000000	-96.35124408999999	200.00000000000000	1
128	0	3	16	0.000000	0.000000	0.000000	0.000000	30.57825972107143	-96.35157915000001	200.00000000000000	1
129	0	3	16	0.000000	0.000000	0.000000	0.000000	30.57820841250000	-96.35151005571429	200.00000000000000	1
130	0	3	16	0.000000	0.000000	0.000000	0.000000	30.57762081535714	-96.35058597857143	200.00000000000000	1
131	0	3	16	0.000000	0.000000	0.000000	0.000000	30.57836004107143	-96.35124197571427	200.00000000000000	1
132	0	3	16	0.000000	0.000000	0.000000	0.000000	30.57823514214286	-96.35152084000001	200.00000000000000	1
133	0	3	16	0.000000	0.000000	0.000000	0.000000	30.57819238500000	-96.35146326142858	200.00000000000000	1
134	0	3	16	0.000000	0.000000	0.000000	0.000000	30.57770272071429	-96.35069319714286	200.00000000000000	1
135	0	3	16	0.000000	0.000000	0.000000	0.000000	30.57831874214286	-96.35123986142855	200.00000000000000	1
136	0	3	16	0.000000	0.000000	0.000000	0.000000	30.57821056321429	-96.35146253000001	200.00000000000000	1
137	0	3	16	0.000000	0.000000	0.000000	0.000000	30.57817635750000	-96.35141646714287	200.00000000000000	1
138	0	3	16	0.000000	0.000000	0.000000	0.000000	30.57778462607143	-96.35080041571429	200.00000000000000	1
139	0	3	16	0.000000	0.000000	0.000000	0.000000	30.57827744321428	-96.35123774714283	200.00000000000000	1
140	0	3	16	0.000000	0.000000	0.000000	0.000000	30.57818598428572	-96.35140422000001	200.00000000000000	1
141	0	3	16	0.000000	0.000000	0.000000	0.000000	30.57816033000000	-96.35136967285716	200.00000000000000	1
142	0	3	16	0.000000	0.000000	0.000000	0.000000	30.57786653142857	-96.35090763428572	200.00000000000000	1
143	0	3	16	0.000000	0.000000	0.000000	0.000000	30.57823614428571	-96.35123563285711	200.00000000000000	1
144	0	3	16	0.000000	0.000000	0.000000	0.000000	30.57816140535715	-96.35134591000001	200.00000000000000	1
145	0	3	16	0.000000	0.000000	0.000000	0.000000	30.57814430250000	-96.35132287857145	200.00000000000000	1
146	0	3	16	0.000000	0.000000	0.000000	0.000000	30.57794843678571	-96.35101485285715	200.00000000000000	1
147	0	3	16	0.000000	0.000000	0.000000	0.000000	30.57819484535714	-96.35123351857139	200.00000000000000	1
148	0	3	16	0.000000	0.000000	0.000000	0.000000	30.57813682642858	-96.35128760000001	200.00000000000000	1
149	0	3	16	0.000000	0.000000	0.000000	0.000000	30.57812827500000	-96.35127608428574	200.00000000000000	1
150	0	3	16	0.000000	0.000000	0.000000	0.000000	30.57803034214285	-96.35112207142858	200.00000000000000	1
151	0	3	16	0.000000	0.000000	0.000000	0.000000	30.57815354642857	-96.35123140428567	200.00000000000000	1
152	0	3	16	0.000000	0.000000	0.000000	0.000000	30.57811224750001	-96.35122929000001	200.00000000000000	1
153	0	3	16	0.000000	0.000000	0.000000	0.000000	30.57822444000000	-96.35155684999999	200.00000000000000	1
154	0	3	16	0.000000	0.000000	0.000000	0.000000	30.57764074000000	-96.35093811000000	200.00000000000000	1
155	0	3	16	0.000000	0.000000	0.000000	0.000000	30.57719084000000	-96.35032581000000	200.00000000000000	1
156	0	3	16	0.000000	0.000000	0.000000	0.000000	30.57753891000000	-96.35047876000000	200.00000000000000	1
157	0	3	16	0.000000	0.000000	0.000000	0.000000	30.57814219607143	-96.35145228321429	200.00000000000000	1
158	0	3	16	0.000000	0.000000	0.000000	0.000000	30.57764188178571	-96.35092193464286	200.00000000000000	1
159	0	3	16	0.000000	0.000000	0.000000	0.000000	30.57725625321429	-96.35039710607143	200.00000000000000	1
160	0	3	16	0.000000	0.000000	0.000000	0.000000	30.57755459892857	-96.35052820607143	200.00000000000000	1
161	0	3	16	0.000000	0.000000	0.000000	0.000000	30.57805995214286	-96.35134771642858	200.00000000000000	1
162	0	3	16	0.000000	0.000000	0.000000	0.000000	30.57764302357143	-96.35090575928571	200.00000000000000	1
163	0	3	16	0.000000	0.000000	0.000000	0.000000	30.57732166642857	-96.35046840214285	200.00000000000000	1
164	0	3	16	0.000000	0.000000	0.000000	0.000000	30.57757028785714	-96.35057765214286	200.00000000000000	1
165	0	3	16	0.000000	0.000000	0.000000	0.000000	30.57797770821429	-96.35124314964287	200.00000000000000	1
166	0	3	16	0.000000	0.000000	0.000000	0.000000	30.57764416535714	-96.35088958392856	200.00000000000000	1
167	0	3	16	0.000000	0.000000	0.000000	0.000000	30.57738707964286	-96.35053969821428	200.00000000000000	1
168	0	3	16	0.000000	0.000000	0.000000	0.000000	30.57758597678571	-96.35062709821429	200.00000000000000	1
169	0	3	16	0.000000	0.000000	0.000000	0.000000	30.57789546428572	-96.35113858285716	200.00000000000000	1
170	0	3	16	0.000000	0.000000	0.000000	0.000000	30.57764530714285	-96.35087340857142	200.00000000000000	1
171	0	3	16	0.000000	0.000000	0.000000	0.000000	30.57745249285715	-96.35061099428570	200.00000000000000	1
172	0	3	16	0.000000	0.000000	0.000000	0.000000	30.57760166571428	-96.35067654428572	200.00000000000000	1
173	0	3	16	0.000000	0.000000	0.000000	0.000000	30.57781322035715	-96.35103401607145	200.00000000000000	1
174	0	3	16	0.000000	0.000000	0.000000	0.000000	30.57764644892857	-96.35085723321427	200.00000000000000	1
175	0	3	16	0.000000	0.000000	0.000000	0.000000	30.57751790607144	-96.35068229035713	200.00000000000000	1
176	0	3	16	0.000000	0.000000	0.000000	0.000000	30.57761735464285	-96.35072599035715	200.00000000000000	1
177	0	3	16	0.000000	0.000000	0.000000	0.000000	30.57773097642858	-96.35092944928574	200.00000000000000	1
178	0	3	16	0.000000	0.000000	0.000000	0.000000	30.57764759071428	-96.35084105785712	200.00000000000000	1
179	0	3	16	0.000000	0.000000	0.000000	0.000000	30.57758331928572	-96.35075358642855	200.00000000000000	1
180	0	3	16	0.000000	0.000000	0.000000	0.000000	30.57763304357142	-96.35077543642858	200.00000000000000	1
181	0	3	16	0.000000	0.000000	0.000000	0.000000	30.57764873250001	-96.35082488250004	200.00000000000000	1
182	0	3	16	0.000000	0.000000	0.000000	0.000000	30.57764074000000	-96.35093811000000	200.00000000000000	1
183	0	3	16	0.000000	0.000000	0.000000	0.000000	30.57695254000000	-96.35111584000001	200.00000000000000	1
184	0	3	16	0.000000	0.000000	0.000000	0.000000	30.57663476000000	-96.35116712000000	200.00000000000000	1
185	0	3	16	0.000000	0.000000	0.000000	0.000000	30.57719084000000	-96.35032581000000	200.00000000000000	1
186	0	3	16	0.000000	0.000000	0.000000	0.000000	30.57756416571429	-96.35093076857143	200.00000000000000	1
187	0	3	16	0.000000	0.000000	0.000000	0.000000	30.57697428000000	-96.35108310857143	200.00000000000000	1
188	0	3	16	0.000000	0.000000	0.000000	0.000000	30.57670189714286	-96.35112706285715	200.00000000000000	1
189	0	3	16	0.000000	0.000000	0.000000	0.000000	30.57717853714286	-96.35040594000000	200.00000000000000	1
190	0	3	16	0.000000	0.000000	0.000000	0.000000	30.57748759142857	-96.35092342714286	200.00000000000000	1
191	0	3	16	0.000000	0.000000	0.000000	0.000000	30.57699602000000	-96.35105037714285	200.00000000000000	1
192	0	3	16	0.000000	0.000000	0.000000	0.000000	30.57676903428571	-96.35108700571429	200.00000000000000	1
193	0	3	16	0.000000	0.000000	0.000000	0.000000	30.57716623428571	-96.35048607000000	200.00000000000000	1
194	0	3	16	0.000000	0.000000	0.000000	0.000000	30.57741101714286	-96.35091608571429	200.00000000000000	1
195	0	3	16	0.000000	0.000000	0.000000	0.000000	30.57701776000000	-96.35101764571428	200.00000000000000	1
196	0	3	16	0.000000	0.000000	0.000000	0.000000	30.57683617142857	-96.35104694857144	200.00000000000000	1
197	0	3	16	0.000000	0.000000	0.000000	0.000000	30.57715393142857	-96.35056620000000	200.00000000000000	1
198	0	3	16	0.000000	0.000000	0.000000	0.000000	30.57733444285714	-96.35090874428572	200.00000000000000	1
199	0	3	16	0.000000	0.000000	0.000000	0.000000	30.57703950000001	-96.35098491428570	200.00000000000000	1
200	0	3	16	0.000000	0.000000	0.000000	0.000000	30.57690330857143	-96.35100689142858	200.00000000000000	1
201	0	3	16	0.000000	0.000000	0.000000	0.000000	30.57714162857143	-96.35064633000000	200.00000000000000	1
202	0	3	16	0.000000	0.000000	0.000000	0.000000	30.57725786857143	-96.35090140285715	200.00000000000000	1
203	0	3	16	0.000000	0.000000	0.000000	0.000000	30.57706124000001	-96.35095218285713	200.00000000000000	1
204	0	3	16	0.000000	0.000000	0.000000	0.000000	30.57697044571428	-96.35096683428573	200.00000000000000	1
205	0	3	16	0.000000	0.000000	0.000000	0.000000	30.57712932571428	-96.35072646000000	200.00000000000000	1
206	0	3	16	0.000000	0.000000	0.000000	0.000000	30.57718129428572	-96.35089406142858	200.00000000000000	1
207	0	3	16	0.000000	0.000000	0.000000	0.000000	30.57708298000001	-96.35091945142855	200.00000000000000	1
208	0	3	16	0.000000	0.000000	0.000000	0.000000	30.57703758285714	-96.35092677714287	200.00000000000000	1
209	0	3	16	0.000000	0.000000	0.000000	0.000000	30.57711702285714	-96.35080659000000	200.00000000000000	1
210	0	3	16	0.000000	0.000000	0.000000	0.000000	30.57710472000000	-96.35088672000001	200.00000000000000	1
