QGC WPL 110
0	0	0	16	0.000000	0.000000	0.000000	0.000000	30.57660352000000	-96.35135313000001	200.00000000000000	1
1	0	3	16	0.000000	0.000000	0.000000	0.000000	30.57661984000000	-96.35170389000000	200.00000000000000	1
2	0	3	16	0.000000	0.000000	0.000000	0.000000	30.57658428000000	-96.35186298000001	200.00000000000000	1
3	0	3	16	0.000000	0.000000	0.000000	0.000000	30.57651253000000	-96.35168933000000	200.00000000000000	1
4	0	3	16	0.000000	0.000000	0.000000	0.000000	30.57660016607143	-96.35139587321429	200.00000000000000	1
5	0	3	16	0.000000	0.000000	0.000000	0.000000	30.57661415464286	-96.35169652464286	200.00000000000000	1
6	0	3	16	0.000000	0.000000	0.000000	0.000000	30.57658367464285	-96.35183288750001	200.00000000000000	1
7	0	3	16	0.000000	0.000000	0.000000	0.000000	30.57652217464286	-96.35168404464285	200.00000000000000	1
8	0	3	16	0.000000	0.000000	0.000000	0.000000	30.57659681214285	-96.35143861642857	200.00000000000000	1
9	0	3	16	0.000000	0.000000	0.000000	0.000000	30.57660846928572	-96.35168915928573	200.00000000000000	1
10	0	3	16	0.000000	0.000000	0.000000	0.000000	30.57658306928571	-96.35180279500001	200.00000000000000	1
11	0	3	16	0.000000	0.000000	0.000000	0.000000	30.57653181928572	-96.35167875928570	200.00000000000000	1
12	0	3	16	0.000000	0.000000	0.000000	0.000000	30.57659345821428	-96.35148135964285	200.00000000000000	1
13	0	3	16	0.000000	0.000000	0.000000	0.000000	30.57660278392857	-96.35168179392859	200.00000000000000	1
14	0	3	16	0.000000	0.000000	0.000000	0.000000	30.57658246392857	-96.35177270250001	200.00000000000000	1
15	0	3	16	0.000000	0.000000	0.000000	0.000000	30.57654146392857	-96.35167347392856	200.00000000000000	1
16	0	3	16	0.000000	0.000000	0.000000	0.000000	30.57659010428571	-96.35152410285713	200.00000000000000	1
17	0	3	16	0.000000	0.000000	0.000000	0.000000	30.57659709857143	-96.35167442857146	200.00000000000000	1
18	0	3	16	0.000000	0.000000	0.000000	0.000000	30.57658185857142	-96.35174261000002	200.00000000000000	1
19	0	3	16	0.000000	0.000000	0.000000	0.000000	30.57655110857143	-96.35166818857141	200.00000000000000	1
20	0	3	16	0.000000	0.000000	0.000000	0.000000	30.57658675035713	-96.35156684607141	200.00000000000000	1
21	0	3	16	0.000000	0.000000	0.000000	0.000000	30.57659141321429	-96.35166706321432	200.00000000000000	1
22	0	3	16	0.000000	0.000000	0.000000	0.000000	30.57658125321428	-96.35171251750002	200.00000000000000	1
23	0	3	16	0.000000	0.000000	0.000000	0.000000	30.57656075321429	-96.35166290321426	200.00000000000000	1
24	0	3	16	0.000000	0.000000	0.000000	0.000000	30.57658339642856	-96.35160958928569	200.00000000000000	1
25	0	3	16	0.000000	0.000000	0.000000	0.000000	30.57658572785715	-96.35165969785719	200.00000000000000	1
26	0	3	16	0.000000	0.000000	0.000000	0.000000	30.57658064785713	-96.35168242500002	200.00000000000000	1
27	0	3	16	0.000000	0.000000	0.000000	0.000000	30.57657039785715	-96.35165761785711	200.00000000000000	1
28	0	3	16	0.000000	0.000000	0.000000	0.000000	30.57658004249999	-96.35165233249997	200.00000000000000	1
29	0	3	16	0.000000	0.000000	0.000000	0.000000	30.57661984000000	-96.35170389000000	200.00000000000000	1
30	0	3	16	0.000000	0.000000	0.000000	0.000000	30.57660352000000	-96.35135313000001	200.00000000000000	1
31	0	3	16	0.000000	0.000000	0.000000	0.000000	30.57700264000000	-96.35130341000000	200.00000000000000	1
32	0	3	16	0.000000	0.000000	0.000000	0.000000	30.57692382000000	-96.35151002000001	200.00000000000000	1
33	0	3	16	0.000000	0.000000	0.000000	0.000000	30.57664378500000	-96.35167013607142	200.00000000000000	1
34	0	3	16	0.000000	0.000000	0.000000	0.000000	30.57662979642857	-96.35136948464286	200.00000000000000	1
35	0	3	16	0.000000	0.000000	0.000000	0.000000	30.57697189928571	-96.35132686750001	200.00000000000000	1
36	0	3	16	0.000000	0.000000	0.000000	0.000000	30.57690433928571	-96.35150396178572	200.00000000000000	1
37	0	3	16	0.000000	0.000000	0.000000	0.000000	30.57666773000000	-96.35163638214284	200.00000000000000	1
38	0	3	16	0.000000	0.000000	0.000000	0.000000	30.57665607285714	-96.35138583928571	200.00000000000000	1
39	0	3	16	0.000000	0.000000	0.000000	0.000000	30.57694115857143	-96.35135032500001	200.00000000000000	1
40	0	3	16	0.000000	0.000000	0.000000	0.000000	30.57688485857143	-96.35149790357144	200.00000000000000	1
41	0	3	16	0.000000	0.000000	0.000000	0.000000	30.57669167500000	-96.35160262821427	200.00000000000000	1
42	0	3	16	0.000000	0.000000	0.000000	0.000000	30.57668234928571	-96.35140219392856	200.00000000000000	1
43	0	3	16	0.000000	0.000000	0.000000	0.000000	30.57691041785714	-96.35137378250002	200.00000000000000	1
44	0	3	16	0.000000	0.000000	0.000000	0.000000	30.57686537785714	-96.35149184535716	200.00000000000000	1
45	0	3	16	0.000000	0.000000	0.000000	0.000000	30.57671561999999	-96.35156887428569	200.00000000000000	1
46	0	3	16	0.000000	0.000000	0.000000	0.000000	30.57670862571428	-96.35141854857142	200.00000000000000	1
47	0	3	16	0.000000	0.000000	0.000000	0.000000	30.57687967714285	-96.35139724000003	200.00000000000000	1
48	0	3	16	0.000000	0.000000	0.000000	0.000000	30.57684589714286	-96.35148578714288	200.00000000000000	1
49	0	3	16	0.000000	0.000000	0.000000	0.000000	30.57673956499999	-96.35153512035711	200.00000000000000	1
50	0	3	16	0.000000	0.000000	0.000000	0.000000	30.57673490214285	-96.35143490321427	200.00000000000000	1
51	0	3	16	0.000000	0.000000	0.000000	0.000000	30.57684893642856	-96.35142069750003	200.00000000000000	1
52	0	3	16	0.000000	0.000000	0.000000	0.000000	30.57682641642857	-96.35147972892860	200.00000000000000	1
53	0	3	16	0.000000	0.000000	0.000000	0.000000	30.57676350999999	-96.35150136642854	200.00000000000000	1
54	0	3	16	0.000000	0.000000	0.000000	0.000000	30.57676117857142	-96.35145125785712	200.00000000000000	1
55	0	3	16	0.000000	0.000000	0.000000	0.000000	30.57681819571428	-96.35144415500004	200.00000000000000	1
56	0	3	16	0.000000	0.000000	0.000000	0.000000	30.57680693571428	-96.35147367071431	200.00000000000000	1
57	0	3	16	0.000000	0.000000	0.000000	0.000000	30.57678745499999	-96.35146761249996	200.00000000000000	1
58	0	3	16	0.000000	0.000000	0.000000	0.000000	30.57692382000000	-96.35151002000001	200.00000000000000	1
59	0	3	16	0.000000	0.000000	0.000000	0.000000	30.57806735000000	-96.35153323000000	200.00000000000000	1
60	0	3	16	0.000000	0.000000	0.000000	0.000000	30.57827940000000	-96.35170989000000	200.00000000000000	1
61	0	3	16	0.000000	0.000000	0.000000	0.000000	30.57661984000000	-96.35170389000000	200.00000000000000	1
62	0	3	16	0.000000	0.000000	0.000000	0.000000	30.57700221750000	-96.35152491107144	200.00000000000000	1
63	0	3	16	0.000000	0.000000	0.000000	0.000000	30.57798238607143	-96.35154480535715	200.00000000000000	1
64	0	3	16	0.000000	0.000000	0.000000	0.000000	30.57816414321428	-96.35169622821428	200.00000000000000	1
65	0	3	16	0.000000	0.000000	0.000000	0.000000	30.57674166321429	-96.35169108535715	200.00000000000000	1
66	0	3	16	0.000000	0.000000	0.000000	0.000000	30.57708061500000	-96.35153980214287	200.00000000000000	1
67	0	3	16	0.000000	0.000000	0.000000	0.000000	30.57789742214286	-96.35155638071430	200.00000000000000	1
68	0	3	16	0.000000	0.000000	0.000000	0.000000	30.57804888642857	-96.35168256642856	200.00000000000000	1
69	0	3	16	0.000000	0.000000	0.000000	0.000000	30.57686348642857	-96.35167828071430	200.00000000000000	1
70	0	3	16	0.000000	0.000000	0.000000	0.000000	30.57715901250000	-96.35155469321430	200.00000000000000	1
71	0	3	16	0.000000	0.000000	0.000000	0.000000	30.57781245821429	-96.35156795607145	200.00000000000000	1
72	0	3	16	0.000000	0.000000	0.000000	0.000000	30.57793362964285	-96.35166890464285	200.00000000000000	1
73	0	3	16	0.000000	0.000000	0.000000	0.000000	30.57698530964286	-96.35166547607145	200.00000000000000	1
74	0	3	16	0.000000	0.000000	0.000000	0.000000	30.57723741000001	-96.35156958428573	200.00000000000000	1
75	0	3	16	0.000000	0.000000	0.000000	0.000000	30.57772749428571	-96.35157953142860	200.00000000000000	1
76	0	3	16	0.000000	0.000000	0.000000	0.000000	30.57781837285714	-96.35165524285713	200.00000000000000	1
77	0	3	16	0.000000	0.000000	0.000000	0.000000	30.57710713285714	-96.35165267142860	200.00000000000000	1
78	0	3	16	0.000000	0.000000	0.000000	0.000000	30.57731580750001	-96.35158447535716	200.00000000000000	1
79	0	3	16	0.000000	0.000000	0.000000	0.000000	30.57764253035714	-96.35159110678575	200.00000000000000	1
80	0	3	16	0.000000	0.000000	0.000000	0.000000	30.57770311607142	-96.35164158107142	200.00000000000000	1
81	0	3	16	0.000000	0.000000	0.000000	0.000000	30.57722895607143	-96.35163986678575	200.00000000000000	1
82	0	3	16	0.000000	0.000000	0.000000	0.000000	30.57739420500001	-96.35159936642859	200.00000000000000	1
83	0	3	16	0.000000	0.000000	0.000000	0.000000	30.57755756642857	-96.35160268214290	200.00000000000000	1
84	0	3	16	0.000000	0.000000	0.000000	0.000000	30.57758785928571	-96.35162791928570	200.00000000000000	1
85	0	3	16	0.000000	0.000000	0.000000	0.000000	30.57735077928572	-96.35162706214290	200.00000000000000	1
86	0	3	16	0.000000	0.000000	0.000000	0.000000	30.57747260250001	-96.35161425750002	200.00000000000000	1
87	0	3	16	0.000000	0.000000	0.000000	0.000000	30.57806735000000	-96.35153323000000	200.00000000000000	1
88	0	3	16	0.000000	0.000000	0.000000	0.000000	30.57807376000000	-96.35062279000000	200.00000000000000	1
89	0	3	16	0.000000	0.000000	0.000000	0.000000	30.57834245000000	-96.35046337000000	200.00000000000000	1
90	0	3	16	0.000000	0.000000	0.000000	0.000000	30.57827940000000	-96.35170989000000	200.00000000000000	1
91	0	3	16	0.000000	0.000000	0.000000	0.000000	30.57808497714286	-96.35146881428571	200.00000000000000	1
92	0	3	16	0.000000	0.000000	0.000000	0.000000	30.57809047142857	-96.35068843714286	200.00000000000000	1
93	0	3	16	0.000000	0.000000	0.000000	0.000000	30.57832077714286	-96.35055179142857	200.00000000000000	1
94	0	3	16	0.000000	0.000000	0.000000	0.000000	30.57826673428571	-96.35162023714285	200.00000000000000	1
95	0	3	16	0.000000	0.000000	0.000000	0.000000	30.57810260428571	-96.35140439857142	200.00000000000000	1
96	0	3	16	0.000000	0.000000	0.000000	0.000000	30.57810718285714	-96.35075408428573	200.00000000000000	1
97	0	3	16	0.000000	0.000000	0.000000	0.000000	30.57829910428571	-96.35064021285714	200.00000000000000	1
98	0	3	16	0.000000	0.000000	0.000000	0.000000	30.57825406857143	-96.35153058428571	200.00000000000000	1
99	0	3	16	0.000000	0.000000	0.000000	0.000000	30.57812023142857	-96.35133998285713	200.00000000000000	1
100	0	3	16	0.000000	0.000000	0.000000	0.000000	30.57812389428571	-96.35081973142859	200.00000000000000	1
101	0	3	16	0.000000	0.000000	0.000000	0.000000	30.57827743142857	-96.35072863428572	200.00000000000000	1
102	0	3	16	0.000000	0.000000	0.000000	0.000000	30.57824140285714	-96.35144093142857	200.00000000000000	1
103	0	3	16	0.000000	0.000000	0.000000	0.000000	30.57813785857143	-96.35127556714284	200.00000000000000	1
104	0	3	16	0.000000	0.000000	0.000000	0.000000	30.57814060571429	-96.35088537857145	200.00000000000000	1
105	0	3	16	0.000000	0.000000	0.000000	0.000000	30.57825575857142	-96.35081705571429	200.00000000000000	1
106	0	3	16	0.000000	0.000000	0.000000	0.000000	30.57822873714285	-96.35135127857143	200.00000000000000	1
107	0	3	16	0.000000	0.000000	0.000000	0.000000	30.57815548571428	-96.35121115142854	200.00000000000000	1
108	0	3	16	0.000000	0.000000	0.000000	0.000000	30.57815731714286	-96.35095102571431	200.00000000000000	1
109	0	3	16	0.000000	0.000000	0.000000	0.000000	30.57823408571428	-96.35090547714286	200.00000000000000	1
110	0	3	16	0.000000	0.000000	0.000000	0.000000	30.57821607142856	-96.35126162571429	200.00000000000000	1
111	0	3	16	0.000000	0.000000	0.000000	0.000000	30.57817311285714	-96.35114673571425	200.00000000000000	1
112	0	3	16	0.000000	0.000000	0.000000	0.000000	30.57817402857143	-96.35101667285717	200.00000000000000	1
113	0	3	16	0.000000	0.000000	0.000000	0.000000	30.57821241285713	-96.35099389857143	200.00000000000000	1
114	0	3	16	0.000000	0.000000	0.000000	0.000000	30.57820340571428	-96.35117197285714	200.00000000000000	1
115	0	3	16	0.000000	0.000000	0.000000	0.000000	30.57819074000000	-96.35108231999996	200.00000000000000	1
116	0	3	16	0.000000	0.000000	0.000000	0.000000	30.57807376000000	-96.35062279000000	200.00000000000000	1
117	0	3	16	0.000000	0.000000	0.000000	0.000000	30.57777041000000	-96.35072228999999	200.00000000000000	1
118	0	3	16	0.000000	0.000000	0.000000	0.000000	30.57799686000000	-96.35051464000000	200.00000000000000	1
119	0	3	16	0.000000	0.000000	0.000000	0.000000	30.57834245000000	-96.35046337000000	200.00000000000000	1
120	0	3	16	0.000000	0.000000	0.000000	0.000000	30.57806977571428	-96.35061678750000	200.00000000000000	1
121	0	3	16	0.000000	0.000000	0.000000	0.000000	30.57780976142857	-96.35070207321428	200.00000000000000	1
122	0	3	16	0.000000	0.000000	0.000000	0.000000	30.57800386142857	-96.35052408750001	200.00000000000000	1
123	0	3	16	0.000000	0.000000	0.000000	0.000000	30.57830008142857	-96.35048014178571	200.00000000000000	1
124	0	3	16	0.000000	0.000000	0.000000	0.000000	30.57806579142857	-96.35061078500000	200.00000000000000	1
125	0	3	16	0.000000	0.000000	0.000000	0.000000	30.57784911285714	-96.35068185642857	200.00000000000000	1
126	0	3	16	0.000000	0.000000	0.000000	0.000000	30.57801086285714	-96.35053353500001	200.00000000000000	1
127	0	3	16	0.000000	0.000000	0.000000	0.000000	30.57825771285714	-96.35049691357142	200.00000000000000	1
128	0	3	16	0.000000	0.000000	0.000000	0.000000	30.57806180714285	-96.35060478250000	200.00000000000000	1
129	0	3	16	0.000000	0.000000	0.000000	0.000000	30.57788846428572	-96.35066163964285	200.00000000000000	1
130	0	3	16	0.000000	0.000000	0.000000	0.000000	30.57801786428571	-96.35054298250002	200.00000000000000	1
131	0	3	16	0.000000	0.000000	0.000000	0.000000	30.57821534428572	-96.35051368535713	200.00000000000000	1
132	0	3	16	0.000000	0.000000	0.000000	0.000000	30.57805782285714	-96.35059878000000	200.00000000000000	1
133	0	3	16	0.000000	0.000000	0.000000	0.000000	30.57792781571429	-96.35064142285714	200.00000000000000	1
134	0	3	16	0.000000	0.000000	0.000000	0.000000	30.57802486571428	-96.35055243000002	200.00000000000000	1
135	0	3	16	0.000000	0.000000	0.000000	0.000000	30.57817297571429	-96.35053045714284	200.00000000000000	1
136	0	3	16	0.000000	0.000000	0.000000	0.000000	30.57805383857142	-96.35059277750000	200.00000000000000	1
137	0	3	16	0.000000	0.000000	0.000000	0.000000	30.57796716714286	-96.35062120607142	200.00000000000000	1
138	0	3	16	0.000000	0.000000	0.000000	0.000000	30.57803186714285	-96.35056187750003	200.00000000000000	1
139	0	3	16	0.000000	0.000000	0.000000	0.000000	30.57813060714286	-96.35054722892855	200.00000000000000	1
140	0	3	16	0.000000	0.000000	0.000000	0.000000	30.57804985428571	-96.35058677500000	200.00000000000000	1
141	0	3	16	0.000000	0.000000	0.000000	0.000000	30.57800651857143	-96.35060098928571	200.00000000000000	1
142	0	3	16	0.000000	0.000000	0.000000	0.000000	30.57803886857143	-96.35057132500003	200.00000000000000	1
143	0	3	16	0.000000	0.000000	0.000000	0.000000	30.57808823857143	-96.35056400071426	200.00000000000000	1
144	0	3	16	0.000000	0.000000	0.000000	0.000000	30.57804586999999	-96.35058077250000	200.00000000000000	1
145	0	3	16	0.000000	0.000000	0.000000	0.000000	30.57799686000000	-96.35051464000000	200.00000000000000	1
146	0	3	16	0.000000	0.000000	0.000000	0.000000	30.57715260000000	-96.35043276000000	200.00000000000000	1
147	0	3	16	0.000000	0.000000	0.000000	0.000000	30.57834245000000	-96.35046337000000	200.00000000000000	1
148	0	3	16	0.000000	0.000000	0.000000	0.000000	30.57797311380952	-96.35050829952381	200.00000000000000	1
149	0	3	16	0.000000	0.000000	0.000000	0.000000	30.57724946238095	-96.35043811666667	200.00000000000000	1
150	0	3	16	0.000000	0.000000	0.000000	0.000000	30.57826933380952	-96.35046435380953	200.00000000000000	1
151	0	3	16	0.000000	0.000000	0.000000	0.000000	30.57794936761905	-96.35050195904762	200.00000000000000	1
152	0	3	16	0.000000	0.000000	0.000000	0.000000	30.57734632476191	-96.35044347333333	200.00000000000000	1
153	0	3	16	0.000000	0.000000	0.000000	0.000000	30.57819621761904	-96.35046533761906	200.00000000000000	1
154	0	3	16	0.000000	0.000000	0.000000	0.000000	30.57792562142857	-96.35049561857143	200.00000000000000	1
155	0	3	16	0.000000	0.000000	0.000000	0.000000	30.57744318714286	-96.35044882999999	200.00000000000000	1
156	0	3	16	0.000000	0.000000	0.000000	0.000000	30.57812310142857	-96.35046632142858	200.00000000000000	1
157	0	3	16	0.000000	0.000000	0.000000	0.000000	30.57790187523810	-96.35048927809524	200.00000000000000	1
158	0	3	16	0.000000	0.000000	0.000000	0.000000	30.57754004952382	-96.35045418666665	200.00000000000000	1
159	0	3	16	0.000000	0.000000	0.000000	0.000000	30.57804998523809	-96.35046730523811	200.00000000000000	1
160	0	3	16	0.000000	0.000000	0.000000	0.000000	30.57787812904762	-96.35048293761905	200.00000000000000	1
161	0	3	16	0.000000	0.000000	0.000000	0.000000	30.57763691190477	-96.35045954333332	200.00000000000000	1
162	0	3	16	0.000000	0.000000	0.000000	0.000000	30.57797686904761	-96.35046828904764	200.00000000000000	1
163	0	3	16	0.000000	0.000000	0.000000	0.000000	30.57785438285715	-96.35047659714286	200.00000000000000	1
164	0	3	16	0.000000	0.000000	0.000000	0.000000	30.57773377428572	-96.35046489999998	200.00000000000000	1
165	0	3	16	0.000000	0.000000	0.000000	0.000000	30.57790375285713	-96.35046927285717	200.00000000000000	1
166	0	3	16	0.000000	0.000000	0.000000	0.000000	30.57783063666667	-96.35047025666667	200.00000000000000	1
167	0	3	16	0.000000	0.000000	0.000000	0.000000	30.57799686000000	-96.35051464000000	200.00000000000000	1
168	0	3	16	0.000000	0.000000	0.000000	0.000000	30.57756654000000	-96.35071594999999	200.00000000000000	1
169	0	3	16	0.000000	0.000000	0.000000	0.000000	30.57715260000000	-96.35043276000000	200.00000000000000	1
170	0	3	16	0.000000	0.000000	0.000000	0.000000	30.57793616571428	-96.35052032714286	200.00000000000000	1
171	0	3	16	0.000000	0.000000	0.000000	0.000000	30.57756732000000	-96.35069287857142	200.00000000000000	1
172	0	3	16	0.000000	0.000000	0.000000	0.000000	30.57721251428572	-96.35045014428572	200.00000000000000	1
173	0	3	16	0.000000	0.000000	0.000000	0.000000	30.57787547142857	-96.35052601428572	200.00000000000000	1
174	0	3	16	0.000000	0.000000	0.000000	0.000000	30.57756810000000	-96.35066980714285	200.00000000000000	1
175	0	3	16	0.000000	0.000000	0.000000	0.000000	30.57727242857143	-96.35046752857143	200.00000000000000	1
176	0	3	16	0.000000	0.000000	0.000000	0.000000	30.57781477714286	-96.35053170142858	200.00000000000000	1
177	0	3	16	0.000000	0.000000	0.000000	0.000000	30.57756888000000	-96.35064673571428	200.00000000000000	1
178	0	3	16	0.000000	0.000000	0.000000	0.000000	30.57733234285714	-96.35048491285714	200.00000000000000	1
179	0	3	16	0.000000	0.000000	0.000000	0.000000	30.57775408285714	-96.35053738857144	200.00000000000000	1
180	0	3	16	0.000000	0.000000	0.000000	0.000000	30.57756966000000	-96.35062366428571	200.00000000000000	1
181	0	3	16	0.000000	0.000000	0.000000	0.000000	30.57739225714286	-96.35050229714285	200.00000000000000	1
182	0	3	16	0.000000	0.000000	0.000000	0.000000	30.57769338857143	-96.35054307571430	200.00000000000000	1
183	0	3	16	0.000000	0.000000	0.000000	0.000000	30.57757044000000	-96.35060059285713	200.00000000000000	1
184	0	3	16	0.000000	0.000000	0.000000	0.000000	30.57745217142857	-96.35051968142857	200.00000000000000	1
185	0	3	16	0.000000	0.000000	0.000000	0.000000	30.57763269428571	-96.35054876285716	200.00000000000000	1
186	0	3	16	0.000000	0.000000	0.000000	0.000000	30.57757122000000	-96.35057752142856	200.00000000000000	1
187	0	3	16	0.000000	0.000000	0.000000	0.000000	30.57751208571429	-96.35053706571428	200.00000000000000	1
188	0	3	16	0.000000	0.000000	0.000000	0.000000	30.57757200000000	-96.35055445000002	200.00000000000000	1
189	0	3	16	0.000000	0.000000	0.000000	0.000000	30.57756654000000	-96.35071594999999	200.00000000000000	1
190	0	3	16	0.000000	0.000000	0.000000	0.000000	30.57782107000000	-96.35098259999999	200.00000000000000	1
191	0	3	16	0.000000	0.000000	0.000000	0.000000	30.57715260000000	-96.35043276000000	200.00000000000000	1
192	0	3	16	0.000000	0.000000	0.000000	0.000000	30.57755894904762	-96.35071516238095	200.00000000000000	1
193	0	3	16	0.000000	0.000000	0.000000	0.000000	30.57777711761905	-96.35094371952380	200.00000000000000	1
194	0	3	16	0.000000	0.000000	0.000000	0.000000	30.57720414333333	-96.35047242809524	200.00000000000000	1
195	0	3	16	0.000000	0.000000	0.000000	0.000000	30.57755135809523	-96.35071437476191	200.00000000000000	1
196	0	3	16	0.000000	0.000000	0.000000	0.000000	30.57773316523809	-96.35090483904760	200.00000000000000	1
197	0	3	16	0.000000	0.000000	0.000000	0.000000	30.57725568666666	-96.35051209619049	200.00000000000000	1
198	0	3	16	0.000000	0.000000	0.000000	0.000000	30.57754376714285	-96.35071358714286	200.00000000000000	1
199	0	3	16	0.000000	0.000000	0.000000	0.000000	30.57768921285714	-96.35086595857140	200.00000000000000	1
200	0	3	16	0.000000	0.000000	0.000000	0.000000	30.57730723000000	-96.35055176428573	200.00000000000000	1
201	0	3	16	0.000000	0.000000	0.000000	0.000000	30.57753617619047	-96.35071279952382	200.00000000000000	1
202	0	3	16	0.000000	0.000000	0.000000	0.000000	30.57764526047619	-96.35082707809521	200.00000000000000	1
203	0	3	16	0.000000	0.000000	0.000000	0.000000	30.57735877333333	-96.35059143238097	200.00000000000000	1
204	0	3	16	0.000000	0.000000	0.000000	0.000000	30.57752858523809	-96.35071201190478	200.00000000000000	1
205	0	3	16	0.000000	0.000000	0.000000	0.000000	30.57760130809524	-96.35078819761901	200.00000000000000	1
206	0	3	16	0.000000	0.000000	0.000000	0.000000	30.57741031666666	-96.35063110047621	200.00000000000000	1
207	0	3	16	0.000000	0.000000	0.000000	0.000000	30.57752099428571	-96.35071122428573	200.00000000000000	1
208	0	3	16	0.000000	0.000000	0.000000	0.000000	30.57755735571428	-96.35074931714281	200.00000000000000	1
209	0	3	16	0.000000	0.000000	0.000000	0.000000	30.57746185999999	-96.35067076857145	200.00000000000000	1
210	0	3	16	0.000000	0.000000	0.000000	0.000000	30.57751340333332	-96.35071043666669	200.00000000000000	1
