QGC WPL 110
0	0	0	16	0.000000	0.000000	0.000000	0.000000	30.57780085000000	-96.35168770999999	200.00000000000000	1
1	0	3	16	0.000000	0.000000	0.000000	0.000000	30.57745432000000	-96.35187614000000	200.00000000000000	1
2	0	3	16	0.000000	0.000000	0.000000	0.000000	30.57746284000000	-96.35164512999999	200.00000000000000	1
3	0	3	16	0.000000	0.000000	0.000000	0.000000	30.57776825285714	-96.35169465523809	200.00000000000000	1
4	0	3	16	0.000000	0.000000	0.000000	0.000000	30.57747122714286	-96.35185616666666	200.00000000000000	1
5	0	3	16	0.000000	0.000000	0.000000	0.000000	30.57747853000000	-96.35165815809523	200.00000000000000	1
6	0	3	16	0.000000	0.000000	0.000000	0.000000	30.57773565571428	-96.35170160047619	200.00000000000000	1
7	0	3	16	0.000000	0.000000	0.000000	0.000000	30.57748813428572	-96.35183619333333	200.00000000000000	1
8	0	3	16	0.000000	0.000000	0.000000	0.000000	30.57749422000000	-96.35167118619047	200.00000000000000	1
9	0	3	16	0.000000	0.000000	0.000000	0.000000	30.57770305857142	-96.35170854571429	200.00000000000000	1
10	0	3	16	0.000000	0.000000	0.000000	0.000000	30.57750504142857	-96.35181621999999	200.00000000000000	1
11	0	3	16	0.000000	0.000000	0.000000	0.000000	30.57750991000000	-96.35168421428571	200.00000000000000	1
12	0	3	16	0.000000	0.000000	0.000000	0.000000	30.57767046142856	-96.35171549095239	200.00000000000000	1
13	0	3	16	0.000000	0.000000	0.000000	0.000000	30.57752194857143	-96.35179624666665	200.00000000000000	1
14	0	3	16	0.000000	0.000000	0.000000	0.000000	30.57752560000000	-96.35169724238095	200.00000000000000	1
15	0	3	16	0.000000	0.000000	0.000000	0.000000	30.57763786428571	-96.35172243619049	200.00000000000000	1
16	0	3	16	0.000000	0.000000	0.000000	0.000000	30.57753885571429	-96.35177627333331	200.00000000000000	1
17	0	3	16	0.000000	0.000000	0.000000	0.000000	30.57754129000001	-96.35171027047619	200.00000000000000	1
18	0	3	16	0.000000	0.000000	0.000000	0.000000	30.57760526714285	-96.35172938142858	200.00000000000000	1
19	0	3	16	0.000000	0.000000	0.000000	0.000000	30.57755576285714	-96.35175629999998	200.00000000000000	1
20	0	3	16	0.000000	0.000000	0.000000	0.000000	30.57755698000001	-96.35172329857143	200.00000000000000	1
21	0	3	16	0.000000	0.000000	0.000000	0.000000	30.57757266999999	-96.35173632666668	200.00000000000000	1
22	0	3	16	0.000000	0.000000	0.000000	0.000000	30.57746284000000	-96.35164512999999	200.00000000000000	1
23	0	3	16	0.000000	0.000000	0.000000	0.000000	30.57712584000000	-96.35137933999999	200.00000000000000	1
24	0	3	16	0.000000	0.000000	0.000000	0.000000	30.57780085000000	-96.35168770999999	200.00000000000000	1
25	0	3	16	0.000000	0.000000	0.000000	0.000000	30.57746288809524	-96.35163450095237	200.00000000000000	1
26	0	3	16	0.000000	0.000000	0.000000	0.000000	30.57717403095238	-96.35140668095238	200.00000000000000	1
27	0	3	16	0.000000	0.000000	0.000000	0.000000	30.57775261095238	-96.35167099809523	200.00000000000000	1
28	0	3	16	0.000000	0.000000	0.000000	0.000000	30.57746293619048	-96.35162387190475	200.00000000000000	1
29	0	3	16	0.000000	0.000000	0.000000	0.000000	30.57722222190476	-96.35143402190477	200.00000000000000	1
30	0	3	16	0.000000	0.000000	0.000000	0.000000	30.57770437190476	-96.35165428619047	200.00000000000000	1
31	0	3	16	0.000000	0.000000	0.000000	0.000000	30.57746298428571	-96.35161324285713	200.00000000000000	1
32	0	3	16	0.000000	0.000000	0.000000	0.000000	30.57727041285714	-96.35146136285715	200.00000000000000	1
33	0	3	16	0.000000	0.000000	0.000000	0.000000	30.57765613285714	-96.35163757428570	200.00000000000000	1
34	0	3	16	0.000000	0.000000	0.000000	0.000000	30.57746303238095	-96.35160261380950	200.00000000000000	1
35	0	3	16	0.000000	0.000000	0.000000	0.000000	30.57731860380952	-96.35148870380954	200.00000000000000	1
36	0	3	16	0.000000	0.000000	0.000000	0.000000	30.57760789380952	-96.35162086238094	200.00000000000000	1
37	0	3	16	0.000000	0.000000	0.000000	0.000000	30.57746308047619	-96.35159198476188	200.00000000000000	1
38	0	3	16	0.000000	0.000000	0.000000	0.000000	30.57736679476190	-96.35151604476192	200.00000000000000	1
39	0	3	16	0.000000	0.000000	0.000000	0.000000	30.57755965476191	-96.35160415047618	200.00000000000000	1
40	0	3	16	0.000000	0.000000	0.000000	0.000000	30.57746312857143	-96.35158135571426	200.00000000000000	1
41	0	3	16	0.000000	0.000000	0.000000	0.000000	30.57741498571428	-96.35154338571431	200.00000000000000	1
42	0	3	16	0.000000	0.000000	0.000000	0.000000	30.57751141571429	-96.35158743857141	200.00000000000000	1
43	0	3	16	0.000000	0.000000	0.000000	0.000000	30.57746317666667	-96.35157072666664	200.00000000000000	1
44	0	3	16	0.000000	0.000000	0.000000	0.000000	30.57746284000000	-96.35164512999999	200.00000000000000	1
45	0	3	16	0.000000	0.000000	0.000000	0.000000	30.57689638000000	-96.35186435000000	200.00000000000000	1
46	0	3	16	0.000000	0.000000	0.000000	0.000000	30.57712584000000	-96.35137933999999	200.00000000000000	1
47	0	3	16	0.000000	0.000000	0.000000	0.000000	30.57741981809524	-96.35164291238095	200.00000000000000	1
48	0	3	16	0.000000	0.000000	0.000000	0.000000	30.57693428095238	-96.35183081523809	200.00000000000000	1
49	0	3	16	0.000000	0.000000	0.000000	0.000000	30.57713096095238	-96.35141509238095	200.00000000000000	1
50	0	3	16	0.000000	0.000000	0.000000	0.000000	30.57737679619047	-96.35164069476191	200.00000000000000	1
51	0	3	16	0.000000	0.000000	0.000000	0.000000	30.57697218190476	-96.35179728047618	200.00000000000000	1
52	0	3	16	0.000000	0.000000	0.000000	0.000000	30.57713608190476	-96.35145084476190	200.00000000000000	1
53	0	3	16	0.000000	0.000000	0.000000	0.000000	30.57733377428571	-96.35163847714287	200.00000000000000	1
54	0	3	16	0.000000	0.000000	0.000000	0.000000	30.57701008285715	-96.35176374571427	200.00000000000000	1
55	0	3	16	0.000000	0.000000	0.000000	0.000000	30.57714120285714	-96.35148659714285	200.00000000000000	1
56	0	3	16	0.000000	0.000000	0.000000	0.000000	30.57729075238095	-96.35163625952383	200.00000000000000	1
57	0	3	16	0.000000	0.000000	0.000000	0.000000	30.57704798380953	-96.35173021095235	200.00000000000000	1
58	0	3	16	0.000000	0.000000	0.000000	0.000000	30.57714632380952	-96.35152234952380	200.00000000000000	1
59	0	3	16	0.000000	0.000000	0.000000	0.000000	30.57724773047619	-96.35163404190479	200.00000000000000	1
60	0	3	16	0.000000	0.000000	0.000000	0.000000	30.57708588476191	-96.35169667619044	200.00000000000000	1
61	0	3	16	0.000000	0.000000	0.000000	0.000000	30.57715144476190	-96.35155810190476	200.00000000000000	1
62	0	3	16	0.000000	0.000000	0.000000	0.000000	30.57720470857143	-96.35163182428575	200.00000000000000	1
63	0	3	16	0.000000	0.000000	0.000000	0.000000	30.57712378571429	-96.35166314142853	200.00000000000000	1
64	0	3	16	0.000000	0.000000	0.000000	0.000000	30.57715656571428	-96.35159385428571	200.00000000000000	1
65	0	3	16	0.000000	0.000000	0.000000	0.000000	30.57716168666666	-96.35162960666671	200.00000000000000	1
66	0	3	16	0.000000	0.000000	0.000000	0.000000	30.57712584000000	-96.35137933999999	200.00000000000000	1
67	0	3	16	0.000000	0.000000	0.000000	0.000000	30.57689638000000	-96.35186435000000	200.00000000000000	1
68	0	3	16	0.000000	0.000000	0.000000	0.000000	30.57658573000000	-96.35112954000000	200.00000000000000	1
69	0	3	16	0.000000	0.000000	0.000000	0.000000	30.57680015000000	-96.35084431000000	200.00000000000000	1
70	0	3	16	0.000000	0.000000	0.000000	0.000000	30.57708672357143	-96.35136863214285	200.00000000000000	1
71	0	3	16	0.000000	0.000000	0.000000	0.000000	30.57689004357143	-96.35178435500001	200.00000000000000	1
72	0	3	16	0.000000	0.000000	0.000000	0.000000	30.57662377214286	-96.35115451785714	200.00000000000000	1
73	0	3	16	0.000000	0.000000	0.000000	0.000000	30.57680756071429	-96.35091003500000	200.00000000000000	1
74	0	3	16	0.000000	0.000000	0.000000	0.000000	30.57704760714286	-96.35135792428571	200.00000000000000	1
75	0	3	16	0.000000	0.000000	0.000000	0.000000	30.57688370714285	-96.35170436000001	200.00000000000000	1
76	0	3	16	0.000000	0.000000	0.000000	0.000000	30.57666181428572	-96.35117949571428	200.00000000000000	1
77	0	3	16	0.000000	0.000000	0.000000	0.000000	30.57681497142857	-96.35097576000000	200.00000000000000	1
78	0	3	16	0.000000	0.000000	0.000000	0.000000	30.57700849071429	-96.35134721642856	200.00000000000000	1
79	0	3	16	0.000000	0.000000	0.000000	0.000000	30.57687737071428	-96.35162436500002	200.00000000000000	1
80	0	3	16	0.000000	0.000000	0.000000	0.000000	30.57669985642858	-96.35120447357141	200.00000000000000	1
81	0	3	16	0.000000	0.000000	0.000000	0.000000	30.57682238214286	-96.35104148500000	200.00000000000000	1
82	0	3	16	0.000000	0.000000	0.000000	0.000000	30.57696937428572	-96.35133650857142	200.00000000000000	1
83	0	3	16	0.000000	0.000000	0.000000	0.000000	30.57687103428571	-96.35154437000003	200.00000000000000	1
84	0	3	16	0.000000	0.000000	0.000000	0.000000	30.57673789857143	-96.35122945142855	200.00000000000000	1
85	0	3	16	0.000000	0.000000	0.000000	0.000000	30.57682979285714	-96.35110721000000	200.00000000000000	1
86	0	3	16	0.000000	0.000000	0.000000	0.000000	30.57693025785715	-96.35132580071428	200.00000000000000	1
87	0	3	16	0.000000	0.000000	0.000000	0.000000	30.57686469785714	-96.35146437500003	200.00000000000000	1
88	0	3	16	0.000000	0.000000	0.000000	0.000000	30.57677594071429	-96.35125442928569	200.00000000000000	1
89	0	3	16	0.000000	0.000000	0.000000	0.000000	30.57683720357143	-96.35117293499999	200.00000000000000	1
90	0	3	16	0.000000	0.000000	0.000000	0.000000	30.57689114142858	-96.35131509285713	200.00000000000000	1
91	0	3	16	0.000000	0.000000	0.000000	0.000000	30.57685836142856	-96.35138438000004	200.00000000000000	1
92	0	3	16	0.000000	0.000000	0.000000	0.000000	30.57681398285715	-96.35127940714283	200.00000000000000	1
93	0	3	16	0.000000	0.000000	0.000000	0.000000	30.57684461428572	-96.35123865999999	200.00000000000000	1
94	0	3	16	0.000000	0.000000	0.000000	0.000000	30.57685202500000	-96.35130438499999	200.00000000000000	1
95	0	3	16	0.000000	0.000000	0.000000	0.000000	30.57712584000000	-96.35137933999999	200.00000000000000	1
96	0	3	16	0.000000	0.000000	0.000000	0.000000	30.57680015000000	-96.35084431000000	200.00000000000000	1
97	0	3	16	0.000000	0.000000	0.000000	0.000000	30.57677942000000	-96.35077665000000	200.00000000000000	1
98	0	3	16	0.000000	0.000000	0.000000	0.000000	30.57738173000000	-96.35056636000000	200.00000000000000	1
99	0	3	16	0.000000	0.000000	0.000000	0.000000	30.57711097500000	-96.35130967214285	200.00000000000000	1
100	0	3	16	0.000000	0.000000	0.000000	0.000000	30.57683181214286	-96.35085107499999	200.00000000000000	1
101	0	3	16	0.000000	0.000000	0.000000	0.000000	30.57681404357143	-96.35079308071428	200.00000000000000	1
102	0	3	16	0.000000	0.000000	0.000000	0.000000	30.57733030928571	-96.35061283214286	200.00000000000000	1
103	0	3	16	0.000000	0.000000	0.000000	0.000000	30.57709611000000	-96.35124000428570	200.00000000000000	1
104	0	3	16	0.000000	0.000000	0.000000	0.000000	30.57686347428571	-96.35085783999999	200.00000000000000	1
105	0	3	16	0.000000	0.000000	0.000000	0.000000	30.57684866714286	-96.35080951142857	200.00000000000000	1
106	0	3	16	0.000000	0.000000	0.000000	0.000000	30.57727888857143	-96.35065930428571	200.00000000000000	1
107	0	3	16	0.000000	0.000000	0.000000	0.000000	30.57708124500000	-96.35117033642855	200.00000000000000	1
108	0	3	16	0.000000	0.000000	0.000000	0.000000	30.57689513642857	-96.35086460499998	200.00000000000000	1
109	0	3	16	0.000000	0.000000	0.000000	0.000000	30.57688329071429	-96.35082594214285	200.00000000000000	1
110	0	3	16	0.000000	0.000000	0.000000	0.000000	30.57722746785714	-96.35070577642857	200.00000000000000	1
111	0	3	16	0.000000	0.000000	0.000000	0.000000	30.57706638000000	-96.35110066857141	200.00000000000000	1
112	0	3	16	0.000000	0.000000	0.000000	0.000000	30.57692679857142	-96.35087136999998	200.00000000000000	1
113	0	3	16	0.000000	0.000000	0.000000	0.000000	30.57691791428572	-96.35084237285713	200.00000000000000	1
114	0	3	16	0.000000	0.000000	0.000000	0.000000	30.57717604714286	-96.35075224857142	200.00000000000000	1
115	0	3	16	0.000000	0.000000	0.000000	0.000000	30.57705151500000	-96.35103100071426	200.00000000000000	1
116	0	3	16	0.000000	0.000000	0.000000	0.000000	30.57695846071428	-96.35087813499997	200.00000000000000	1
117	0	3	16	0.000000	0.000000	0.000000	0.000000	30.57695253785715	-96.35085880357141	200.00000000000000	1
118	0	3	16	0.000000	0.000000	0.000000	0.000000	30.57712462642857	-96.35079872071428	200.00000000000000	1
119	0	3	16	0.000000	0.000000	0.000000	0.000000	30.57703665000000	-96.35096133285711	200.00000000000000	1
120	0	3	16	0.000000	0.000000	0.000000	0.000000	30.57699012285714	-96.35088489999997	200.00000000000000	1
121	0	3	16	0.000000	0.000000	0.000000	0.000000	30.57698716142858	-96.35087523428570	200.00000000000000	1
122	0	3	16	0.000000	0.000000	0.000000	0.000000	30.57707320571429	-96.35084519285714	200.00000000000000	1
123	0	3	16	0.000000	0.000000	0.000000	0.000000	30.57702178500000	-96.35089166499996	200.00000000000000	1
124	0	3	16	0.000000	0.000000	0.000000	0.000000	30.57738173000000	-96.35056636000000	200.00000000000000	1
125	0	3	16	0.000000	0.000000	0.000000	0.000000	30.57818198000000	-96.35099832000000	200.00000000000000	1
126	0	3	16	0.000000	0.000000	0.000000	0.000000	30.57841322000000	-96.35141852000000	200.00000000000000	1
127	0	3	16	0.000000	0.000000	0.000000	0.000000	30.57791560000000	-96.35156854000000	200.00000000000000	1
128	0	3	16	0.000000	0.000000	0.000000	0.000000	30.57712584000000	-96.35137933999999	200.00000000000000	1
129	0	3	16	0.000000	0.000000	0.000000	0.000000	30.57744200771429	-96.35065491085714	200.00000000000000	1
130	0	3	16	0.000000	0.000000	0.000000	0.000000	30.57812793628571	-96.35102516228572	200.00000000000000	1
131	0	3	16	0.000000	0.000000	0.000000	0.000000	30.57832614200000	-96.35138533371428	200.00000000000000	1
132	0	3	16	0.000000	0.000000	0.000000	0.000000	30.57789961057143	-96.35151392228572	200.00000000000000	1
133	0	3	16	0.000000	0.000000	0.000000	0.000000	30.57722267342857	-96.35135175085713	200.00000000000000	1
134	0	3	16	0.000000	0.000000	0.000000	0.000000	30.57750228542857	-96.35074346171429	200.00000000000000	1
135	0	3	16	0.000000	0.000000	0.000000	0.000000	30.57807389257143	-96.35105200457144	200.00000000000000	1
136	0	3	16	0.000000	0.000000	0.000000	0.000000	30.57823906400000	-96.35135214742856	200.00000000000000	1
137	0	3	16	0.000000	0.000000	0.000000	0.000000	30.57788362114286	-96.35145930457143	200.00000000000000	1
138	0	3	16	0.000000	0.000000	0.000000	0.000000	30.57731950685714	-96.35132416171427	200.00000000000000	1
139	0	3	16	0.000000	0.000000	0.000000	0.000000	30.57756256314286	-96.35083201257143	200.00000000000000	1
140	0	3	16	0.000000	0.000000	0.000000	0.000000	30.57801984885714	-96.35107884685716	200.00000000000000	1
141	0	3	16	0.000000	0.000000	0.000000	0.000000	30.57815198600000	-96.35131896114284	200.00000000000000	1
142	0	3	16	0.000000	0.000000	0.000000	0.000000	30.57786763171428	-96.35140468685715	200.00000000000000	1
143	0	3	16	0.000000	0.000000	0.000000	0.000000	30.57741634028572	-96.35129657257141	200.00000000000000	1
144	0	3	16	0.000000	0.000000	0.000000	0.000000	30.57762284085715	-96.35092056342857	200.00000000000000	1
145	0	3	16	0.000000	0.000000	0.000000	0.000000	30.57796580514286	-96.35110568914288	200.00000000000000	1
146	0	3	16	0.000000	0.000000	0.000000	0.000000	30.57806490800000	-96.35128577485712	200.00000000000000	1
147	0	3	16	0.000000	0.000000	0.000000	0.000000	30.57785164228571	-96.35135006914287	200.00000000000000	1
148	0	3	16	0.000000	0.000000	0.000000	0.000000	30.57751317371429	-96.35126898342855	200.00000000000000	1
149	0	3	16	0.000000	0.000000	0.000000	0.000000	30.57768311857143	-96.35100911428572	200.00000000000000	1
150	0	3	16	0.000000	0.000000	0.000000	0.000000	30.57791176142857	-96.35113253142860	200.00000000000000	1
151	0	3	16	0.000000	0.000000	0.000000	0.000000	30.57797783000000	-96.35125258857140	200.00000000000000	1
152	0	3	16	0.000000	0.000000	0.000000	0.000000	30.57783565285714	-96.35129545142858	200.00000000000000	1
153	0	3	16	0.000000	0.000000	0.000000	0.000000	30.57761000714286	-96.35124139428569	200.00000000000000	1
154	0	3	16	0.000000	0.000000	0.000000	0.000000	30.57774339628572	-96.35109766514286	200.00000000000000	1
155	0	3	16	0.000000	0.000000	0.000000	0.000000	30.57785771771428	-96.35115937371432	200.00000000000000	1
156	0	3	16	0.000000	0.000000	0.000000	0.000000	30.57789075200000	-96.35121940228568	200.00000000000000	1
157	0	3	16	0.000000	0.000000	0.000000	0.000000	30.57781966342857	-96.35124083371430	200.00000000000000	1
158	0	3	16	0.000000	0.000000	0.000000	0.000000	30.57770684057143	-96.35121380514283	200.00000000000000	1
159	0	3	16	0.000000	0.000000	0.000000	0.000000	30.57780367400001	-96.35118621600000	200.00000000000000	1
160	0	3	16	0.000000	0.000000	0.000000	0.000000	30.57818198000000	-96.35099832000000	200.00000000000000	1
161	0	3	16	0.000000	0.000000	0.000000	0.000000	30.57845974000000	-96.35113698000001	200.00000000000000	1
162	0	3	16	0.000000	0.000000	0.000000	0.000000	30.57841322000000	-96.35141852000000	200.00000000000000	1
163	0	3	16	0.000000	0.000000	0.000000	0.000000	30.57820621809524	-96.35102493238095	200.00000000000000	1
164	0	3	16	0.000000	0.000000	0.000000	0.000000	30.57844429809524	-96.35114378380953	200.00000000000000	1
165	0	3	16	0.000000	0.000000	0.000000	0.000000	30.57840442380952	-96.35138510380952	200.00000000000000	1
166	0	3	16	0.000000	0.000000	0.000000	0.000000	30.57823045619048	-96.35105154476190	200.00000000000000	1
167	0	3	16	0.000000	0.000000	0.000000	0.000000	30.57842885619048	-96.35115058761906	200.00000000000000	1
168	0	3	16	0.000000	0.000000	0.000000	0.000000	30.57839562761905	-96.35135168761904	200.00000000000000	1
169	0	3	16	0.000000	0.000000	0.000000	0.000000	30.57825469428572	-96.35107815714285	200.00000000000000	1
170	0	3	16	0.000000	0.000000	0.000000	0.000000	30.57841341428572	-96.35115739142859	200.00000000000000	1
171	0	3	16	0.000000	0.000000	0.000000	0.000000	30.57838683142857	-96.35131827142857	200.00000000000000	1
172	0	3	16	0.000000	0.000000	0.000000	0.000000	30.57827893238096	-96.35110476952380	200.00000000000000	1
173	0	3	16	0.000000	0.000000	0.000000	0.000000	30.57839797238096	-96.35116419523811	200.00000000000000	1
174	0	3	16	0.000000	0.000000	0.000000	0.000000	30.57837803523809	-96.35128485523809	200.00000000000000	1
175	0	3	16	0.000000	0.000000	0.000000	0.000000	30.57830317047620	-96.35113138190475	200.00000000000000	1
176	0	3	16	0.000000	0.000000	0.000000	0.000000	30.57838253047619	-96.35117099904764	200.00000000000000	1
177	0	3	16	0.000000	0.000000	0.000000	0.000000	30.57836923904761	-96.35125143904762	200.00000000000000	1
178	0	3	16	0.000000	0.000000	0.000000	0.000000	30.57832740857144	-96.35115799428570	200.00000000000000	1
179	0	3	16	0.000000	0.000000	0.000000	0.000000	30.57836708857143	-96.35117780285717	200.00000000000000	1
180	0	3	16	0.000000	0.000000	0.000000	0.000000	30.57836044285713	-96.35121802285714	200.00000000000000	1
181	0	3	16	0.000000	0.000000	0.000000	0.000000	30.57835164666668	-96.35118460666665	200.00000000000000	1
182	0	3	16	0.000000	0.000000	0.000000	0.000000	30.57845974000000	-96.35113698000001	200.00000000000000	1
183	0	3	16	0.000000	0.000000	0.000000	0.000000	30.57818198000000	-96.35099832000000	200.00000000000000	1
184	0	3	16	0.000000	0.000000	0.000000	0.000000	30.57730360000000	-96.35020907000001	200.00000000000000	1
185	0	3	16	0.000000	0.000000	0.000000	0.000000	30.57830028000000	-96.35049372000000	200.00000000000000	1
186	0	3	16	0.000000	0.000000	0.000000	0.000000	30.57840283428571	-96.35107591464286	200.00000000000000	1
187	0	3	16	0.000000	0.000000	0.000000	0.000000	30.57816475428572	-96.35095706321430	200.00000000000000	1
188	0	3	16	0.000000	0.000000	0.000000	0.000000	30.57741185714286	-96.35028056321430	200.00000000000000	1
189	0	3	16	0.000000	0.000000	0.000000	0.000000	30.57826615428571	-96.35052454892858	200.00000000000000	1
190	0	3	16	0.000000	0.000000	0.000000	0.000000	30.57834592857143	-96.35101484928572	200.00000000000000	1
191	0	3	16	0.000000	0.000000	0.000000	0.000000	30.57814752857143	-96.35091580642859	200.00000000000000	1
192	0	3	16	0.000000	0.000000	0.000000	0.000000	30.57752011428571	-96.35035205642859	200.00000000000000	1
193	0	3	16	0.000000	0.000000	0.000000	0.000000	30.57823202857143	-96.35055537785715	200.00000000000000	1
194	0	3	16	0.000000	0.000000	0.000000	0.000000	30.57828902285715	-96.35095378392857	200.00000000000000	1
195	0	3	16	0.000000	0.000000	0.000000	0.000000	30.57813030285715	-96.35087454964288	200.00000000000000	1
196	0	3	16	0.000000	0.000000	0.000000	0.000000	30.57762837142857	-96.35042354964288	200.00000000000000	1
197	0	3	16	0.000000	0.000000	0.000000	0.000000	30.57819790285714	-96.35058620678572	200.00000000000000	1
198	0	3	16	0.000000	0.000000	0.000000	0.000000	30.57823211714286	-96.35089271857143	200.00000000000000	1
199	0	3	16	0.000000	0.000000	0.000000	0.000000	30.57811307714286	-96.35083329285717	200.00000000000000	1
200	0	3	16	0.000000	0.000000	0.000000	0.000000	30.57773662857142	-96.35049504285718	200.00000000000000	1
201	0	3	16	0.000000	0.000000	0.000000	0.000000	30.57816377714285	-96.35061703571429	200.00000000000000	1
202	0	3	16	0.000000	0.000000	0.000000	0.000000	30.57817521142858	-96.35083165321429	200.00000000000000	1
203	0	3	16	0.000000	0.000000	0.000000	0.000000	30.57809585142858	-96.35079203607147	200.00000000000000	1
204	0	3	16	0.000000	0.000000	0.000000	0.000000	30.57784488571428	-96.35056653607147	200.00000000000000	1
205	0	3	16	0.000000	0.000000	0.000000	0.000000	30.57812965142857	-96.35064786464287	200.00000000000000	1
206	0	3	16	0.000000	0.000000	0.000000	0.000000	30.57811830571429	-96.35077058785714	200.00000000000000	1
207	0	3	16	0.000000	0.000000	0.000000	0.000000	30.57807862571429	-96.35075077928576	200.00000000000000	1
208	0	3	16	0.000000	0.000000	0.000000	0.000000	30.57795314285713	-96.35063802928576	200.00000000000000	1
209	0	3	16	0.000000	0.000000	0.000000	0.000000	30.57809552571428	-96.35067869357144	200.00000000000000	1
210	0	3	16	0.000000	0.000000	0.000000	0.000000	30.57806140000001	-96.35070952250000	200.00000000000000	1
