QGC WPL 110
0	0	0	16	0.000000	0.000000	0.000000	0.000000	30.57790356000000	-96.35114998000000	200.00000000000000	1
1	0	3	16	0.000000	0.000000	0.000000	0.000000	30.57834289000000	-96.35138803000000	200.00000000000000	1
2	0	3	16	0.000000	0.000000	0.000000	0.000000	30.57744464000000	-96.35199627999999	200.00000000000000	1
3	0	3	16	0.000000	0.000000	0.000000	0.000000	30.57790262714285	-96.35120161571429	200.00000000000000	1
4	0	3	16	0.000000	0.000000	0.000000	0.000000	30.57827919571428	-96.35140565857142	200.00000000000000	1
5	0	3	16	0.000000	0.000000	0.000000	0.000000	30.57750926714286	-96.35192701571428	200.00000000000000	1
6	0	3	16	0.000000	0.000000	0.000000	0.000000	30.57790169428571	-96.35125325142857	200.00000000000000	1
7	0	3	16	0.000000	0.000000	0.000000	0.000000	30.57821550142857	-96.35142328714285	200.00000000000000	1
8	0	3	16	0.000000	0.000000	0.000000	0.000000	30.57757389428572	-96.35185775142857	200.00000000000000	1
9	0	3	16	0.000000	0.000000	0.000000	0.000000	30.57790076142857	-96.35130488714286	200.00000000000000	1
10	0	3	16	0.000000	0.000000	0.000000	0.000000	30.57815180714286	-96.35144091571428	200.00000000000000	1
11	0	3	16	0.000000	0.000000	0.000000	0.000000	30.57763852142858	-96.35178848714285	200.00000000000000	1
12	0	3	16	0.000000	0.000000	0.000000	0.000000	30.57789982857142	-96.35135652285715	200.00000000000000	1
13	0	3	16	0.000000	0.000000	0.000000	0.000000	30.57808811285714	-96.35145854428571	200.00000000000000	1
14	0	3	16	0.000000	0.000000	0.000000	0.000000	30.57770314857143	-96.35171922285714	200.00000000000000	1
15	0	3	16	0.000000	0.000000	0.000000	0.000000	30.57789889571428	-96.35140815857143	200.00000000000000	1
16	0	3	16	0.000000	0.000000	0.000000	0.000000	30.57802441857143	-96.35147617285713	200.00000000000000	1
17	0	3	16	0.000000	0.000000	0.000000	0.000000	30.57776777571429	-96.35164995857143	200.00000000000000	1
18	0	3	16	0.000000	0.000000	0.000000	0.000000	30.57789796285713	-96.35145979428572	200.00000000000000	1
19	0	3	16	0.000000	0.000000	0.000000	0.000000	30.57796072428571	-96.35149380142856	200.00000000000000	1
20	0	3	16	0.000000	0.000000	0.000000	0.000000	30.57783240285715	-96.35158069428572	200.00000000000000	1
21	0	3	16	0.000000	0.000000	0.000000	0.000000	30.57789702999999	-96.35151143000000	200.00000000000000	1
22	0	3	16	0.000000	0.000000	0.000000	0.000000	30.57790356000000	-96.35114998000000	200.00000000000000	1
23	0	3	16	0.000000	0.000000	0.000000	0.000000	30.57744464000000	-96.35199627999999	200.00000000000000	1
24	0	3	16	0.000000	0.000000	0.000000	0.000000	30.57742411000000	-96.35148963000000	200.00000000000000	1
25	0	3	16	0.000000	0.000000	0.000000	0.000000	30.57798817000000	-96.35091473999999	200.00000000000000	1
26	0	3	16	0.000000	0.000000	0.000000	0.000000	30.57787306857143	-96.35118393392857	200.00000000000000	1
27	0	3	16	0.000000	0.000000	0.000000	0.000000	30.57747970857143	-96.35190933392856	200.00000000000000	1
28	0	3	16	0.000000	0.000000	0.000000	0.000000	30.57746211142857	-96.35147506250000	200.00000000000000	1
29	0	3	16	0.000000	0.000000	0.000000	0.000000	30.57794559142857	-96.35098229964285	200.00000000000000	1
30	0	3	16	0.000000	0.000000	0.000000	0.000000	30.57784257714286	-96.35121788785713	200.00000000000000	1
31	0	3	16	0.000000	0.000000	0.000000	0.000000	30.57751477714286	-96.35182238785713	200.00000000000000	1
32	0	3	16	0.000000	0.000000	0.000000	0.000000	30.57750011285714	-96.35146049500000	200.00000000000000	1
33	0	3	16	0.000000	0.000000	0.000000	0.000000	30.57790301285715	-96.35104985928571	200.00000000000000	1
34	0	3	16	0.000000	0.000000	0.000000	0.000000	30.57781208571429	-96.35125184178570	200.00000000000000	1
35	0	3	16	0.000000	0.000000	0.000000	0.000000	30.57754984571428	-96.35173544178569	200.00000000000000	1
36	0	3	16	0.000000	0.000000	0.000000	0.000000	30.57753811428571	-96.35144592750000	200.00000000000000	1
37	0	3	16	0.000000	0.000000	0.000000	0.000000	30.57786043428572	-96.35111741892857	200.00000000000000	1
38	0	3	16	0.000000	0.000000	0.000000	0.000000	30.57778159428571	-96.35128579571426	200.00000000000000	1
39	0	3	16	0.000000	0.000000	0.000000	0.000000	30.57758491428571	-96.35164849571426	200.00000000000000	1
40	0	3	16	0.000000	0.000000	0.000000	0.000000	30.57757611571428	-96.35143135999999	200.00000000000000	1
41	0	3	16	0.000000	0.000000	0.000000	0.000000	30.57781785571429	-96.35118497857142	200.00000000000000	1
42	0	3	16	0.000000	0.000000	0.000000	0.000000	30.57775110285714	-96.35131974964283	200.00000000000000	1
43	0	3	16	0.000000	0.000000	0.000000	0.000000	30.57761998285714	-96.35156154964282	200.00000000000000	1
44	0	3	16	0.000000	0.000000	0.000000	0.000000	30.57761411714285	-96.35141679249999	200.00000000000000	1
45	0	3	16	0.000000	0.000000	0.000000	0.000000	30.57777527714286	-96.35125253821428	200.00000000000000	1
46	0	3	16	0.000000	0.000000	0.000000	0.000000	30.57772061142857	-96.35135370357139	200.00000000000000	1
47	0	3	16	0.000000	0.000000	0.000000	0.000000	30.57765505142857	-96.35147460357139	200.00000000000000	1
48	0	3	16	0.000000	0.000000	0.000000	0.000000	30.57765211857143	-96.35140222499999	200.00000000000000	1
49	0	3	16	0.000000	0.000000	0.000000	0.000000	30.57773269857143	-96.35132009785714	200.00000000000000	1
50	0	3	16	0.000000	0.000000	0.000000	0.000000	30.57769012000000	-96.35138765749996	200.00000000000000	1
51	0	3	16	0.000000	0.000000	0.000000	0.000000	30.57742411000000	-96.35148963000000	200.00000000000000	1
52	0	3	16	0.000000	0.000000	0.000000	0.000000	30.57722232000000	-96.35147213000000	200.00000000000000	1
53	0	3	16	0.000000	0.000000	0.000000	0.000000	30.57743116000000	-96.35078720000000	200.00000000000000	1
54	0	3	16	0.000000	0.000000	0.000000	0.000000	30.57798817000000	-96.35091473999999	200.00000000000000	1
55	0	3	16	0.000000	0.000000	0.000000	0.000000	30.57743730000000	-96.35144338642857	200.00000000000000	1
56	0	3	16	0.000000	0.000000	0.000000	0.000000	30.57726433714286	-96.35142838642858	200.00000000000000	1
57	0	3	16	0.000000	0.000000	0.000000	0.000000	30.57744334285714	-96.35084130357143	200.00000000000000	1
58	0	3	16	0.000000	0.000000	0.000000	0.000000	30.57792078000000	-96.35095062357142	200.00000000000000	1
59	0	3	16	0.000000	0.000000	0.000000	0.000000	30.57745049000000	-96.35139714285714	200.00000000000000	1
60	0	3	16	0.000000	0.000000	0.000000	0.000000	30.57730635428571	-96.35138464285716	200.00000000000000	1
61	0	3	16	0.000000	0.000000	0.000000	0.000000	30.57745552571429	-96.35089540714286	200.00000000000000	1
62	0	3	16	0.000000	0.000000	0.000000	0.000000	30.57785339000000	-96.35098650714285	200.00000000000000	1
63	0	3	16	0.000000	0.000000	0.000000	0.000000	30.57746368000000	-96.35135089928571	200.00000000000000	1
64	0	3	16	0.000000	0.000000	0.000000	0.000000	30.57734837142857	-96.35134089928573	200.00000000000000	1
65	0	3	16	0.000000	0.000000	0.000000	0.000000	30.57746770857143	-96.35094951071429	200.00000000000000	1
66	0	3	16	0.000000	0.000000	0.000000	0.000000	30.57778600000000	-96.35102239071428	200.00000000000000	1
67	0	3	16	0.000000	0.000000	0.000000	0.000000	30.57747687000000	-96.35130465571427	200.00000000000000	1
68	0	3	16	0.000000	0.000000	0.000000	0.000000	30.57739038857143	-96.35129715571431	200.00000000000000	1
69	0	3	16	0.000000	0.000000	0.000000	0.000000	30.57747989142858	-96.35100361428572	200.00000000000000	1
70	0	3	16	0.000000	0.000000	0.000000	0.000000	30.57771860999999	-96.35105827428571	200.00000000000000	1
71	0	3	16	0.000000	0.000000	0.000000	0.000000	30.57749006000000	-96.35125841214284	200.00000000000000	1
72	0	3	16	0.000000	0.000000	0.000000	0.000000	30.57743240571428	-96.35125341214288	200.00000000000000	1
73	0	3	16	0.000000	0.000000	0.000000	0.000000	30.57749207428572	-96.35105771785715	200.00000000000000	1
74	0	3	16	0.000000	0.000000	0.000000	0.000000	30.57765121999999	-96.35109415785713	200.00000000000000	1
75	0	3	16	0.000000	0.000000	0.000000	0.000000	30.57750325000000	-96.35121216857141	200.00000000000000	1
76	0	3	16	0.000000	0.000000	0.000000	0.000000	30.57747442285714	-96.35120966857146	200.00000000000000	1
77	0	3	16	0.000000	0.000000	0.000000	0.000000	30.57750425714287	-96.35111182142857	200.00000000000000	1
78	0	3	16	0.000000	0.000000	0.000000	0.000000	30.57758382999999	-96.35113004142856	200.00000000000000	1
79	0	3	16	0.000000	0.000000	0.000000	0.000000	30.57751644000000	-96.35116592499998	200.00000000000000	1
80	0	3	16	0.000000	0.000000	0.000000	0.000000	30.57743116000000	-96.35078720000000	200.00000000000000	1
81	0	3	16	0.000000	0.000000	0.000000	0.000000	30.57714933000000	-96.35085973000000	200.00000000000000	1
82	0	3	16	0.000000	0.000000	0.000000	0.000000	30.57701968000000	-96.35013786000000	200.00000000000000	1
83	0	3	16	0.000000	0.000000	0.000000	0.000000	30.57739814523810	-96.35075973285714	200.00000000000000	1
84	0	3	16	0.000000	0.000000	0.000000	0.000000	30.57715657666667	-96.35082190142857	200.00000000000000	1
85	0	3	16	0.000000	0.000000	0.000000	0.000000	30.57704544809524	-96.35020315571428	200.00000000000000	1
86	0	3	16	0.000000	0.000000	0.000000	0.000000	30.57736513047619	-96.35073226571429	200.00000000000000	1
87	0	3	16	0.000000	0.000000	0.000000	0.000000	30.57716382333333	-96.35078407285715	200.00000000000000	1
88	0	3	16	0.000000	0.000000	0.000000	0.000000	30.57707121619048	-96.35026845142856	200.00000000000000	1
89	0	3	16	0.000000	0.000000	0.000000	0.000000	30.57733211571429	-96.35070479857143	200.00000000000000	1
90	0	3	16	0.000000	0.000000	0.000000	0.000000	30.57717107000000	-96.35074624428573	200.00000000000000	1
91	0	3	16	0.000000	0.000000	0.000000	0.000000	30.57709698428571	-96.35033374714284	200.00000000000000	1
92	0	3	16	0.000000	0.000000	0.000000	0.000000	30.57729910095238	-96.35067733142857	200.00000000000000	1
93	0	3	16	0.000000	0.000000	0.000000	0.000000	30.57717831666666	-96.35070841571431	200.00000000000000	1
94	0	3	16	0.000000	0.000000	0.000000	0.000000	30.57712275238095	-96.35039904285712	200.00000000000000	1
95	0	3	16	0.000000	0.000000	0.000000	0.000000	30.57726608619048	-96.35064986428571	200.00000000000000	1
96	0	3	16	0.000000	0.000000	0.000000	0.000000	30.57718556333333	-96.35067058714289	200.00000000000000	1
97	0	3	16	0.000000	0.000000	0.000000	0.000000	30.57714852047619	-96.35046433857140	200.00000000000000	1
98	0	3	16	0.000000	0.000000	0.000000	0.000000	30.57723307142858	-96.35062239714286	200.00000000000000	1
99	0	3	16	0.000000	0.000000	0.000000	0.000000	30.57719281000000	-96.35063275857146	200.00000000000000	1
100	0	3	16	0.000000	0.000000	0.000000	0.000000	30.57717428857143	-96.35052963428568	200.00000000000000	1
101	0	3	16	0.000000	0.000000	0.000000	0.000000	30.57720005666667	-96.35059493000000	200.00000000000000	1
102	0	3	16	0.000000	0.000000	0.000000	0.000000	30.57743116000000	-96.35078720000000	200.00000000000000	1
103	0	3	16	0.000000	0.000000	0.000000	0.000000	30.57701968000000	-96.35013786000000	200.00000000000000	1
104	0	3	16	0.000000	0.000000	0.000000	0.000000	30.57734055000000	-96.35013532000001	200.00000000000000	1
105	0	3	16	0.000000	0.000000	0.000000	0.000000	30.57798817000000	-96.35091473999999	200.00000000000000	1
106	0	3	16	0.000000	0.000000	0.000000	0.000000	30.57743312142857	-96.35074528285715	200.00000000000000	1
107	0	3	16	0.000000	0.000000	0.000000	0.000000	30.57708042428571	-96.35018870571429	200.00000000000000	1
108	0	3	16	0.000000	0.000000	0.000000	0.000000	30.57735545571429	-96.35018652857143	200.00000000000000	1
109	0	3	16	0.000000	0.000000	0.000000	0.000000	30.57791055857143	-96.35085460285714	200.00000000000000	1
110	0	3	16	0.000000	0.000000	0.000000	0.000000	30.57743508285715	-96.35070336571430	200.00000000000000	1
111	0	3	16	0.000000	0.000000	0.000000	0.000000	30.57714116857143	-96.35023955142857	200.00000000000000	1
112	0	3	16	0.000000	0.000000	0.000000	0.000000	30.57737036142857	-96.35023773714285	200.00000000000000	1
113	0	3	16	0.000000	0.000000	0.000000	0.000000	30.57783294714286	-96.35079446571429	200.00000000000000	1
114	0	3	16	0.000000	0.000000	0.000000	0.000000	30.57743704428572	-96.35066144857144	200.00000000000000	1
115	0	3	16	0.000000	0.000000	0.000000	0.000000	30.57720191285715	-96.35029039714286	200.00000000000000	1
116	0	3	16	0.000000	0.000000	0.000000	0.000000	30.57738526714286	-96.35028894571427	200.00000000000000	1
117	0	3	16	0.000000	0.000000	0.000000	0.000000	30.57775533571428	-96.35073432857143	200.00000000000000	1
118	0	3	16	0.000000	0.000000	0.000000	0.000000	30.57743900571429	-96.35061953142859	200.00000000000000	1
119	0	3	16	0.000000	0.000000	0.000000	0.000000	30.57726265714286	-96.35034124285714	200.00000000000000	1
120	0	3	16	0.000000	0.000000	0.000000	0.000000	30.57740017285715	-96.35034015428569	200.00000000000000	1
121	0	3	16	0.000000	0.000000	0.000000	0.000000	30.57767772428571	-96.35067419142858	200.00000000000000	1
122	0	3	16	0.000000	0.000000	0.000000	0.000000	30.57744096714287	-96.35057761428574	200.00000000000000	1
123	0	3	16	0.000000	0.000000	0.000000	0.000000	30.57732340142858	-96.35039208857143	200.00000000000000	1
124	0	3	16	0.000000	0.000000	0.000000	0.000000	30.57741507857144	-96.35039136285711	200.00000000000000	1
125	0	3	16	0.000000	0.000000	0.000000	0.000000	30.57760011285714	-96.35061405428573	200.00000000000000	1
126	0	3	16	0.000000	0.000000	0.000000	0.000000	30.57744292857144	-96.35053569714289	200.00000000000000	1
127	0	3	16	0.000000	0.000000	0.000000	0.000000	30.57738414571429	-96.35044293428571	200.00000000000000	1
128	0	3	16	0.000000	0.000000	0.000000	0.000000	30.57742998428573	-96.35044257142853	200.00000000000000	1
129	0	3	16	0.000000	0.000000	0.000000	0.000000	30.57752250142856	-96.35055391714288	200.00000000000000	1
130	0	3	16	0.000000	0.000000	0.000000	0.000000	30.57744489000001	-96.35049378000004	200.00000000000000	1
131	0	3	16	0.000000	0.000000	0.000000	0.000000	30.57734055000000	-96.35013532000001	200.00000000000000	1
132	0	3	16	0.000000	0.000000	0.000000	0.000000	30.57815198000000	-96.35037711000000	200.00000000000000	1
133	0	3	16	0.000000	0.000000	0.000000	0.000000	30.57840650000000	-96.35130991000000	200.00000000000000	1
134	0	3	16	0.000000	0.000000	0.000000	0.000000	30.57798817000000	-96.35091473999999	200.00000000000000	1
135	0	3	16	0.000000	0.000000	0.000000	0.000000	30.57743072857143	-96.35021374142858	200.00000000000000	1
136	0	3	16	0.000000	0.000000	0.000000	0.000000	30.57812624000000	-96.35042099000000	200.00000000000000	1
137	0	3	16	0.000000	0.000000	0.000000	0.000000	30.57834440000000	-96.35122053285714	200.00000000000000	1
138	0	3	16	0.000000	0.000000	0.000000	0.000000	30.57798583142857	-96.35088181571427	200.00000000000000	1
139	0	3	16	0.000000	0.000000	0.000000	0.000000	30.57752090714286	-96.35029216285714	200.00000000000000	1
140	0	3	16	0.000000	0.000000	0.000000	0.000000	30.57810050000000	-96.35046487000001	200.00000000000000	1
141	0	3	16	0.000000	0.000000	0.000000	0.000000	30.57828230000000	-96.35113115571428	200.00000000000000	1
142	0	3	16	0.000000	0.000000	0.000000	0.000000	30.57798349285715	-96.35084889142856	200.00000000000000	1
143	0	3	16	0.000000	0.000000	0.000000	0.000000	30.57761108571429	-96.35037058428571	200.00000000000000	1
144	0	3	16	0.000000	0.000000	0.000000	0.000000	30.57807476000000	-96.35050875000002	200.00000000000000	1
145	0	3	16	0.000000	0.000000	0.000000	0.000000	30.57822020000000	-96.35104177857143	200.00000000000000	1
146	0	3	16	0.000000	0.000000	0.000000	0.000000	30.57798115428572	-96.35081596714284	200.00000000000000	1
147	0	3	16	0.000000	0.000000	0.000000	0.000000	30.57770126428572	-96.35044900571428	200.00000000000000	1
148	0	3	16	0.000000	0.000000	0.000000	0.000000	30.57804901999999	-96.35055263000002	200.00000000000000	1
149	0	3	16	0.000000	0.000000	0.000000	0.000000	30.57815810000000	-96.35095240142857	200.00000000000000	1
150	0	3	16	0.000000	0.000000	0.000000	0.000000	30.57797881571429	-96.35078304285712	200.00000000000000	1
151	0	3	16	0.000000	0.000000	0.000000	0.000000	30.57779144285715	-96.35052742714285	200.00000000000000	1
152	0	3	16	0.000000	0.000000	0.000000	0.000000	30.57802327999999	-96.35059651000003	200.00000000000000	1
153	0	3	16	0.000000	0.000000	0.000000	0.000000	30.57809600000000	-96.35086302428572	200.00000000000000	1
154	0	3	16	0.000000	0.000000	0.000000	0.000000	30.57797647714287	-96.35075011857140	200.00000000000000	1
155	0	3	16	0.000000	0.000000	0.000000	0.000000	30.57788162142858	-96.35060584857142	200.00000000000000	1
156	0	3	16	0.000000	0.000000	0.000000	0.000000	30.57799753999999	-96.35064039000004	200.00000000000000	1
157	0	3	16	0.000000	0.000000	0.000000	0.000000	30.57803389999999	-96.35077364714286	200.00000000000000	1
158	0	3	16	0.000000	0.000000	0.000000	0.000000	30.57797413857144	-96.35071719428568	200.00000000000000	1
159	0	3	16	0.000000	0.000000	0.000000	0.000000	30.57797180000001	-96.35068426999999	200.00000000000000	1
160	0	3	16	0.000000	0.000000	0.000000	0.000000	30.57815198000000	-96.35037711000000	200.00000000000000	1
161	0	3	16	0.000000	0.000000	0.000000	0.000000	30.57818101000000	-96.35037466000000	200.00000000000000	1
162	0	3	16	0.000000	0.000000	0.000000	0.000000	30.57840650000000	-96.35130991000000	200.00000000000000	1
163	0	3	16	0.000000	0.000000	0.000000	0.000000	30.57816548238095	-96.35042141238095	200.00000000000000	1
164	0	3	16	0.000000	0.000000	0.000000	0.000000	30.57819036523810	-96.35041931238095	200.00000000000000	1
165	0	3	16	0.000000	0.000000	0.000000	0.000000	30.57838364238095	-96.35122095523809	200.00000000000000	1
166	0	3	16	0.000000	0.000000	0.000000	0.000000	30.57817898476191	-96.35046571476191	200.00000000000000	1
167	0	3	16	0.000000	0.000000	0.000000	0.000000	30.57819972047619	-96.35046396476190	200.00000000000000	1
168	0	3	16	0.000000	0.000000	0.000000	0.000000	30.57836078476191	-96.35113200047618	200.00000000000000	1
169	0	3	16	0.000000	0.000000	0.000000	0.000000	30.57819248714286	-96.35051001714287	200.00000000000000	1
170	0	3	16	0.000000	0.000000	0.000000	0.000000	30.57820907571429	-96.35050861714285	200.00000000000000	1
171	0	3	16	0.000000	0.000000	0.000000	0.000000	30.57833792714286	-96.35104304571428	200.00000000000000	1
172	0	3	16	0.000000	0.000000	0.000000	0.000000	30.57820598952381	-96.35055431952382	200.00000000000000	1
173	0	3	16	0.000000	0.000000	0.000000	0.000000	30.57821843095238	-96.35055326952380	200.00000000000000	1
174	0	3	16	0.000000	0.000000	0.000000	0.000000	30.57831506952381	-96.35095409095237	200.00000000000000	1
175	0	3	16	0.000000	0.000000	0.000000	0.000000	30.57821949190476	-96.35059862190478	200.00000000000000	1
176	0	3	16	0.000000	0.000000	0.000000	0.000000	30.57822778619048	-96.35059792190475	200.00000000000000	1
177	0	3	16	0.000000	0.000000	0.000000	0.000000	30.57829221190476	-96.35086513619046	200.00000000000000	1
178	0	3	16	0.000000	0.000000	0.000000	0.000000	30.57823299428571	-96.35064292428574	200.00000000000000	1
179	0	3	16	0.000000	0.000000	0.000000	0.000000	30.57823714142857	-96.35064257428570	200.00000000000000	1
180	0	3	16	0.000000	0.000000	0.000000	0.000000	30.57826935428572	-96.35077618142856	200.00000000000000	1
181	0	3	16	0.000000	0.000000	0.000000	0.000000	30.57824649666667	-96.35068722666669	200.00000000000000	1
182	0	3	16	0.000000	0.000000	0.000000	0.000000	30.57818101000000	-96.35037466000000	200.00000000000000	1
183	0	3	16	0.000000	0.000000	0.000000	0.000000	30.57849767000000	-96.35034222000000	200.00000000000000	1
184	0	3	16	0.000000	0.000000	0.000000	0.000000	30.57842746000000	-96.35118773000001	200.00000000000000	1
185	0	3	16	0.000000	0.000000	0.000000	0.000000	30.57840650000000	-96.35130991000000	200.00000000000000	1
186	0	3	16	0.000000	0.000000	0.000000	0.000000	30.57820917428571	-96.35043594142857	200.00000000000000	1
187	0	3	16	0.000000	0.000000	0.000000	0.000000	30.57848059714286	-96.35040813571429	200.00000000000000	1
188	0	3	16	0.000000	0.000000	0.000000	0.000000	30.57842041714286	-96.35113285857143	200.00000000000000	1
189	0	3	16	0.000000	0.000000	0.000000	0.000000	30.57840245142857	-96.35123758428571	200.00000000000000	1
190	0	3	16	0.000000	0.000000	0.000000	0.000000	30.57823733857143	-96.35049722285714	200.00000000000000	1
191	0	3	16	0.000000	0.000000	0.000000	0.000000	30.57846352428571	-96.35047405142858	200.00000000000000	1
192	0	3	16	0.000000	0.000000	0.000000	0.000000	30.57841337428572	-96.35107798714286	200.00000000000000	1
193	0	3	16	0.000000	0.000000	0.000000	0.000000	30.57839840285714	-96.35116525857143	200.00000000000000	1
194	0	3	16	0.000000	0.000000	0.000000	0.000000	30.57826550285714	-96.35055850428571	200.00000000000000	1
195	0	3	16	0.000000	0.000000	0.000000	0.000000	30.57844645142857	-96.35053996714286	200.00000000000000	1
196	0	3	16	0.000000	0.000000	0.000000	0.000000	30.57840633142857	-96.35102311571428	200.00000000000000	1
197	0	3	16	0.000000	0.000000	0.000000	0.000000	30.57839435428571	-96.35109293285714	200.00000000000000	1
198	0	3	16	0.000000	0.000000	0.000000	0.000000	30.57829366714285	-96.35061978571429	200.00000000000000	1
199	0	3	16	0.000000	0.000000	0.000000	0.000000	30.57842937857142	-96.35060588285715	200.00000000000000	1
200	0	3	16	0.000000	0.000000	0.000000	0.000000	30.57839928857143	-96.35096824428571	200.00000000000000	1
201	0	3	16	0.000000	0.000000	0.000000	0.000000	30.57839030571428	-96.35102060714286	200.00000000000000	1
202	0	3	16	0.000000	0.000000	0.000000	0.000000	30.57832183142856	-96.35068106714286	200.00000000000000	1
203	0	3	16	0.000000	0.000000	0.000000	0.000000	30.57841230571428	-96.35067179857144	200.00000000000000	1
204	0	3	16	0.000000	0.000000	0.000000	0.000000	30.57839224571429	-96.35091337285714	200.00000000000000	1
205	0	3	16	0.000000	0.000000	0.000000	0.000000	30.57838625714285	-96.35094828142857	200.00000000000000	1
206	0	3	16	0.000000	0.000000	0.000000	0.000000	30.57834999571428	-96.35074234857143	200.00000000000000	1
207	0	3	16	0.000000	0.000000	0.000000	0.000000	30.57839523285714	-96.35073771428573	200.00000000000000	1
208	0	3	16	0.000000	0.000000	0.000000	0.000000	30.57838520285715	-96.35085850142856	200.00000000000000	1
209	0	3	16	0.000000	0.000000	0.000000	0.000000	30.57838220857142	-96.35087595571429	200.00000000000000	1
210	0	3	16	0.000000	0.000000	0.000000	0.000000	30.57837815999999	-96.35080363000000	200.00000000000000	1
